Macs_IFN_B1a_Macs_IFN_y	Macs_IL_10	Macs_IL_4_Macs_IL_13	DCs_IFN_B1a	DCs_IFN_B1a_DCs_IFN_y	DCs_IL_10	Monos_IFN_B1a_Monos_IFN_y	Monos_IL_10	Monos_IL_4_Monos_IL_13	PMNs_IFN_B1a	PMNs_IFN_B1a_PMNs_IFN_y	PMNs_IL_4_PMNs_IL_13	P.value	Correlation	RMSE	sample
0	0.0125564664636985	0	0	0.375155138135562	0	0	0	0	0	0.612288395400739	0	0	0.726819136800802	0.690436161434542	Berry_London_Sample1
0	0.147834632156626	0.0560138851495321	0	0.155432830266406	0	0	0	0	0.0272491325077616	0.559580673963244	0.0538888459564301	0	0.653221034139956	0.769678012335822	Berry_London_Sample2
0.0017209435306234	0.0246956012163558	0	0	0.328390555171204	0.0465890279024207	0	0	0	0.170977968711337	0.427625903468059	0	0	0.764837795195974	0.642774614659603	Berry_London_Sample3
0.00984259715079067	0.0691091758969738	0.0296915834319593	0	0	0.186694769771232	0	0	0.140730392915525	0.117609920984005	0.415526698165352	0.030794861684162	0	0.73139203127708	0.685359177586068	Berry_London_Sample4
0	0.112513005618579	0.0627357172257543	0	0.112323123935197	0.0260563319083929	0	0	0.00929862970697129	0.300402291159686	0.205521234246053	0.171149666199366	0	0.593925030604235	0.802678201010742	Berry_London_Sample5
0.0121811581408084	0.0551097198666086	0.0317515824222982	0	0.0716903174327624	0.149948465492432	0	0	0.120911669764722	0.234600526985165	0.29811937949505	0.025687180400152	0	0.736241074297356	0.683380583743996	Berry_London_Sample6
0	0.0762657734255194	0.0520672866381678	0	0.0570479170261921	0.0536500498749624	0	0	0	0.106695309398153	0.654273663637005	0	0	0.76789408733567	0.646476405099551	Berry_London_Sample7
0	0.0219384968510388	0	0	0.520083759562856	0	0	0.0011860546085707	0	0.0860546537922435	0.370737035185291	0	0	0.666752477794229	0.743680981239938	Berry_London_Sample8
0	0.023581565045038	0.0237126617824414	0	0.171987499404328	0	0	0	0	0.490659967089387	0.290058306678806	0	0	0.704099750541839	0.711757940753362	Berry_London_Sample9
0	0.0231581936385033	0.0435160788882088	0	0.123524376324978	0.031064667459524	0	0	0	0.269918505280118	0.508818178408668	0	0	0.794710551491462	0.606460622581175	Berry_London_Sample10
0	0.116382789804645	0.0352231116731735	0	0.0143158816760264	0.0654632176532618	0	0	0	0.151867366743291	0.48679462073866	0.129953011710943	0	0.714596783117315	0.698963113865582	Berry_London_Sample11
0	0.0350721538086492	0.0137762037386355	0	0.32675566263257	0.0227520111515653	0	0	0	0.07043427838691	0.53120969028167	0	0	0.730041856783969	0.683565612551094	Berry_London_Sample12
0	0.0926497366317203	0.0749950052083126	0	0.0289274430540332	0.0535924285264472	0	0	0	0.315173248016206	0.297913424447762	0.136748714115519	0	0.653583201849329	0.7548064417858	Berry_London_Sample13
0	0.0232020549167845	0	0	0.520994004651541	0	0	0	0	0.030572035769479	0.415007093109968	0.0102248115522275	0	0.573790234554964	0.827319326004824	Berry_London_Sample14
0	0.00255131053380089	5.9397382056166e-05	0	0.585489999908142	0	0	0.00386129436450861	0	0.00280720246585312	0.405230795345639	0	0	0.644596796249639	0.763703793826631	Berry_London_Sample15
0	0.116092496086052	0.084833750711155	0	0.278201866171914	0	0.00531359955701223	0	0	0	0.452902740330319	0.062655547143547	0	0.527902410222537	0.869572895092262	Berry_London_Sample16
0	0.0249594478746888	0.0270372911079555	0	0.305228478415593	0	0	0	0	0.0434526548707734	0.599322127730989	0	0	0.730640676957161	0.686142917968111	Berry_London_Sample17
0	0.00601058176833353	0.134604112014895	0	0.356948838465846	0.00974100574546975	0	0	0.0145212619502635	0.258353763403095	0.207851214900892	0.0119692217512055	0	0.433140542897477	0.918595311809681	Berry_London_Sample18
0	0.0971087687567307	0.020963290774252	0	0.241571661610665	0.0142407312219684	0.01509089933527	0	0	0.231299249286647	0.136905413663632	0.242819985350835	0	0.567458055974395	0.820360481034	Berry_London_Sample19
0	0.0105678152983985	0.110241888863969	0	0.267239537211823	0.0174677413050805	0.0487936954029008	0.0131746587377495	0	0	0.532514663180079	0	0	0.727092891959102	0.684748088134638	Berry_London_Sample20
0.0195499117392541	0.0151183922910746	0	0	0.177691712678756	0.0623424618046395	0	0	0	0	0.725297521486276	0	0	0.816995640743885	0.579472145695972	Berry_London_Sample21
0	0.0562396465088985	0.0443598667136593	0	0.21662672066103	0.0769981070382391	0	0	0.10068664496798	0.111256280052252	0.378384569524928	0.0154481645330123	0	0.62813084535676	0.775623022665943	Berry_London_Sample22
0	0.0364162782716188	0.0610372217266542	0	0.118722444653558	0.00722558060926739	0	0	0	0.366284133190375	0.410314341548526	0	0	0.796023750847336	0.60382392541239	Berry_London_Sample23
0	0.127098087721122	0.0486349129773612	0	0.0459915903428096	0.0061824338130592	0	0	0.0251167814791609	0.192318924975055	0.335592578334562	0.219064690356869	0	0.595587898979891	0.803325191348256	Berry_London_Sample24
0	0.136445361795375	0.0731998367713653	0	0	0.0126265917634154	0	0	0.06186488229671	0.353239926258061	0.239478512075637	0.123144889039436	0	0.569399074587538	0.82476783476297	Berry_London_Sample25
0	0.0302346870985054	0.0527479607941256	0	0.526910542477972	0	0.0198573881975812	0	0	0.210939803028726	0.0745043304290401	0.0848052879740489	0	0.326269468265502	0.974240058762135	Berry_London_Sample26
0	0.0413097186147124	0	0	0.562841450373267	0	0	0	0	0	0.39584883101202	0	0	0.594872078037974	0.808608578871021	Berry_London_Sample27
0	0.0539131417880341	0	0	0.388745087655198	0.0522325204839028	0	0	0	0	0.505109250072865	0	0	0.614155326295569	0.797804693071919	Berry_London_Sample28
0	0.11232934315813	0.0934488761438689	0	0.000647419166661684	0	0	0	0.0181209973418084	0.255226972135772	0.407982458159375	0.112243933894384	0	0.661535050987633	0.751463950992391	Berry_London_Sample29
0	0.0771589451116496	0.107335670256895	0	0.0981486792478751	0.0696633518393852	0	0	0	0.0342300138305176	0.613463339713678	0	0	0.722783520982686	0.694193707358669	Berry_London_Sample30
0	0.118131601172638	0	0	0.169925064165024	0.0248142942765334	0	0	0.0563692043997956	0.29438468679489	0.24501705262892	0.0913580965621992	0	0.612402642279021	0.789353764492597	Berry_London_Sample31
0	0.000405858184228579	0.0548578890914705	0	0.541230709309519	0	0.0197513575321796	0.00318213574852698	0	0	0.380572050134075	0	0	0.639488622035207	0.766875394056148	Berry_London_Sample32
0	0.193748521576209	0.00315280758718619	0	0	0.0689405961821528	0.00733493124365609	0	0	0.264541859358767	0.327587319347067	0.134693964704962	0	0.587783309047293	0.819021635376131	Berry_London_Sample33
0.0138522506685686	0.0142635331480072	0.0140935499790214	0	0.338093646747476	0.00103065029559352	0	0.00453285644937583	0	0.129492195726525	0.484641316985432	0	0	0.703241359132981	0.712513837983308	Berry_London_Sample34
0	0.0107986285911279	0.0275799066520127	0	0.127156622362897	0.0145085208348363	0	0	0	0.53040856768509	0.289547753874037	0	0	0.7619595824282	0.646157929196485	Berry_London_Sample35
0	0	0	0	0.454107846204472	0	0.0132416874404016	0.0244507034403883	0	0	0.508199762914738	0	0	0.571485539297829	0.835312127087496	Berry_London_Sample36
0	0.0878978969970416	0	0	0.175800531880811	0	0	0	0	0.244643888438123	0.476320493487277	0.0153371891967476	0	0.719243248686668	0.699729267608111	Berry_London_Sample37
0	0.0816778874708316	0.0626658455340652	0	0	0.0576824203327783	0	0	0.230605991135623	0.0744865671578388	0.431815460534479	0.0610658278343841	0	0.67852033574135	0.734096781025204	Berry_London_Sample38
0	0.136421976616182	0.0579798866472768	0	0	0.00216891161470927	0	0	0	0.0709926199835661	0.564690737319337	0.167745867818929	0	0.730164388152638	0.683961197436407	Berry_London_Sample39
0	0.106950012766829	0.0276939956348394	0	0.11696507045556	0.0595130598101462	0	0	0	0	0.662480618743784	0.0263972425888409	0	0.718388775825402	0.704125860422638	Berry_London_Sample40
0	0	0.0618359244019098	0	0.312246688678775	0.018192413774412	0.00864171731409599	0	0	0.187384719073478	0.411698536757329	0	0	0.697025972481753	0.715440258362424	Berry_London_Sample41
0	0.0504420960379843	0.0474534671389647	0	0.0192510212746259	0.121706762384747	0	0	0.0523681567543259	0.0597410421156078	0.554065202773043	0.0949722515207015	0	0.656395956951177	0.754748653058567	Berry_London_Sample42
0.00180927268469658	0.0273098589689125	0	0	0.325236949061711	0.0249534274223634	0	0	0.00271387033060961	0	0.617976621531707	0	0	0.751925000747037	0.660609215214128	Berry_London_Sample43
0	0.133720760147046	0.0917604549806727	0	0.0636253389004072	0	0	0	0	0.324162885625736	0.206535561952342	0.180194998393796	0	0.606999971442901	0.793430044064858	Berry_London_Sample44
0	0.0272079466153533	0.0248328520638464	0	0.31982250496403	0	0	0	0	0.0617382626759833	0.566398433680787	0	0	0.763955782389042	0.644979301331544	Berry_London_Sample45
0.0016341702695344	0.0217491698185968	0	0	0.490150661426255	0.0156933916094964	0	0	0	0.0229859367075064	0.447786670168611	0	0	0.68488713478872	0.727487064654318	Berry_London_Sample46
0	0.0331234440847683	0.0394913183510678	0	0.131253520259473	0.0437728606441168	0	0	0	0.260012131052662	0.48186387699927	0.0104828486086429	0	0.808732779011792	0.587091978568615	Berry_London_Sample47
0	0.065202056027986	0	0	0.29550102235541	0.0530582728232391	0.0150084937654452	0	0	0	0.57123015502792	0	0	0.620318437948989	0.798756858771962	Berry_London_Sample48
0	0.128525273385296	0.0134070322717984	0	0.247385650916788	0.0369838481145753	0.0322143942328008	0	0	0.101863071418356	0.356281161363104	0.0833395682972819	0	0.511898741824014	0.876068509331209	Berry_London_Sample49
0.0190336595321484	0.0455071767480012	0.0265555967654803	0	0.0490496286511016	0.129636833659782	0	0	0.162214429767039	0.245934871430416	0.254036802193724	0.0680310012523077	0	0.680570921377522	0.736181415858205	Berry_London_Sample50
0	0	0.0498243728911367	0	0.32840609615835	0	0	0	0	0.437707877809923	0.18406165314059	0	0	0.704202756869652	0.707475257049127	Berry_London_Sample51
0	0.0348967315190979	0.0209475871964049	0	0.323775269137335	0.0404812392649052	0	0	0	0.176870778678524	0.403028394203733	0	0	0.709649717640136	0.702805622380053	Berry_London_Sample52
0	0.0473795198617216	0.0516585609137277	0	0.472806986169073	0	0.058408947668992	0.0176071509987366	0	0.0325936470294932	0.319545187358256	0	0	0.552142919278961	0.838544703192172	Berry_London_Sample53
0	0.00773763590119922	0.0120369981359037	0	0.666991888878695	0.0121871256782326	0.0210907093830657	0	0	0.117876525507976	0.162079116514928	0	0	0.428122121316263	0.919832425956477	Berry_London_Sample54
0	0.0452635715828599	0.0586285047503639	0	0.455518556503226	0	0.0408401626649314	0.0123033526619762	0	0.046596060899597	0.340849790937046	0	0	0.416273529454765	0.942099301165707	Berry_SouthAfrica_Sample1
0	0.0718033677869799	0	0	0.551375255538551	0	0	0	0	0.307710844846874	0.0691105318275956	0	0	0.409985718970575	0.937307163906268	Berry_SouthAfrica_Sample2
0	0.0543989720691378	0.0467500142498017	0	0.448461789811321	0	0	0	0	0.0333010111970119	0.417088212672728	0	0	0.61850961939151	0.789427762619033	Berry_SouthAfrica_Sample3
0	0.0113971184530805	0.00426110716561834	0	0.505869320002796	0	0	0	0.0140183284737429	0.215638851319351	0.248815274585411	0	0	0.697581978806284	0.71459042828408	Berry_SouthAfrica_Sample4
0	0.096583763413383	0	0	0.18953010338706	0	0	0	0	0.285035268503958	0.340210200490797	0.0886406642048021	0	0.685450195133519	0.727348743352658	Berry_SouthAfrica_Sample6
0	0.0726759324025976	0.0848928218826135	0	0.420088822262799	0	0.0507231480766269	0	0	0.136944313136547	0.234674962238817	0	0	0.493866786842602	0.88261056247503	Berry_SouthAfrica_Sample7
0	0.113806566516104	0	0	0.237584786791331	0.0216456658421756	0.000106885558979224	0	0	0	0.62685609529141	0	0	0.580879739480641	0.849954997437638	Berry_SouthAfrica_Sample8
0.0109863930359652	0.0360827313619456	0.0265689012991404	0	0.375285284474433	0.062578280595416	0.0147363666784264	0	0	0.183542461144983	0.290219581409691	0	0	0.516891621313986	0.867429188321299	Berry_SouthAfrica_Sample9
0	0.0659981026575097	0.0553958724941737	0	0.473698050774016	0	0.0394765151776452	0.00758387984347443	0	0	0.35784757905318	0	0	0.484856030096503	0.894744500557659	Berry_SouthAfrica_Sample10
0	0.0388612108068695	0.0177261267208024	0	0.28739993769098	0.0266847610504727	0.0051486706601002	0	0	0	0.624179293070775	0	0	0.700349655327448	0.720763741909776	Berry_SouthAfrica_Sample11
0	0.0798254347922486	0.00748920130059488	0	0.339365958978385	0	0	0	0	0.0187510722092279	0.554568332719544	0	0	0.697800403739201	0.721371105454732	Berry_SouthAfrica_Sample12
0	0.0857647164356241	0.0256406265350117	0	0.556396572651643	0	0.0553711830753376	0	0	0	0.276826901302383	0	0	0.483777480769508	0.893557458170488	Berry_SouthAfrica_Sample13
0	0	0.00341133056880398	0	0.568422465190752	0	0.0400908571774122	0	0	0	0.388075347063031	0	0	0.680733580772531	0.73005370933576	Berry_SouthAfrica_Sample14
0	0.0829507239115482	0.0260648864102693	0	0	0.0738622562271712	0	0	0	0.228538386221447	0.53153877889704	0.057044968332525	0	0.693803802196241	0.727797322736353	Berry_SouthAfrica_Sample15
0	0.0450289350582334	0	0	0.519420509427759	0.0530266771562765	0.0451821827640736	0	0	0.0880675588377352	0.249274136755922	0	0	0.428329988943189	0.926035931871031	Berry_SouthAfrica_Sample16
0	0.00229824805461973	0	0	0.498010495066545	0	0	0.000239803883620721	0	0.206310741904729	0.293140711090486	0	0	0.447301042223023	0.923097054686041	Berry_SouthAfrica_Sample17
0	0.0944815297497463	0.0431388608872038	0	0.298567498948888	0	0.0640580442114124	0.0178028002749436	0	0.0124851195532129	0.469466146374593	0	0	0.605579679018014	0.805477060885445	Berry_SouthAfrica_Sample18
0	0.0446316465629745	0.14503915475995	0	0.401916600281235	0	0.0535623596055163	0	0	0	0.354850238790324	0	0	0.441390183885416	0.922608174053165	Berry_SouthAfrica_Sample19
0	0.0472813430188928	0.0901199889448114	0	0.584054596957113	0	0.0450197272229084	0	0	0.0571759606799912	0.176348383176283	0	0	0.352856845549762	0.973326103237191	Berry_SouthAfrica_Sample20
0	0.0944868791209261	0.113843675330402	0	0.197889109080438	0.00523319169110672	0.0387859141628503	0	0	0.340352729325195	0.153637309251247	0.0557711920378348	0	0.480941633192122	0.88949572877747	Berry_SouthAfrica_Sample21
0	0.0781152187508957	0.0171049873742407	0	0.524982162689414	0	0.0305739897957139	0	0	0.0429751015553045	0.306248539834432	0	0	0.499024651104457	0.883730969600878	Berry_SouthAfrica_Sample22
0	0.096036316291043	0.00817561185496722	0	0.377443442028954	0	6.58482512705878e-05	0	0	0.00345239488085065	0.514826386692915	0	0	0.624736220190864	0.793285041775967	Berry_SouthAfrica_Sample23
0	0	0	0	0.645440156863523	0	0	0.00313787300823029	0	0.0702245600115624	0.281197410116684	0	0	0.594852605986899	0.803137545729485	Berry_SouthAfrica_Sample24
0	0.0329315557204456	0.0879701863892522	0	0.131455275687761	0.079768866836567	0	0	0.110476727422632	0.0811760305111042	0.476221357432238	0	0	0.638729121973384	0.767916970826065	Berry_SouthAfrica_Sample25
0	0.107271038162587	0	0	0.47205242437852	0.0290741222537132	0.0535898107502009	0	0	0.0133694655144437	0.301935513388935	0.0227076255516004	0	0.403276512699312	0.95367598254099	Berry_SouthAfrica_Sample26
0	0.0677537614593422	0.0564808515133637	0	0.312703014186696	0.0252409446492142	0.0084157737853566	0	0	0	0.529405654406028	0	0	0.537105987671997	0.869288277095638	Berry_SouthAfrica_Sample27
0	0.0757277117116248	0.0786588295860118	0	0.146711049896679	0	0	0	0	0	0.698902408805684	0	0	0.639691414360295	0.79677522781012	Berry_SouthAfrica_Sample28
0	0.0786092008605718	0.0400271864758967	0	0.536388151520058	0	0.0860520294566542	0	0	0	0.258923431686819	0	0	0.355780216878975	0.981403429509734	Berry_SouthAfrica_Sample29
0	0	0.0815979410261994	0	0.385808211472906	0	0.0103545881861502	0.00290514560621292	0	0.369830997316964	0.149503116391568	0	0	0.620414364493208	0.781605913237669	Berry_SouthAfrica_Sample30
0	0.0600991513045347	0.00627341274723005	0	0.418104108789042	0	0	0	0	0.28672823345907	0.228795093700123	0	0	0.515285045953604	0.871406689219219	Berry_SouthAfrica_Sample32
0	0.119232887802441	0.115779487095111	0	0.179624048605206	0.0663973924963044	0.0196646384379016	0	0	0.217694232567417	0.281607312995618	0	0	0.464020725192423	0.913386175141654	Berry_SouthAfrica_Sample33
0	0.0621587872786033	0	0	0.54112301619366	0.0422692476445181	0.0456928225239904	0	0	0.0188867508152884	0.28986937554394	0	0	0.419109825294343	0.93682647307821	Berry_SouthAfrica_Sample34
0.0365782538651339	0.0129755716906826	0.0579577376796383	0	0.0401404376547454	0.116571573210524	0	0	0.192789818328246	0.355068915911999	0.18402955255369	0.00388813910534001	0	0.658917132166662	0.753347232212437	Berry_SouthAfrica_Sample35
0	0.118094029506356	0	0	0.388984711910148	0	0	0	0.0408810704545672	0.143904266316987	0.27722966561558	0.0309062561963613	0	0.444483090554024	0.923180750582003	Berry_SouthAfrica_Sample36
0	0.0748495660507859	0	0	0.411830501843473	0.0334982498921522	0.0311092424432874	0	0	0	0.448712439770301	0	0	0.504701117130714	0.88871881135543	Berry_SouthAfrica_Sample37
0	0.0434134178438799	0.0776158920794581	0	0.5200296570405	0	0.0528666308706269	0	0	0.143467649350116	0.162606752815419	0	0	0.45400431457347	0.904511237196033	Berry_SouthAfrica_Sample38
0	0.0586996951246606	0.0331576894978491	0	0.456113015053659	0	0.00193817697740913	0.00512537330409925	0	0.118056940410608	0.326909109631715	0	0	0.4143605291422	0.948719632261442	Berry_SouthAfrica_Sample39
0.0178209214703465	0.0165349666183637	0.0333797232866581	0	0.304578074360531	0.147034145258599	0.0251701913409532	0	0	0.0723676264263382	0.38311435123821	0	0	0.574183640800416	0.821713396636795	Berry_SouthAfrica_Sample40
0	0.0356291723653933	0.0523341925279711	0	0.356158591422284	0	0.0432081344632553	0.0288601126214992	0	0	0.483809796599597	0	0	0.657784592998174	0.753914061933141	Berry_SouthAfrica_Sample41
0	0	0.0327257415222137	0	0.437012325870632	0	0.0308106774995529	0	0	0.250687126070087	0.248764129037515	0	0	0.695860889562297	0.715992645091989	Berry_SouthAfrica_Sample42
0	0.0704722697189269	0.0293616439050477	0	0.260216372948709	0.0286031927354324	0	0	0	0	0.599084723489607	0.0122617972022767	0	0.633270418524265	0.788905160143003	Berry_SouthAfrica_Sample43
0	0.0661167183226701	0.0322316499322317	0	0.306730425303563	0	0.0208519303164851	0.00813503577738962	0	0.156718565755152	0.409215674592508	0	0	0.669594792126153	0.744082008294417	Berry_SouthAfrica_Sample45
0.020202510774225	0.00613648512744266	0	0	0.447865185687084	0.0233462384923943	0	0	0	0.127491638671302	0.347377021033087	0.0275809202144655	0	0.558854556343189	0.836767477369282	Berry_SouthAfrica_Sample46
0	0.0118496041932952	0.0875737236095344	0	0.310494002113733	0	0	0.0249170853732027	0	0.179032949377872	0.386132635332363	0	0	0.661083847453696	0.749256707042497	Berry_SouthAfrica_Sample47
0	0	0.0727514488244033	0	0.44793374577576	0.00837340862446922	0	0	0	0.0821453377291447	0.388796059046223	0	0	0.579938947061921	0.819273068595216	Berry_SouthAfrica_Sample49
0	0	0.0222076771525651	0	0.510948396791412	0	0	0	0	0.0995802562822912	0.367263669773731	0	0	0.625938654711097	0.780211195192222	Berry_SouthAfrica_Sample50
0	0.0338994347334607	0.0365710428634493	0	0.434600381195508	0	0.0476565106020638	0.0309056432120073	0	0.176494071634486	0.239872915759025	0	0	0.557170479900405	0.832428162448915	Berry_SouthAfrica_Sample51
0	0.103650799758028	0.0353872359398602	0	0.0142502676548112	0.0995511618529875	0	0	0.129923469323023	0.236641581430818	0.328664236576661	0.0519312474638111	0	0.69686075568504	0.716356859526046	Leicester_non_progressor_longitudnal_only_Sample2
0	0.078803816017758	0.0285005602795491	0	0.0181542595312391	0.0790692486865368	0	0	0.187255935851268	0.342036718373197	0.240147565435452	0.0260318958249988	0	0.718852735243052	0.699872374583589	Leicester_non_progressor_longitudnal_only_Sample3
0	0.0681083304636052	0.0643592173566199	0	0.130365799389508	0.0810680777102143	0	0	0.111270655034011	0.246455842274637	0.298372077771405	0	0	0.67132016969392	0.738911722567684	Leicester_non_progressor_longitudnal_only_Sample4
0	0.122052492839379	0.0725426745043806	0	0.147478700579054	0.0381282902081916	0	0	0.149431148192483	0.174540762891459	0.268501379921653	0.0273245508633993	0	0.632448614060507	0.771834253228105	Leicester_non_progressor_longitudnal_only_Sample5
0	0.170366975961761	0.0433478189255325	0	0.075511764615668	0.0387592469311024	0	0	0.118912332756118	0.278133189779338	0.244673526909075	0.0302951441214057	0	0.610681975942039	0.791725307176172	Leicester_non_progressor_longitudnal_only_Sample6
0	0.117928777492945	0.0239402150658028	0	0.0668975805074633	0.0527255641518739	0	0	0.164296223953312	0.289258251415545	0.247329116776191	0.0376242706368678	0	0.630176628247921	0.77356801652021	Leicester_non_progressor_longitudnal_only_Sample7
0	0.0866583291298796	0.0501173823783321	0	0.0349161705472828	0.0896484664418177	0	0	0.145377737938785	0.259300256152431	0.316939129035149	0.0170425283763226	0	0.655273671849954	0.752657084823685	Leicester_non_progressor_longitudnal_only_Sample10
0	0.110448684948325	0.0231494548284348	0	0	0.116104623756014	0	0	0.148854819960471	0.16442041691786	0.342505639315972	0.0945163602729231	0	0.657902372062535	0.751320594359397	Leicester_non_progressor_longitudnal_only_Sample11
0.00895762146482306	0.0293780297466276	0.0560825009835891	0	0.173902504778537	0.0701507756105227	0	0	0.160873469592986	0.238528243896546	0.262126853926369	0	0	0.685653794549294	0.72972054516389	Leicester_non_progressor_longitudnal_only_Sample12
0	0.0305641784764132	0.0547155116283273	0	0.211217768588192	0.0492825324742163	0	0	0.183442870705246	0.23330721982168	0.237469918305925	0	0	0.654044736235988	0.756915740535906	Leicester_non_progressor_longitudnal_only_Sample13
0	0.128825725418972	0.00796324212056019	0	0	0.172667788952795	0	0	0.146625405599978	0.221951113957139	0.25317197816474	0.0687947457858161	0	0.651790886320222	0.757382124589991	Leicester_non_progressor_longitudnal_only_Sample14
0	0.0686529888595849	0.0218404408531307	0	0.234527432329169	0.027208119073947	0	0	0	0.130838461789086	0.516932557095083	0	0	0.833614223069928	0.554113240787654	Leicester_non_progressor_longitudnal_only_Sample15
0	0.0846245385177458	0.0468087116981126	0	0.295372013613588	0.0227412083756842	0	0	0.0570656756024953	0.161067257070356	0.332320595122018	0	0	0.663699195048728	0.745911376927409	Leicester_non_progressor_longitudnal_only_Sample16
0.0206462067016618	0.0346948497433273	0.0490035598670828	0	0.0834373528249127	0.0987975192197383	0	0	0.184040803651908	0.281748281975185	0.247631426016184	0	0	0.693867813454935	0.723217205836326	Leicester_non_progressor_longitudnal_only_Sample17
0.0177212320451847	0.0251443661021939	0.0664346966970009	0	0.123881943387458	0.080884325650848	0	0	0.159673992364267	0.233909174457	0.292350269296048	0	0	0.666780754906925	0.74403089287031	Leicester_non_progressor_longitudnal_only_Sample18
0.0280925612003412	0.0151343771706465	0.0550280813077866	0	0.119906463748292	0.0969128052543756	0	0	0.1083138085074	0.333629605866421	0.242982296944737	0	0	0.759594279299525	0.658993778714385	Leicester_non_progressor_longitudnal_only_Sample19
0	0.0496537148346448	0.0388724316228055	0	0.144728792192707	0.0697659768626538	0	0	0.15111941625198	0.386990019045996	0.145945022500795	0.0129246266884176	0	0.708370739617513	0.713036655321978	Leicester_non_progressor_longitudnal_only_Sample20
0	0.0809738244522092	0.0132329645011659	0	0	0.138813120702126	0	0	0.148775936836679	0.333260068914847	0.218918332342424	0.0660257522505493	0	0.68126861054709	0.733959775266794	Leicester_non_progressor_longitudnal_only_Sample21
0.00545812238805107	0.0340011422113316	0.0351158533537073	0	0.214971655585539	0.0546025291544734	0	0	0.174396998041339	0.300043173287678	0.181250988264643	0.000159537713236944	0	0.625989486497652	0.778226297229077	Leicester_non_progressor_longitudnal_only_Sample22
0	0.0586239402131744	0.0853665903643641	0	0.336747284710643	0.0121072567137927	0.00738580735766244	0	0	0.308383447461977	0.170097302442538	0.0212883707358477	0	0.462731571218754	0.902329368779096	Leicester_non_progressor_longitudnal_only_Sample23
0	0.0446355180008532	0.0598019025240297	0	0.397757833853173	0	0	0	0.0925851699202091	0.142781125279085	0.26243845042265	0	0	0.616914942497671	0.784099785239332	Leicester_non_progressor_longitudnal_only_Sample24
0.00990534198504642	0.0261171247065818	0.0552535724327257	0	0.160660089851758	0.0816425516397001	0	0	0.137942364282114	0.152180625320813	0.37629832978126	0	0	0.755507942647342	0.66177367860186	Leicester_non_progressor_longitudnal_only_Sample25
0	0.066775335015952	0.0528299645834107	0	0.217864111089911	0.0381013476648155	0	0	0.0582110116286563	0.238917482439854	0.3273007475774	0	0	0.767288326815733	0.644236296377061	Leicester_non_progressor_longitudnal_only_Sample26
0.0253973906654524	0.0194541868818609	0.0514724274294074	0	0.166770490610563	0.10559949628614	0	0	0.0939001412627208	0.241675348890174	0.295730517973681	0	0	0.743317704804136	0.673732838510372	Leicester_non_progressor_longitudnal_only_Sample27
0	0.0364422999371541	0.0254934173173465	0	0.201475448848277	0.115383197052066	0	0	0.0266206653256123	0.344804770483467	0.249780201036078	0	0	0.775670327846773	0.637598838872469	Leicester_non_progressor_longitudnal_only_Sample28
0.0452395931589773	0.00900773397673384	0.0414951286851159	0	0.0500122654266201	0.115300443426969	0	0	0.146397208412166	0.43450074101637	0.137509726019031	0.0205371598780169	0	0.655669631326246	0.75441275966191	Leicester_non_progressor_longitudnal_only_Sample29
0	0.0507575678452243	0.0619839391687387	0	0.0836852253232271	0.0909192903419828	0	0	0.135601563975984	0.360870005087572	0.216182408257271	0	0	0.737592667401622	0.682798183604739	Leicester_non_progressor_longitudnal_only_Sample30
0	0.119875631993549	0.0457565783898344	0	0.0296479724974176	0.10153047029087	0	0	0.0261327112383121	0.377197735203876	0.233093754943342	0.066765145442799	0	0.644762626241356	0.762569683332911	Leicester_non_progressor_longitudnal_only_Sample31
0.062153966024863	0.0579622411238629	0	0	0	0.169186799321708	0	0	0.152721746764717	0.423678080758073	0.0244820092396616	0.109815156767114	0	0.564475822081291	0.822899735443769	Leicester_non_progressor_longitudnal_only_Sample32
0.0146096780783656	0.0636857493964249	0.0130678788484175	0	0.0402875323096814	0.142263725177997	0	0	0.162685793429745	0.308478649807401	0.194756610056787	0.0601643828951812	0	0.579684573862278	0.811771895780283	Leicester_non_progressor_longitudnal_only_Sample33
0.0389331333369231	0.0192619541674468	0.0410122424512418	0	0.0704437301792231	0.108749909154837	0	0	0.151903566872682	0.376401896284713	0.17769721916682	0.0155963483861145	0	0.67389931425527	0.739466547890451	Leicester_non_progressor_longitudnal_only_Sample34
0	0.0810351690478398	0.0138148005366548	0	0.143982593961979	0.0453431468459038	0	0	0.0472640225473816	0.357723787233105	0.309725067927645	0.00111141189949198	0	0.753042879789063	0.656690288478157	Leicester_non_progressor_longitudnal_only_Sample35
0	0.122377621922903	0.0575638423611112	0	0.0394315042104005	0.033377823217312	0	0	0.0359767894165645	0.141123514217493	0.543005844638934	0.0271430600152823	0	0.764153489575118	0.645433365426908	Leicester_non_progressor_longitudnal_only_Sample36
0	0.0299977325350317	0.0663964221343247	0	0.0236219950523372	0.123273676753764	0	0	0.139843290925597	0.499685457698997	0.117181424899948	0	0	0.79451502325369	0.635465456783129	Leicester_non_progressor_longitudnal_only_Sample37
0.0239962734657269	0.0298087891529466	0.0621583541647419	0	0.0193199834149452	0.115083699834916	0	0	0.160452312553992	0.310051452828271	0.27912913458446	0	0	0.748037585981068	0.671434281158817	Leicester_non_progressor_longitudnal_only_Sample38
0.025499886914913	0.0204906079185225	0.0604090697833589	0	0.0718161705407016	0.118959270553971	0	0	0.14305891239909	0.296952347228074	0.262813734661368	0	0	0.756651825943003	0.665153628420902	Leicester_non_progressor_longitudnal_only_Sample39
0	0.0617127767563136	0.00194816722088052	0.0022255015918851	0	0.13922629497926	0	0	0.124024144307551	0.448373858010142	0.201247358342084	0.021241898791884	0	0.777738301059474	0.640526443830543	Leicester_non_progressor_longitudnal_only_Sample40
0	0.0963055047651772	0	0	0.119874837596659	0.0798787947185017	0	0	0.0774632787163911	0.484134450569091	0.14234313363418	0	0	0.698592858869037	0.713854605225987	Leicester_non_progressor_longitudnal_only_Sample41
0.0349374015355112	0	0	0	0.310137620347442	0.123752058612029	0.00501448135653908	0	0	0.316997987534034	0.209160450614444	0	0	0.777821823781375	0.636964410348395	Leicester_non_progressor_longitudnal_only_Sample42
0	0	0.105386323321524	0	0.154626130643031	0.12098039774929	0	0	0	0.452642965660135	0.166364182626021	0	0	0.667143655431068	0.742337680104273	Leicester_non_progressor_longitudnal_only_Sample43
0.0357108699829255	0	0	0	0.371712685788782	0.0743239576363517	0	0	0.000188974270570018	0.00231323360382771	0.515750278717544	0	0	0.847450802373365	0.539025219992286	Leicester_non_progressor_longitudnal_only_Sample44
0.0260141621080572	0	0.0116333517597792	0	0.337369754130513	0.0795295321418471	0.0139638582497405	0	0	0.289909684543887	0.241579657066176	0	0	0.822999813801592	0.585433099276784	Leicester_non_progressor_longitudnal_only_Sample45
0	0.0764688116188141	0.078496861171225	0	0.0787888433091117	0.0475963042431792	0	0	0	0.520942938963281	0.197706240694389	0	0	0.716577899713342	0.6952819754733	Leicester_non_progressor_longitudnal_only_Sample47
0.000258252400010308	0.0569101787087102	0.0584715223816669	0	0.138439340294964	0.0868321009709767	0	0	0.101985827379386	0.41099356049489	0.146109217369396	0	0	0.681274804062315	0.732333731930843	Leicester_non_progressor_longitudnal_only_Sample48
0.00896284848283682	0.0449648215588727	0.0311103387481554	0	0.0831138416283227	0.0948047988071226	0	0	0.143957571752174	0.570811641584828	0.0197152917355295	0.00255884570215849	0	0.630743416744079	0.77450588937413	Leicester_non_progressor_longitudnal_only_Sample49
0	0.0745528303278765	0.0525790905930069	0	0	0.122403940621914	0	0	0.184891222361613	0.32958781954692	0.235985096548669	0	0	0.705809697218151	0.712661841936227	Leicester_non_progressor_longitudnal_only_Sample50
0.00564580864151223	0.0331517144039243	0.0537911738997857	0	0.24364499930209	0.0851895045739281	0	0	0.108693392956424	0.286622729495057	0.183260676727279	0	0	0.448381614209902	0.902213007425987	Leicester_non_progressor_longitudnal_only_Sample51
0.0165771022631177	0.029596359591901	0.0255642512776806	0	0.214830227541595	0.0491024680505869	0	0	0.155034416979605	0.291494805194266	0.180400055465725	0.0374003136355239	0	0.557524628458291	0.827415519207061	Leicester_non_progressor_longitudnal_only_Sample52
0.0126727402039402	0.0520096393346904	0.0373522436311419	0	0.126064535056284	0.117913452750715	0	0	0.132958117533829	0.219833598643604	0.285439828810489	0.0157558440353068	0	0.525682565825019	0.852285095569024	Leicester_non_progressor_longitudnal_only_Sample53
0.000785049465459751	0.0484012859692578	0.0345895325105327	0	0.206775435636161	0.0408628463463393	0	0	0.154854580855988	0.281905249839844	0.198178950165304	0.0336470692111127	0	0.494960578680877	0.870433986712851	Leicester_non_progressor_longitudnal_only_Sample54
0	0.0442839649198447	0.0520472785595982	0	0.233257363470804	0.0642716657406476	0	0	0.157459587126874	0.218587828882083	0.230092311300148	0	0	0.429615952497284	0.913114017112525	Leicester_non_progressor_longitudnal_only_Sample55
0	0.051679064296324	0.0442221309996545	0	0.314888958051633	0.00923704765031308	0	0	0.144398071101524	0.297787785401955	0.129460073164919	0.0083268693336781	0	0.361874500877325	0.953257620859935	Leicester_non_progressor_longitudnal_only_Sample56
0.0475988160071501	0	0	0	0.28401623637113	0.110172716458801	0	0	0	0.237286980707164	0.320925250455755	0	0	0.841274148953434	0.555975166043216	Leicester_non_progressor_longitudnal_only_Sample57
0.00821625111585845	0	0.00652036737158569	0	0.540730081747164	0	0	0	0	0	0.444533299765392	0	0	0.776108985553831	0.631429679538352	Leicester_non_progressor_longitudnal_only_Sample58
0	0.0881430193215636	0.102664257432228	0	0.0137015887095424	0.084210999335179	0	0	0	0.29539613986316	0.405672234547096	0.0102117607912317	0	0.669613500212534	0.745574553197417	Leicester_non_progressor_longitudnal_only_Sample61
0	0.0868547134847272	0.0748646005981067	0	0.248658497627124	0.0323652522155655	0.0107258973218178	0	0	0.428413161670406	0.0653754533845131	0.0527424236977395	0	0.525472420585463	0.85382434630331	Leicester_non_progressor_longitudnal_only_Sample62
0	0.0850916141072413	0.0419899146760662	0	0.155989838634128	0.0563083902600782	0	0	0.181226205423306	0.28867129280269	0.19072274409649	0	0	0.628743691981171	0.775468593607246	Leicester_non_progressor_longitudnal_only_Sample63
0	0.119692423375958	0.038965114861319	0	0.0527584691213335	0.0587709957259887	0	0	0.144864683381851	0.347513267167354	0.189778126874676	0.0476569194915192	0	0.641980196937524	0.764211296119235	Leicester_non_progressor_longitudnal_only_Sample64
0	0.138027863545035	0.0167683020395944	0	0	0.107041850995329	0	0	0.12666977228396	0.259705688623607	0.304279843554021	0.047506678958455	0	0.643274980084472	0.7632084304134	Leicester_non_progressor_longitudnal_only_Sample65
0.00941003631850003	0.0373404810170066	0.0650534694955921	0	0.0796417943025555	0.124025142899605	0	0	0.111989585102963	0.295607930255677	0.276931560608101	0	0	0.685374574039633	0.727171457597588	Leicester_non_progressor_longitudnal_only_Sample66
0.0258844639823804	0.0193358032429375	0.069545779024456	0	0.00635584390322183	0.118277003994978	0	0	0.167448087247704	0.309712096075061	0.283440922529261	0	0	0.774038005049274	0.647395893517213	Leicester_non_progressor_longitudnal_only_Sample67
0	0.0745175652075173	0.0623732113857365	0	0.0780612797610252	0.0899788591992212	0	0	0.152057998990445	0.359905368901409	0.183105716554646	0	0	0.743507206872246	0.68050786779441	Leicester_non_progressor_longitudnal_only_Sample68
0.0201807150458167	0.0231028494729083	0.0668449485754446	0	0.0581289674686883	0.106054014170856	0	0	0.163479145344289	0.252013960653809	0.310195399268188	0	0	0.758410171584407	0.662399119296478	Leicester_non_progressor_longitudnal_only_Sample69
0	0.0968661048913019	0	0	0.157235968673689	0.0567294210522842	0	0	0.0540037702093255	0.202912525612035	0.415369213829511	0.0168829957318532	0	0.724852627682023	0.687311023590644	Leicester_non_progressor_longitudnal_only_Sample70
0	0.0563330792139999	0	0	0.226989483229315	0.0951483121569583	0	0	0.0286295090985332	0.147083122126361	0.445816494174832	0	0	0.754069604435753	0.655576525015528	Leicester_non_progressor_longitudnal_only_Sample71
0	0.06000974450365	0.0464316103443404	0	0.0842672516727652	0.0677638860146437	0	0	0.209693489704965	0.145066571929585	0.361749695719951	0.0250177501100995	0	0.713764423331336	0.704957711908886	Leicester_non_progressor_longitudnal_only_Sample72
0.0115981054036635	0.0173065244286219	0.04511204393944	0	0.203669239693484	0.0756686127609452	0	0	0.0628511895529077	0.193540818764172	0.390253465456766	0	0	0.740939496185044	0.670810412937472	Leicester_non_progressor_longitudnal_only_Sample73
0.0369869433318843	0.0326957434690823	0.0554930113168447	0	0	0.178059104775796	0	0	0.134069089161545	0.422723590499005	0.118257525258029	0.0217149921878146	0	0.553514916828977	0.830144850574402	Leicester_non_progressor_longitudnal_only_Sample77
0	0.104180987976773	0.0917492752039785	0	0.197614340436331	0	0	0	0.133101295181514	0.432314352194193	0.0410397490072099	0	0	0.488169960419009	0.876278612252841	Leicester_non_progressor_longitudnal_only_Sample78
0	0.0407300848528846	0.0324738696563462	0	0.417724909204576	0	0.00430045377868344	0	0	0.270713714390961	0.234056968116548	0	0	0.755709000584214	0.657269232336213	Leicester_non_progressor_longitudnal_only_Sample79
0	0.114011243286772	0.147671134195045	0	0.162008461919567	0	0	0	0.112700953718089	0.388846677625835	0.0747615292546918	0	0	0.462711978867849	0.896247355868257	Leicester_non_progressor_longitudnal_only_Sample80
0	0.0367554412063205	0.0785975594057441	0	0.0168577654801142	0.0679005109576967	0	0	0.139810827708243	0.4880871045153	0.171990790726582	0	0	0.676190341854059	0.73501031049114	Leicester_non_progressor_longitudnal_only_Sample81
0	0.123106310657769	0.0582839867745816	0	0.08748546883258	0.0634834607215325	0	0	0.130373627924477	0.172402995677912	0.36272674338507	0.00213740602607815	0	0.61338180049731	0.789611710969963	Leicester_non_progressor_longitudnal_only_Sample83
0	0.109196781384579	0.050385370991985	0	0.00221501875382644	0.0848440050636478	0	0	0.23056014483205	0.270637769134875	0.239732846358826	0.0124280634802111	0	0.611590552756592	0.788374961832374	Leicester_non_progressor_longitudnal_only_Sample84
0.00200659652809693	0.0385698593466632	0.065827571614592	0	0.149803480245671	0.0713338782814331	0	0	0.112764769015517	0.283751247803679	0.275942597164347	0	0	0.662912757484198	0.7462545172991	Leicester_non_progressor_longitudnal_only_Sample85
0	0.0761872723684389	0	0	0	0.108000034255389	0	0	0.150317486935975	0.320072391230702	0.225946199417271	0.119476615792224	0	0.703417184304856	0.716777496711185	Leicester_non_progressor_longitudnal_only_Sample86
0	0.119824534633231	0	0	0.291781239084356	0	0	0	0.058066400262828	0.232959945405553	0.209201213093714	0.0881666675203182	0	0.545107997376665	0.840847749997396	Leicester_non_progressor_longitudnal_only_Sample87
0	0.115863610935411	0.0151884882677872	0	0	0.146203794058785	0	0	0.144484131289389	0.277565629478356	0.242021244748414	0.0586731012218574	0	0.65498558973082	0.754288569341761	Leicester_non_progressor_longitudnal_only_Sample88
0	0.0238644673021893	0.017551326394672	0	0.239629156733781	0.0776311219666416	0.0228923997420996	0	0	0.408615395133958	0.209816132726658	0	0	0.826579918311445	0.578428685002302	Leicester_non_progressor_longitudnal_only_Sample92
0.018026836248668	0.0115828000081103	0.0446848214965498	0	0.192979735772399	0.0998719115822031	0	0	0.0713048187792065	0.288538432510343	0.27301064360252	0	0	0.796250492919165	0.619725954810526	Leicester_non_progressor_longitudnal_only_Sample93
0	0.0940667265876199	0	0	0.163760020124549	0	0	0	0	0.251451263917452	0.474433286609924	0.0162887027604548	0	0.787357281614545	0.616713246280487	Leicester_non_progressor_longitudnal_only_Sample94
0	0.0237304205221637	0.0309935370320849	0	0.145771139845473	0.0882838205934545	0	0	0.101890830014737	0.407774034844952	0.201556217147135	0	0	0.760805016699005	0.657590333130248	Leicester_non_progressor_longitudnal_only_Sample95
0.0266226650137734	0	0.00208607151667853	0	0.094199457755195	0.243389181047856	0	0	0	0.611119173473289	0.022583451193208	0	0	0.754540688652826	0.666075111937258	Leicester_non_progressor_longitudnal_only_Sample96
0	0.117438203077194	0.0201605006151352	0	0	0.036894171245328	0	0	0.0452546478074143	0.283524846484831	0.454710232188968	0.0420173985811294	0	0.764836974717823	0.643566767773841	Leicester_non_progressor_longitudnal_only_Sample97
0	0.0813106531870161	0.0750049367942	0	0.0603831001200232	0.0439559015813974	0	0	0	0.360481453739742	0.378863954577622	0	0	0.761675640356356	0.64677362328146	Leicester_non_progressor_longitudnal_only_Sample98
0	0.0629492963398012	0.0693767382626805	0	0	0.111108567528827	0	0	0	0.512244472160789	0.195943931367245	0.0483769943406567	0	0.775248214561167	0.635030129760588	Leicester_non_progressor_longitudnal_only_Sample99
0	0.0365493819726228	0.070641301130397	0	0.0446459814858548	0.117999690506058	0	0	0	0.232443867169473	0.497719777735594	0	0	0.808709406745391	0.587842226653729	Leicester_non_progressor_longitudnal_only_Sample100
0	0.0943363540840538	0.0455692074295457	0	0	0.0767129269547742	0	0	0.0161772192724235	0.538576987632194	0.180955858289955	0.0476714463370537	0	0.760362383334493	0.649921256836862	Leicester_non_progressor_longitudnal_only_Sample101
0	0.0309764393175224	0.100845558906272	0	0	0.0899209889696201	0	0	0	0.770321717696476	0	0.00793529511010925	0	0.797610453953667	0.612611756989545	Leicester_non_progressor_longitudnal_only_Sample102
0	0.0813309519476384	0.0241569996325147	0	0.0254530243281168	0.0623430368961358	0	0	0.0217081430320735	0.64146459487764	0.134414226196769	0.00912902308911219	0	0.769347989047743	0.63821063319667	Leicester_non_progressor_longitudnal_only_Sample103
0	0.0867908826230516	0.0510728005526854	0	0	0.126564395689742	0	0	0.0136634768510017	0.570896902973451	0.0890663340653812	0.0619452072446872	0	0.767717597190297	0.649077660153291	Leicester_non_progressor_longitudnal_only_Sample104
0.0495536211625462	0.0456046369414145	0.0129849029704633	0	0	0.157496354800112	0	0	0.182032685224348	0.318170965049432	0.184277921123741	0.0498789127279431	0	0.639451572510393	0.76847178244399	Leicester_non_progressor_longitudnal_only_Sample107
0.0147333185545795	0.044592697360496	0.0270566927244009	0	0	0.197666637363103	0	0	0.135731414107082	0.341276417956746	0.184888948735557	0.0540538731980354	0	0.669916766744891	0.745718925457101	Leicester_non_progressor_longitudnal_only_Sample108
0.00828852541218645	0.067519447976479	0.0139101152535768	0	0	0.160621409262967	0	0	0.184102003987391	0.269012515628305	0.232196156375063	0.0643498261040322	0	0.693914923147554	0.727714266663354	Leicester_non_progressor_longitudnal_only_Sample109
0	0.137006439688455	0	0	0	0.174314759669781	0	0	0.148634476727284	0.124729590261795	0.306729466432048	0.108585267220638	0	0.639077201980852	0.767504003530745	Leicester_non_progressor_longitudnal_only_Sample110
0.0115806223206514	0.0631372018918561	0.0152003656106552	0	0.104738680246564	0.106328597837465	0	0	0.116336427724066	0.47007229512781	0.0652542233564591	0.0473515858844738	0	0.572627991605235	0.81678885947535	Leicester_non_progressor_longitudnal_only_Sample111
0	0.0691761075777436	0	0	0.460284967888021	0	0	0	0	0.10970130650453	0.360837618029706	0	0	0.729303415282929	0.68265023464129	Leicester_non_progressor_longitudnal_only_Sample112
0	0.035026604395727	0.0199650695033046	0	0.263470076332734	0.135656740389184	0	0	0	0.278250145449428	0.267631363929622	0	0	0.718799493293708	0.694651773155567	Leicester_non_progressor_longitudnal_only_Sample113
0	0.053145281461848	0.019475466418523	0	0.154132406194476	0.120445494818821	0	0	0	0.341831925526977	0.310969425579355	0	0	0.730822230021743	0.680634470434071	Leicester_non_progressor_longitudnal_only_Sample114
0.0399202593698733	0.0154321866680502	0.0186133914081279	0	0.150304253512009	0.175639887869805	0	0	0.0834177667566955	0.41202698605813	0.0925249226834091	0.0121203456739003	0	0.59608840459927	0.79996594567748	Leicester_non_progressor_longitudnal_only_Sample115
0.0471909705277023	0.0236793318236927	0.0205359335400335	0	0.086966961894457	0.1113000131618	0	0	0.160001976198042	0.365969111728666	0.180931251756617	0.00342444936898946	0	0.643956596299885	0.76297880739179	Leicester_non_progressor_longitudnal_only_Sample116
0.031086524200827	0.0176841122050711	0.0744732344261908	0	0.101585442657412	0.137120694474929	0	0	0.114140093555615	0.370150330444886	0.153759568035069	0	0	0.59442592801124	0.801128848506161	Leicester_non_progressor_longitudnal_only_Sample117
0.0180125428538545	0.0158579617679988	0.0832249477080595	0	0.112424024660708	0.0834103916301566	0	0	0.103939327096088	0.376785484004553	0.191797323802004	0.014547996476578	0	0.604949886453063	0.793334089598619	Leicester_non_progressor_longitudnal_only_Sample118
0	0.0601907256363136	0.0620795786206462	0	0.270588681960779	0.0238584191992308	0	0	0.0946263325812245	0	0.488656262001806	0	0	0.654997378839914	0.754391374292656	Leicester_non_progressor_longitudnal_only_Sample120
0	0.0347690564476662	0.0730455773219148	0	0.224524027001713	0.0648855589748601	0	0	0.080651508721619	0.140252397196373	0.381871874335854	0	0	0.675400449824991	0.734868608308542	Leicester_non_progressor_longitudnal_only_Sample121
0	0.0116694963390301	0.0656100870436696	0	0.338438338937298	0.045627258468394	0.0153113054045435	0	0	0.31132792147505	0.212015592332015	0	0	0.728243717195702	0.686790096085621	Leicester_non_progressor_longitudnal_only_Sample122
0	0.0294352744923065	0	0	0.317438524703783	0.0330413767249976	0.010732381789973	0	0	0.26939538944375	0.33995705284519	0	0	0.839195851861148	0.553617573086482	Leicester_non_progressor_longitudnal_only_Sample123
0	0.00530260744756287	0.0773345872655352	0	0.497621863188831	0	0.0118996028634772	0	0	0.0491942278495456	0.358647111385048	0	0	0.647813662016987	0.759507235709933	Leicester_non_progressor_longitudnal_only_Sample125
0	0.0667323554527908	0.0438084289139091	0	0.443066724307631	0	0	0	0	0.0849253458720719	0.361467145453597	0	0	0.665255428705713	0.74561221845179	Leicester_non_progressor_longitudnal_only_Sample126
0	0.0467992478158512	0.0512104429256118	0	0.405218502854292	0	0	0	0	0	0.496771806404245	0	0	0.769659104106624	0.637893176104722	Leicester_non_progressor_longitudnal_only_Sample127
0	0.0252152358927419	0.161197642056234	0	0.111116255570558	0.0600963570143498	0	0	0.104709916161193	0.236364648195099	0.301299945109824	0	0	0.707212222860397	0.708971862985019	Leicester_non_progressor_longitudnal_only_Sample129
0.0211286950757386	0.0148970461023543	0.103742947506828	0	0.0656186964934445	0.113813399293017	0	0	0.135863228793413	0.280322764627975	0.26461322210723	0	0	0.690515789562087	0.724873539113903	Leicester_non_progressor_longitudnal_only_Sample130
0	0.0414272412734495	0.0911869848174056	0	0.15125273931085	0.0641474442497462	0	0	0.121364058439226	0.178215902236964	0.352405629672359	0	0	0.666684803028009	0.742908613520536	Leicester_non_progressor_longitudnal_only_Sample131
0.0210198381917517	0	0.100940618045121	0	0.133968757074938	0.158583905099039	0	0	0.0550755930800642	0.418126424706842	0.112284863802246	0	0	0.656720461741189	0.754145896830978	Leicester_non_progressor_longitudnal_only_Sample132
0	0.10721252658407	0.0589568876460131	0	0	0.115025021032657	0	0	0.163073499270675	0.184119494600153	0.371612570866432	0	0	0.616154296128548	0.785743624241062	Leicester_non_progressor_longitudnal_only_Sample133
0	0.00772127832012764	0.0805349958210079	0	0.383882675924808	0	0.010711766670108	0	0	0.174184105362397	0.342965177901552	0	0	0.809937431431895	0.596447475106856	Leicester_non_progressor_longitudnal_only_Sample134
0.0468028955886572	0.017432585654633	0.0555440489031409	0	0.0369556355051088	0.171351079394143	0	0	0.133138667925189	0.343282587777808	0.19549249925132	0	0	0.639951778067888	0.766442400247342	Leicester_non_progressor_longitudnal_only_Sample135
0.00643629692191912	0.0618461683684839	0.03275627453744	0	0.0296793955908487	0.128905421234162	0	0	0.151581425389251	0.278356892683592	0.297999066604946	0.012439058669357	0	0.687152361912374	0.725794538684256	Leicester_non_progressor_longitudnal_only_Sample136
0.0154435887841981	0.03738498120516	0.0337334411560632	0	0.00843211847126504	0.165188521934561	0	0	0.165267077017244	0.214691763173492	0.283134744729871	0.0767237635281451	0	0.655856398693483	0.756105667732456	Leicester_non_progressor_longitudnal_only_Sample137
0	0.0751980317971956	0.0902141823645825	0	0	0.141662425973807	0	0	0	0.256266543884042	0.436658815980373	0	0	0.79448961032695	0.608045396177024	Leicester_non_progressor_longitudnal_only_Sample140
0	0.103174013113414	0.0430786713420413	0	0	0.100586868128532	0	0	0.0309382252396881	0.457130984316705	0.222259077446867	0.0428321604127522	0	0.753704982104839	0.657986082113694	Leicester_non_progressor_longitudnal_only_Sample141
0	0.123619956611484	0.0448389246594154	0	0	0.100740115934246	0	0	0.0336997147660248	0.422916835886787	0.218166898513645	0.0560175536283973	0	0.718747259746055	0.694090114271068	Leicester_non_progressor_longitudnal_only_Sample142
0	0.0691790158615783	0.118171787710213	0	0	0.0932682105846545	0	0	0.0386367342279707	0.398241083125604	0.281310780740663	0.00119238774931655	0	0.753080907562435	0.65824343159489	Leicester_non_progressor_longitudnal_only_Sample143
0.0110601692146421	0	0.0539793218940884	0	0.411922023778219	0.0218697004181032	0.000947852931459773	0	0	0.191347280755671	0.308873651007817	0	0	0.772273479474717	0.639424211368382	Leicester_non_progressor_longitudnal_only_Sample144
0.00314477208950312	0.0517751741698013	0.0564861218476219	0	0.115019037760223	0.121810940101383	0	0	0.145883877195037	0.33719353284253	0.123612482448006	0.0450740615458949	0	0.625558230865388	0.780936919037768	Leicester_non_progressor_longitudnal_only_Sample145
0	0.147757246159906	0.0932199311401505	0	0.0455364998714662	0	0.03613606044877	0	0	0.404192879094108	0.15768191184708	0.115475471438519	0	0.582541375707604	0.815186311211761	Leicester_non_progressor_longitudnal_only_Sample146
0	0.0997706815553148	0.0389914722630916	0	0.419383619254848	0	0.00438182862932748	0	0	0.209495487706007	0.211789596199347	0.0161873143920646	0	0.390811074611029	0.960726061823021	Leicester_non_progressor_longitudnal_only_Sample150
0	0.0671484888958321	0.0282490179013091	0	0.343980367427041	0.0487997472302685	0	0	0.0411572093631051	0.18530893018493	0.285356238997514	0	0	0.544930925589576	0.844004508944115	Leicester_non_progressor_longitudnal_only_Sample151
0	0.0935805680300716	0.0485686556099203	0	0.456436807376511	0	0.0076482838627341	0	0	0.11692604350346	0.275551198238048	0.00128844337925448	0	0.370798008984595	0.978778395844104	Leicester_non_progressor_longitudnal_only_Sample152
0	0.0668917966873336	0.043676928244206	0	0.409847036686975	0.0372402604076202	0.00873540785679534	0	0.00839193361398546	0.196222297923623	0.228994338579461	0	0	0.418941350488992	0.935841938011745	Leicester_non_progressor_longitudnal_only_Sample153
0.014145933267391	0.0255370468240297	0.0636147688328213	0	0.128496009735153	0.090354140488323	0	0	0.126967021416576	0.368185299830374	0.175321143091224	0.00737863651410791	0	0.642346279990808	0.764608018038496	Leicester_non_progressor_longitudnal_only_Sample154
0	0.0454204238850349	0.075197285184565	0	0	0.127032935017972	0	0	0.172566791694469	0.234373940455988	0.342721140387319	0.00268748337465152	0	0.715747436364927	0.701206489508654	Leicester_non_progressor_longitudnal_only_Sample155
0	0.0550375767950554	0.0459731033798879	0	0.226143706682035	0.0652903602919062	0	0	0.0724485553616791	0.312316064792292	0.222790632697145	0	0	0.681534795932447	0.730153977243372	Leicester_non_progressor_longitudnal_only_Sample156
0	0.0623826966356937	0.0518884182929594	0	0.276036966032917	0.0479668914534991	0	0	0.0796756122612704	0.169005143072054	0.313044272251606	0	0	0.665710130841858	0.743667964950721	Leicester_non_progressor_longitudnal_only_Sample157
0.025603590849198	0.030869349497845	0.0287841887954625	0	0.0923980610712403	0.108171742939233	0	0	0.158954611306049	0.304250932393125	0.211100548681347	0.0398669744665005	0	0.685014619285147	0.732010144234016	Leicester_non_progressor_longitudnal_only_Sample158
0	0.0905286483467303	0.0741005301472479	0	0.0656998978271773	0.0532697970484449	0	0	0	0.38362337783219	0.329783402009534	0.00299434678867553	0	0.719669794758249	0.693371642541028	Leicester_non_progressor_longitudnal_only_Sample159
0	0.0835746265986154	0.0111086655101432	0	0.0322230260509106	0.0979869573727293	0	0	0.145932545419878	0.382787149497037	0.19600964304152	0.0503773865091661	0	0.673718361367785	0.738597196981194	Leicester_non_progressor_longitudnal_only_Sample160
0	0.107588493382352	0.0192981183206525	0	0.0135998205375512	0.156063278939814	0.0149788146192582	0	0	0.358127690797831	0.312149755964162	0.0181940274383792	0	0.730514358852651	0.68140414107691	Leicester_non_progressor_longitudnal_only_Sample161
0.0217285711526833	0	0	0	0.185418525484248	0.0956175725476332	0	0	0	0.381858014789783	0.315377316025652	0	0	0.861000471241716	0.520464769077733	Leicester_with_progressor_longitudinal_Sample1
0.00474767888092828	0.0413836174452471	0.0276200208475025	0	0.175604447868402	0.0627546926028563	0	0	0.181076794237507	0.302459929359131	0.142134053541143	0.0622187652172827	0	0.536197801954515	0.841152109160697	Leicester_with_progressor_longitudinal_Sample2
0.00822318999409685	0.0552741445202112	0.027734575278085	0	0.153979782151148	0.07978142785315	0	0	0.110533001329434	0.276468380722835	0.286298375285705	0.00170712286533493	0	0.69856813834547	0.714373606340266	Leicester_with_progressor_longitudinal_Sample3
0.00831960678717439	0	0.0223263912769226	0	0.335021523640928	0.00291664570447193	0.00458490307898793	0.00631053408487178	0	0	0.620520395426644	0	0	0.87964321844094	0.480683305789432	Leicester_with_progressor_longitudinal_Sample4
0.0155809648644232	0	0.0585379847817661	0	0.293921473304039	0.0531641964731153	0	0	0	0	0.578795380576656	0	0	0.804592080789466	0.593718292809082	Leicester_with_progressor_longitudinal_Sample5
0.0105833426136262	0.00964784257092996	0	0	0.426809374204208	0.0180109526493858	0	0	0	0.0564944157979901	0.47845407216386	0	0	0.819502761082078	0.576197086854009	Leicester_with_progressor_longitudinal_Sample6
0.0215669442543656	0	0.0151507121297351	0	0.363889098125403	0.0269510876863774	0	0	0	0.255054040246809	0.31738811755731	0	0	0.82653272202873	0.572253331176923	Leicester_with_progressor_longitudinal_Sample7
0.00747855385774867	0	0.0126839392147463	0	0.477267393838347	0.0267531526429186	0	0	0	0.120144423267578	0.355672537178661	0	0	0.792519712808871	0.61581747403212	Leicester_with_progressor_longitudinal_Sample8
0	0.120835700024347	0.00783895545701	0	0	0.127397097895553	0	0	0.153423242040847	0.126266386080992	0.396691153828228	0.0675474646730237	0	0.697109616251283	0.716431366155699	Leicester_with_progressor_longitudinal_Sample10
0.0048463929985363	0.0248763540735253	0	0	0.325319949175247	0.0887228627354944	0	0	0.0118054289402153	0.0923405028290984	0.452088509247884	0	0	0.824104264753637	0.573979657344632	Leicester_with_progressor_longitudinal_Sample11
0.0384871091956307	0.00986395132605002	0.0717046930667638	0	0	0.143853667703263	0	0	0.15399095528139	0.336068717371102	0.2460309060558	0	0	0.597496197266683	0.799085711626278	Leicester_with_progressor_longitudinal_Sample12
0.0509158500041128	0.027255853592369	0	0	0.0704639036602958	0.121344345899885	0	0	0.171055086683963	0.274780739706377	0.268767130811717	0.0154170896412804	0	0.742637589782992	0.677377786895043	Leicester_with_progressor_longitudinal_Sample13
0.00432693954725496	0.0465612748755643	0.00867687860262614	0	0	0.136666572881317	0	0	0.142267213175972	0.386446432039541	0.167587030285298	0.107467658592427	0	0.551310854081761	0.831639118882765	Leicester_with_progressor_longitudinal_Sample14
0.0261451354795177	0.0180078708121388	0.0650050402531879	0	0.176324682111473	0.0876425949172511	0	0	0.111717498395698	0.272165105027982	0.242992073002751	0	0	0.611360080694423	0.788379855678353	Leicester_with_progressor_longitudinal_Sample15
0.0400354776847067	0.0103881876325585	0.0680693024030677	0	0.0275860475179572	0.139572389805011	0	0	0.136876144437265	0.322150961395316	0.255321489124117	0	0	0.640792006655229	0.764952042393174	Leicester_with_progressor_longitudinal_Sample16
0	0.126827751320347	0	0	0	0.143975655999635	0	0	0.174798198298953	0.161558746713045	0.284838161894684	0.108001485773336	0	0.51313607249231	0.857976355643947	Leicester_with_progressor_longitudinal_Sample17
0	0.0419242150216033	0.0119220849200105	0	0.28190758701657	0	0	0	0	0	0.664246113041816	0	0	0.863198945790329	0.506252879634003	Leicester_with_progressor_longitudinal_Sample18
0	0.190438538146625	0.0278567106564411	0	0	0.0401807544012016	0.00724676048828754	0	0	0.171910314493218	0.48503671085344	0.077330210960786	0	0.664005606295799	0.75903002243888	Leicester_with_progressor_longitudinal_Sample19
0	0.168268065264131	0	0	0	0.0947023191925327	0	0	0.166392880797874	0.211254205260586	0.276182722871872	0.0831998066130049	0	0.628782459332244	0.774889019991546	Leicester_with_progressor_longitudinal_Sample20
0.00932253731216892	0.102180781476413	0	0	0.00995276788820749	0.119533639411739	0	0	0.0186344520963748	0.231422315288931	0.468068271080528	0.0408852354456373	0	0.719289072284691	0.695299065799609	Leicester_with_progressor_longitudinal_Sample21
0.0188942588457191	0.0460967394629327	0.0307147544582449	0	0.146920510022933	0.0743522923155893	0	0	0.120687918772362	0.277770689523798	0.251356674423189	0.033206162175232	0	0.613983014389223	0.786381934728939	Leicester_with_progressor_longitudinal_Sample22
0.00485346682546196	0.0422081640443185	0.0441128706813103	0	0.148481232421504	0.0995843877963678	0	0	0.148060889162134	0.18170705110219	0.290343613702389	0.040648324264324	0	0.606149398749628	0.792406628512154	Leicester_with_progressor_longitudinal_Sample23
0.0214757738459822	0	0	0	0.27651525380963	0.101319775062481	0	0	0	0.0148805947931353	0.585808602488772	0	0	0.86112411354458	0.514087954375955	Leicester_with_progressor_longitudinal_Sample24
0.048985892450602	0.00946262822266988	0.0513151349861238	0	0.0544497559741047	0.130146199983257	0	0	0.133445649312688	0.450296031117739	0.121898707952815	0	0	0.629077118229702	0.774923892751585	Leicester_with_progressor_longitudinal_Sample30
0	0.053142279792816	0.0073333362253728	0	0.134690637902901	0.0435268912322656	0	0	0.110715082160395	0.246274393088586	0.404317379597664	0	0	0.745254381539845	0.6650399467206	Leicester_with_progressor_longitudinal_Sample31
0.0062388697321755	0.0438307279145713	0.00295828283100518	0	0.178907007162978	0.0650398399504865	0	0	0.0457526759565485	0.480242024839444	0.177030571612791	0	0	0.713205355012652	0.698919813819185	Leicester_with_progressor_longitudinal_Sample32
0.0391742113548364	0	0	0	0.380100133238418	0.0276228050434291	0	0.00244433837559138	0	0	0.550658511987725	0	0	0.848793350515562	0.532734675021562	Leicester_with_progressor_longitudinal_Sample33
0.0460938335982036	0.0442429576255584	0.00256119297614641	0	0	0.147298899632204	0	0	0.22289747043209	0.346680985340037	0.19022466039576	0	0	0.698193480503637	0.721549129937628	Leicester_with_progressor_longitudinal_Sample34
0	0.0441419175360126	0.0133002480209686	0	0.0711009138093433	0.0827976701870501	0	0	0.0694720578014415	0.333453382760024	0.38573380988516	0	0	0.817764670100731	0.578629818092445	Leicester_with_progressor_longitudinal_Sample35
0	0.0296492663357481	0.0916491255343749	0	0.279124857250695	0.0773828920503497	0	0	0.0665586767138672	0.178513033896801	0.277122148218164	0	0	0.387439178269795	0.947808443840042	Leicester_with_progressor_longitudinal_Sample36
0.0226457895390419	0	0.00456436515151166	0	0.467368374979165	0.0363566210046579	0.00867009405043496	0	0	0	0.460394755275189	0	0	0.822851132378716	0.575646933366279	Leicester_with_progressor_longitudinal_Sample37
0.0487057400557493	0	0	0	0.360280335269399	0.0489747452336477	0	0	0	0.175785092337984	0.366254087103221	0	0	0.8422352684851	0.550019648970395	Leicester_with_progressor_longitudinal_Sample38
0.016274297461662	0	0.0933798920456505	0	0.189255109278679	0.137795240917643	0	0	0	0.283084830986904	0.280210629309461	0	0	0.646461346012851	0.760255230034381	Leicester_with_progressor_longitudinal_Sample39
0	0.0180715083060174	0.0381986742287346	0	0.43453204578485	0.0274468002696432	0.00964768340664553	0	0	0	0.472103288004109	0	0	0.795626886146843	0.609205276621061	Leicester_with_progressor_longitudinal_Sample40
0	0.108100576956136	0	0	0	0.0850496853778695	0	0	0	0.156385857019314	0.630036728851078	0.0204271517956034	0	0.794416159807926	0.611674167335265	Leicester_with_progressor_longitudinal_Sample41
0.0275938025844814	0.00185261079529137	0	0	0.279980241488078	0.0856298016126888	0	0	0	0.209463796957683	0.395479746561778	0	0	0.707872292808226	0.704572510889632	Leicester_with_progressor_longitudinal_Sample42
0	0.0661346823169142	0	0	0.0778507681158773	0.164105005294061	0	0	0	0	0.649506674639689	0.042402869633458	0	0.744950721736737	0.668067183149109	Leicester_with_progressor_longitudinal_Sample43
0.0236472270078154	0.0137714481207151	0	0	0.190240142312221	0.160439045160592	0	0	0.00226277446066151	0.228099963566814	0.381539399371181	0	0	0.76773545836541	0.64079745205302	Leicester_with_progressor_longitudinal_Sample44
0.0417009976972448	0	0.051163181955954	0	0.19687978864711	0.115408210199168	0	0	0.0211446892992816	0.236973594136438	0.336729538064803	0	0	0.815040661748698	0.590373068917832	Leicester_with_progressor_longitudinal_Sample45
0.0410836562889015	0	0.0308623360525021	0	0.278173325310967	0.0658733187197102	0	0	0.00596040537696397	0.152663772741317	0.425383185509638	0	0	0.82174038416999	0.574750393296006	Leicester_with_progressor_longitudinal_Sample46
0.00870193986189343	0.088835420164015	0	0	0.103604648947182	0.0892052278742675	0	0	0.156538575685344	0.211350676509047	0.302455861443278	0.0393076495149724	0	0.632514412290592	0.771664750294023	Leicester_with_progressor_longitudinal_Sample47
0	0	0	0	0.424322859321088	0.0280152402863575	0	0.0122717741891911	0	0.144236592461001	0.391153533742363	0	0	0.838310511097751	0.557359356860379	Leicester_with_progressor_longitudinal_Sample48
0	0.082833724691379	0.0024293168459109	0	0.0815460846555587	0.0922549757833558	0	0	0	0.00911282394817811	0.724737534903086	0.00708553917253147	0	0.824468145297891	0.568949366994305	Leicester_with_progressor_longitudinal_Sample49
0.0030618826419807	0.0190946639721577	0.0199826136623538	0	0.396474815128502	0	0	0	0	0	0.561386024595006	0	0	0.806797027154904	0.59064266651934	Leicester_with_progressor_longitudinal_Sample50
0	0.0233962777718509	0.0114296044218556	0	0.349825030003213	0	0.0206495446423668	0	0	0	0.594699543160714	0	0	0.859769380224653	0.514498883490489	Leicester_with_progressor_longitudinal_Sample51
0	0.0861712370453928	0.055277995269951	0	0	0.0534387801136796	0	0	0.172517876440628	0.306825271729553	0.293196529492373	0.0325723099084231	0	0.65513659809377	0.752777675511898	Leicester_with_progressor_longitudinal_Sample52
0.0513892323592951	0.0190849527913603	0.0232608591341164	0	0.113314657557234	0.113742444204045	0	0	0.142522148503419	0.396346471736456	0.139460209583143	0.000879024130932165	0	0.540756929289946	0.840364131351172	Leicester_with_progressor_longitudinal_Sample53
0	0.05590518911887	0.073267724234597	0	0.11567693940081	0.0714743612641113	0	0	0.101151840279135	0.313637547354878	0.268886398347598	0	0	0.62994774661285	0.773953638051095	Leicester_with_progressor_longitudinal_Sample54
0.0344824690535355	0.0119091761874388	0	0	0.220521831635852	0.110494124103382	0	0	0	0	0.622592399019792	0	0	0.752139865312814	0.659734683328022	Leicester_with_progressor_longitudinal_Sample55
0.0103821988574363	0.0201599616142331	0	0	0.239341809680303	0.0653651836539375	0	0	0	0	0.66475084619409	0	0	0.843514582144218	0.537344254400489	Leicester_with_progressor_longitudinal_Sample56
0	0.0839909520258311	0.004188451818848	0	0.398962587398486	0	0.012078587419776	0	0	0.118101454247857	0.382677967089202	0	0	0.680158684394449	0.733087960999161	Leicester_with_progressor_longitudinal_Sample57
0.0474096144239712	0	0	0	0.364511706862631	0.130157550506146	0	0	0	0	0.457921128207252	0	0	0.776588253219684	0.631558059246488	Leicester_with_progressor_longitudinal_Sample59
0.0521016714116347	0	0	0	0.0326981505950916	0.182879250729644	0	0	0	0.172332930150312	0.559987997113317	0	0	0.859115678114447	0.513632965474815	Leicester_with_progressor_longitudinal_Sample60
0.0281790428199917	0	0.0203765292027615	0	0.292664170168608	0.121882164634228	0	0	0	0	0.53689809317441	0	0	0.801156901617665	0.599979427835447	Leicester_with_progressor_longitudinal_Sample61
0	0.0876399020209241	0	0	0.164645523559498	0.056663046208977	0	0	0.151124673239265	0.21816871268917	0.308695753365877	0.0130623889162889	0	0.682032121387266	0.729632832751682	Leicester_with_progressor_longitudinal_Sample62
0	0.106638438080908	0	0	0	0.132184689186073	0	0	0.176520060730677	0.148810554446977	0.382582398085064	0.0532638594703012	0	0.672203130373454	0.738624485138497	Leicester_with_progressor_longitudinal_Sample63
0	0.0487983533580519	0.0102145254764758	0	0.304896463999578	0	0	0	0	0	0.636090657165895	0	0	0.814541550766713	0.580346909412748	Leicester_with_progressor_longitudinal_Sample64
0	0.113873003945663	0.0368563891333009	0	0.00715444306867104	0.0823659794175301	0	0	0	0.0212043935451591	0.736767078234314	0.00177871265536193	0	0.779858496670646	0.635401283137182	Leicester_with_progressor_longitudinal_Sample65
0	0.0098036229817402	0.0788410865455475	0	0.168346461923502	0.122054636757289	0	0	0	0.3340006941621	0.286953497629821	0	0	0.70276087696929	0.709121677129027	Leicester_with_progressor_longitudinal_Sample66
0.0738341519060776	0.00358069293843908	0.0367035921465618	0	0	0.166087526729995	0	0	0.131898747964882	0.431683393696836	0.151824235668219	0.00438765894899043	0	0.508583171782246	0.864469081323946	Leicester_with_progressor_longitudinal_Sample67
0.0297389597276292	0	0.0304802654513439	0	0.166138176804009	0.0859808123727213	0	0.00270101521614659	0.00474171684496444	0.32829570144524	0.351923352137946	0	0	0.82096541511195	0.57471803719633	Leicester_with_progressor_longitudinal_Sample68
0.00543671932649565	0.0367891629673721	0	0	0.207357178705944	0.140811773719943	0	0	0.000584092624883823	0.0484739936763482	0.560547078979013	0	0	0.779716154213323	0.62524863740858	Leicester_with_progressor_longitudinal_Sample69
0	0.0716409911445636	0.057696264133718	0	0.0702982036099534	0.0901199219151936	0	0	0.136477505093171	0.149491519087253	0.394759888462936	0.0295157065532118	0	0.623709981318668	0.77928856961632	Leicester_with_progressor_longitudinal_Sample70
0.0160162222127927	0.0360251980678701	0.0253140243213163	0	0.187199252682134	0.0543295510654806	0	0	0.153522031258165	0.199245731548492	0.320901692781316	0.00744629606243256	0	0.593486177164164	0.802924385949314	Leicester_with_progressor_longitudinal_Sample71
0	0.0012531249190879	0.0949251540296224	0	0.3850152489515	0	0.0648561560145135	0	0	0	0.453950316085276	0	0	0.79821005157766	0.608762236354923	Leicester_with_progressor_longitudinal_Sample72
0.0211386869833992	0.0240744090210117	0.0508893810653891	0	0.175110534176872	0.0734008823068547	0	0	0.130899254579234	0.281238089762308	0.243248762104931	0	0	0.622812746143686	0.779387026588904	Leicester_with_progressor_longitudinal_Sample73
0.0323377699483846	0.0524196485688226	0	0	0.042086271257569	0.121902130031635	0	0	0.211002790871208	0.189151467856758	0.349466842201635	0.00163307926398684	0	0.718332310718436	0.698384151793053	Leicester_with_progressor_longitudinal_Sample74
0.00731262111687475	0.0358121181092842	0.0505319381177129	0	0.191306673328544	0.0560201751024763	0	0	0.119328639365275	0.251084822615876	0.288603012243957	0	0	0.614600174601154	0.786248150173643	Leicester_with_progressor_longitudinal_Sample75
0.0288177467443034	0.0534014581299935	0	0	0.115518188692082	0.0936488023881675	0	0	0.150275382517238	0.256079542238975	0.282255125787995	0.0200037535012448	0	0.613980282353781	0.78659094122427	Leicester_with_progressor_longitudinal_Sample76
0.0376964500150174	0.0234782366801082	0	0	0.0377325792065424	0.223692450956869	0	0	0.00631388974584881	0	0.671086393395614	0	0	0.822069435628836	0.569435281243126	Leicester_with_progressor_longitudinal_Sample77
0.00907349024488319	0	0.010992406321781	0	0.391136463218228	0.00907236037125152	0	0	0	0	0.579725279843856	0	0	0.804642849078578	0.592878582310052	Leicester_with_progressor_longitudinal_Sample78
0.0250785504763733	0	0	0	0.380326891099293	0.0681629012167329	0	0	0	0	0.526431657207601	0	0	0.719087374693815	0.693782528103411	Leicester_with_progressor_longitudinal_Sample79
0	0.00610583719460314	0.0336675784613162	0	0.243353159829779	0.000427405873928337	0	0.0262497699826037	0	0	0.690196248657769	0	0	0.833588907910068	0.552233418709534	Leicester_with_progressor_longitudinal_Sample80
0	0.0261974807329662	0.0694227758216275	0	0.25456289976772	0.03144640177462	0	0	0.0970873066709364	0.157194929757979	0.36408820547415	0	0	0.680065758718101	0.730706292925382	Leicester_with_progressor_longitudinal_Sample81
0.0134091360804767	0.0125677970909867	0.0271797904164529	0	0	0.139801269594581	0	0	0	0.664724861198374	0.142317145619128	0	0	0.857836786621504	0.527396460031909	Leicester_with_progressor_longitudinal_Sample82
0.0147161239428695	0.0351234991344083	0.0315936783311165	0	0.137167935399988	0.0829012853558697	0	0	0.151727997610391	0.270091236984907	0.27667824324045	0	0	0.65619333695164	0.752215941231089	Leicester_with_progressor_longitudinal_Sample83
0.0328875784003316	0.0458277964962985	0.0180319053551879	0	0.0285329686087132	0.128749374819152	0	0	0.190129376643621	0.236123636355095	0.319717363321601	0	0	0.554083255578932	0.832831855629286	Leicester_with_progressor_longitudinal_Sample84
0	0.0345796801374019	0.0566044254826021	0	0.346975635971742	0.0236044275829764	0	0	0.0571190697120428	0.109476647999587	0.371640113113648	0	0	0.681622492777768	0.729198524825886	Leicester_with_progressor_longitudinal_Sample85
0.0140574886330697	0.025046865160679	0.0345872012647999	0	0.0239992041016174	0.114382692197704	0	0	0.136071974132743	0.159578944169947	0.444834617558901	0.0474410127805394	0	0.768644633289349	0.643893930160542	Leicester_with_progressor_longitudinal_Sample86
0.0341991921917496	0	0.00979901992156742	0	0.150448557565933	0.155974598619182	0	0	0	0.329556149446805	0.320022482254762	0	0	0.841652280521313	0.552772988743626	Leicester_with_progressor_longitudinal_Sample87
0.0369940984012943	0	0	0	0.365526574261156	0.068380543710602	0	0	0	0.119735278486494	0.409363505140454	0	0	0.817351515696201	0.581953325666771	Leicester_with_progressor_longitudinal_Sample88
0	0.122027942467446	0.0510654321520858	0	0	0.036708190799257	0	0	0	0.138367878228111	0.590981588728169	0.0608489676249313	0	0.756415715644768	0.657613050839422	Leicester_with_progressor_longitudinal_Sample89
0	0.0690107819884991	0.0681158769444367	0	0	0.129660129560189	0	0	0	0.376026227925023	0.343154724674966	0.0140322589068859	0	0.772485907673872	0.634500558201873	Leicester_with_progressor_longitudinal_Sample90
0	0.00791942807846988	0.0152096984546412	0	0.477389043883738	0.0175654051676454	0.0262462217332141	0	0	0.122767471525358	0.332902731156934	0	0	0.747116508646961	0.665708752489283	Leicester_with_progressor_longitudinal_Sample91
0	0.024322904792549	0	0	0.328307331398638	0.0038967645611743	0	0.00981126581994095	0	0.142322751900436	0.491338981527261	0	0	0.848714699675896	0.532476640667044	Leicester_with_progressor_longitudinal_Sample92
0.0397008242068694	0.0347537892132936	0	0	0.125485185114794	0.0994741469867778	0	0	0.168464215820729	0.260907300481606	0.271214538175929	0	0	0.676287823700882	0.735342274377706	Leicester_with_progressor_longitudinal_Sample93
0.0169870728974122	0.0533070386317379	0.056954028404934	0	0	0.111136419175633	0	0	0.154538856714735	0.323093427167576	0.239465962708564	0.0445171942994077	0	0.754142650701153	0.670273075888153	Leicester_with_progressor_longitudinal_Sample94
0	0.0731895525244327	0.0613863305457204	0	0.134814928685458	0.0235576705500602	0	0	0.15182226548173	0	0.555229252212599	0	0	0.775634238837806	0.632489606784009	Leicester_with_progressor_longitudinal_Sample95
0	0.0475337987775126	0.0568338288139696	0	0.279784253608557	0.0774868710111361	0.00702372377135548	0	0	0.0354097119950857	0.495927812022384	0	0	0.763081757857081	0.645814596547113	Leicester_with_progressor_longitudinal_Sample96
0.0378104952305475	0.00515433091963628	0	0	0.353937499749114	0.118593965379138	0	0	0	0.121726006034768	0.362777702686796	0	0	0.790980026863261	0.617819444791942	Leicester_with_progressor_longitudinal_Sample97
0	0.0538595224579869	0.0333427850760723	0	0.0442224343924606	0.119927595206992	0	0	0.127092684621871	0.496168021342448	0.10514980890356	0.0202371479986093	0	0.739004000421545	0.685109657163011	Leicester_with_progressor_longitudinal_Sample98
0	0.102159167032536	0.0680863861546449	0	0	0.11079839656561	0.00259581437961561	0	0	0.129684873359428	0.567632385195742	0.0190429773124241	0	0.741953568376386	0.672198274325852	Leicester_with_progressor_longitudinal_Sample99
0.0616639761072169	0.0238256843509829	0.0199428034234602	0	0	0.158139028782542	0	0	0.186159403447503	0.270497001639822	0.215346114917478	0.0644259873309943	0	0.695533859374828	0.726271049281038	Leicester_with_progressor_longitudinal_Sample100
0.0303438009296999	0.013106158692916	0.0656914724921702	0	0.157301667227961	0.0835746052883418	0	0	0.0941809884958458	0.366608642758049	0.180056251883912	0.00913641223110371	0	0.523251331332557	0.854354849533759	Leicester_with_progressor_longitudinal_Sample101
0	0.00122972231116251	0.0687346848643083	0	0.365637228393904	0.00112351787264867	0.006416425433949	0.0054720541397906	0	0.160218431791252	0.391167935192985	0	0	0.816777450041233	0.584464783088522	Leicester_with_progressor_longitudinal_Sample102
0	0.0432324589717666	0.0230838073411829	0	0	0.177292122961102	0	0	0	0.461473768152949	0.294917842572999	0	0	0.788229343241034	0.615628294367436	Leicester_with_progressor_longitudinal_Sample103
0	0.0671253707946124	0.0528092425759049	0	0.169664122501471	0.0481655289137522	0	0	0.186597216266465	0.274509988699773	0.201128530248021	0	0	0.545891058389601	0.835630625458999	Leicester_with_progressor_longitudinal_Sample104
0	0.0895658261297995	0.0261258657138852	0	0	0.119366626730619	0	0	0.149848922556658	0.28426027167193	0.274713339871613	0.0561191473254957	0	0.679281949553375	0.73359638975676	Leicester_with_progressor_longitudinal_Sample105
0	0.0586713910939978	0.0329995020215387	0	0.0679246083532499	0.08811736952344	0	0	0.181026663039207	0.0555672472698649	0.412322202895293	0.103371015803408	0	0.607450419380368	0.791329716856763	Leicester_with_progressor_longitudinal_Sample106
0.0250875055283857	0.0210820768228597	0.0579237304396573	0	0.149099597177947	0.085145548263609	0	0	0.114782324831218	0.311789260889698	0.235089956046626	0	0	0.616003292301815	0.784821831123929	Leicester_with_progressor_longitudinal_Sample107
0	0.0333911354349126	0.0927304659497208	0	0.150700528339704	0.0648685280339312	0	0	0.147710149366066	0.245404931536177	0.265194261339488	0	0	0.670758851911676	0.74176471521526	Leicester_with_progressor_longitudinal_Sample108
0	0.0438870524146078	0.0666107679134105	0	0.210481071888436	0.0475223048828614	0	0	0.124315121871734	0.213114046789211	0.29406963423974	0	0	0.507518534947088	0.866879503547674	Leicester_with_progressor_longitudinal_Sample109
0.0474600743282628	0.021449027956884	0.0174135452558633	0	0.0442783538216715	0.132674207745988	0	0	0.174032776982402	0.314526124400207	0.219753795195647	0.0284120943130741	0	0.640299673859253	0.766392591795362	Leicester_with_progressor_longitudinal_Sample110
0	0.104887868131947	0.00633416881696226	0	0.239200480885916	0.00552864836625303	0	0	0	0.0175728352091967	0.626475998589725	0	0	0.764248072418891	0.649334477969433	Leicester_with_progressor_longitudinal_Sample111
0	0.0308183884880795	0.0130171279100709	0	0.531101835882873	0	0	0	0	0.151156589776682	0.273906057942295	0	0	0.723192125444767	0.690120509979513	Leicester_with_progressor_longitudinal_Sample112
0	0.062393636207626	0	0	0.362559901239602	0.0361972237198631	0	0	0.033393518599082	0.146348919769773	0.359106800464054	0	0	0.67112133864203	0.739538047332751	Leicester_with_progressor_longitudinal_Sample113
0	0.0187314802406664	0.0682620610020998	0	0.314227004797418	0	0.00511343200392398	0	0	0	0.593666021955892	0	0	0.810972453928703	0.584904336708921	Leicester_with_progressor_longitudinal_Sample114
0	0.0209447399928192	0.0128648042627551	0	0.439579918089094	0	0	0	0	0	0.526610537655332	0	0	0.837530590734315	0.55122883124233	Leicester_with_progressor_longitudinal_Sample115
0.0268189859470141	0.0313184424400254	0.0106277640007884	0	0.174920803646208	0.15461956445567	0	0	0.077730359345831	0.400489400477138	0.110184803224952	0.0132898764623725	0	0.579708539458751	0.811915183005346	Leicester_with_progressor_longitudinal_Sample116
0	0.0605891937023063	0.0782508730079331	0	0.0510973539004764	0.0978279406620732	0	0	0.1445126657977	0.257717069448084	0.310004903481427	0	0	0.690484438923587	0.722743554645786	Leicester_with_progressor_longitudinal_Sample117
0.0103067789048822	0.0346514101056841	0.0398293397774487	0	0.166386278305871	0.0653524203563554	0	0	0.19058004536439	0.320387924828263	0.172505802357105	0	0	0.58698697829172	0.806712877176814	Leicester_with_progressor_longitudinal_Sample118
0	0.0451419282029337	0.0184700270273554	0	0.417110079087232	0.0167602510377044	0	0	0.0386304570661374	0.213618382071387	0.213630022453776	0.0366388530534744	0	0.354171642375118	0.971163840185095	Leicester_with_progressor_longitudinal_Sample119
0	0.0169830760050149	0.110461190251382	0	0.241437189806227	0.0390967752040089	0	0	0.0363316111587739	0.165272910919741	0.390417246654852	0	0	0.690941321893199	0.720377956467289	Leicester_with_progressor_longitudinal_Sample120
0.0182013087622498	0.0421560227647298	0.0228089561929574	0	0.186130305846997	0.0736316895548277	0	0	0.129537820929015	0.219950079129529	0.307583816819693	0	0	0.52296584386542	0.857710209989129	Leicester_with_progressor_longitudinal_Sample121
0	0.0434167063319595	0.0594643414758986	0	0.203497002413995	0.0670751969265117	0	0	0.109860804378891	0.0273357576039266	0.489350190868817	0	0	0.637866025247429	0.768897409265214	Leicester_with_progressor_longitudinal_Sample122
0	0.0385806438896255	0.0580367082565576	0	0.297892636146198	0.0202391148376482	0	0	0.130472016980129	0.171377678225333	0.283401201664508	0	0	0.4672833264497	0.893390913745138	Leicester_with_progressor_longitudinal_Sample123
0	0.0573082795600772	0.0809301753743953	0	0.11944159363	0.0764541433544484	0	0	0.161575441500335	0.131540751349125	0.366444535566127	0.00630507966549212	0	0.517753344738077	0.859015461694649	Leicester_with_progressor_longitudinal_Sample124
0	0.0288498796487045	0.0998026340119911	0	0.415485198839326	0	0	0	0.00541981622761555	0.0233398258492238	0.427102645423139	0	0	0.633786438396003	0.773867340386691	Leicester_with_progressor_longitudinal_Sample125
0	0.051411307183661	0.0856830301770806	0	0.150610261207289	0.0495072761085051	0	0	0.15605036048649	0.173118913266436	0.333618851570538	0	0	0.710704746969719	0.705847229896261	Leicester_with_progressor_longitudinal_Sample126
0	0.0340525049870778	0.142381489389593	0	0.0889483169005604	0.0767258524698704	0	0	0.106462530754881	0.187869876475932	0.363559429022085	0	0	0.725828125113028	0.689974345691045	Leicester_with_progressor_longitudinal_Sample127
0	0.0523139976679362	0.0772777993253945	0	0.0317304713532994	0.0942034221451664	0	0	0.189369117991258	0.258850662802417	0.296254528714528	0	0	0.617327856961115	0.783722926720121	Leicester_with_progressor_longitudinal_Sample128
0.0460994470494995	0	0	0	0.30315065469983	0.104535149048771	0	0	0	0.184297332040765	0.361917417161135	0	0	0.833852034145964	0.563609391471097	Leicester_with_progressor_longitudinal_Sample129
0	0.0161550510329491	0.141763325072219	0	0.17382634406191	0.0161459064557824	0	0	0	0.205124064004262	0.446985309372878	0	0	0.762663203795171	0.645199955671502	Leicester_with_progressor_longitudinal_Sample130
0.014379733875766	0.0276426845793673	0.0566257455239614	0	0.148101683962822	0.106185068705418	0	0	0.107774376253678	0.388003290913954	0.151287416185034	0	0	0.606494186071839	0.792087084353932	Leicester_with_progressor_longitudinal_Sample131
0	0.178580217986827	0	0	0	0.0814448364665843	0	0	0	0.0230477135248948	0.610356518502002	0.106570713519691	0	0.730944088620027	0.687275141852806	Leicester_with_progressor_longitudinal_Sample132
0	0.11334301273002	0.0505671325242863	0	0	0.0824389468010874	0	0	0.0209218837936281	0.164692831568706	0.526612617087149	0.0414235754951237	0	0.78242900513657	0.622506872286307	Leicester_with_progressor_longitudinal_Sample133
0	0.113048527790235	0.0502258636773058	0	0.128725607551469	0.0419953999283892	0	0	0.0977367465387165	0.390122602609615	0.108055808173543	0.0700894437307253	0	0.626726935756008	0.776599594935756	Leicester_with_progressor_longitudinal_Sample134
0	0.00015780268297051	0.0550729103606244	0	0.423099490897758	0.00776101484360796	0.0153925366491413	0	0	0.197123830494982	0.301392414070915	0	0	0.796535010645084	0.614081294056703	Leicester_with_progressor_longitudinal_Sample135
0.0596095331292584	0.0140211855471175	0.0125888090754967	0	0.0310106100853529	0.144129128413514	0	0	0.128964835067756	0.411253243348987	0.144832631673312	0.0535900236592057	0	0.668728743862828	0.744021853299261	Leicester_with_progressor_longitudinal_Sample136
0	0.0337086048028298	0.0693192873040639	0	0.266060960679803	0.0513503995727072	0	0	0.0992395120338163	0.268665099436893	0.206390477153133	0.00526565901675379	0	0.556780293412376	0.828875797601805	Leicester_with_progressor_longitudinal_Sample137
0	0.0575654099277459	0.0671455182985326	0	0	0.0644901799492131	0	0	0.00137208010051608	0.698885873765659	0.0922308553124473	0.0183100826458857	0	0.754457752835552	0.655097475485994	Leicester_with_progressor_longitudinal_Sample138
0	0.068974167642791	0.0350948787731943	0	0.126407641535767	0.0718002853770164	0	0	0.119374038590116	0.2935907429945	0.27775577723858	0.00700246784803613	0	0.638899879641768	0.76647341496387	Leicester_with_progressor_longitudinal_Sample139
0	0.0672341348289077	0.0732340568758545	0	0.141302026898599	0.0574252191796042	0	0	0.133663326239507	0.0322798206218813	0.490614294974073	0.004247120381574	0	0.637703696536428	0.768968379695325	Leicester_with_progressor_longitudinal_Sample140
0.0195183803055723	0.0298117969792274	0.0630337828701483	0	0.114651111038164	0.0918122218656365	0	0	0.175509977577212	0.264190523028678	0.241472206335361	0	0	0.670365233978739	0.743098481057672	Leicester_with_progressor_longitudinal_Sample141
0.00763050948979134	0.0224992817285884	0.0195758228190579	0	0.322557020804077	0.00107916461870163	0	9.54067217754566e-05	0	0.0154704281915221	0.611092365626486	0	0	0.82191380941926	0.569293520555028	Leicester_with_progressor_longitudinal_Sample142
0	0.0659053469307333	0.00206541204209959	0	0.0842477952460323	0.0368806575255903	0	0	0	0.0991915193548985	0.675777760471942	0.0359315084287042	0	0.849882185323811	0.528391393471995	Leicester_with_progressor_longitudinal_Sample143
0	0.0379186519389366	0.044562121957957	0	0.215008868851219	0.0563618761209067	0	0	0.103309238300609	0.130729648333709	0.412109594496663	0	0	0.793316203214528	0.61769503982478	Leicester_with_progressor_longitudinal_Sample144
0	0.0352924162833035	0.0261023126302694	0	0.0668498369468163	0.146170495158686	0	0	0	0.630947906760332	0.0946370322205932	0	0	0.756732655269835	0.65525952853293	Leicester_with_progressor_longitudinal_Sample145
0.00353637904301629	0.0301494610946387	0.0499908061568202	0	0.211294814021773	0.034968121184757	0.00191792138194301	0	0	0.030681865182056	0.637460631934996	0	0	0.836612838651619	0.548070998889802	Leicester_with_progressor_longitudinal_Sample146
0	0.0615035146780827	0.0493796759493462	0	0.174880139980192	0.036418354901109	0	0	0	0.024346525944501	0.653471788546769	0	0	0.845131472338426	0.535722887317515	Leicester_with_progressor_longitudinal_Sample147
0.00900431043508832	0.000410109181712073	0.00977751300305851	0	0.390751254875979	0.00696977206943024	0	0	0	0	0.583087040434732	0	0	0.806794954012911	0.589979113904592	Leicester_with_progressor_longitudinal_Sample148
0	0.0967627936351138	0.0756182368836899	0	0.200379468866899	0.0067956757840776	0	0	0.113697723655954	0.237931256667471	0.268814844506795	0	0	0.462075618780765	0.903829797743378	Leicester_with_progressor_longitudinal_Sample149
0	0.0387697398164547	0.08508823534903	0	0.254174197019449	0	0	0	0.183975854200165	0.165765191437288	0.272226782177613	0	0	0.532023061634983	0.845645108871318	Leicester_with_progressor_longitudinal_Sample150
0	0.0554104512779487	0.0689801811280935	0	0.408607714685439	0	0	0	0.00609945800831812	0.174188818158853	0.286713376741347	0	0	0.404647372889855	0.951576862335218	Leicester_with_progressor_longitudinal_Sample151
0.0105254817273125	0.0257837922439979	0.0714422882718604	0	0.165201271602416	0.0642396455979734	0	0	0.124009051790766	0.299221584138864	0.23957688462681	0	0	0.591596712286544	0.803678754421925	Leicester_with_progressor_longitudinal_Sample152
0.0379549556528636	0.030605629111654	0.0158266088217676	0	0	0.181003826776305	0	0	0.197350917122029	0.202081426328877	0.335176636186504	0	0	0.691388139528538	0.723605102027742	Leicester_with_progressor_longitudinal_Sample153
0	0.138291686102968	0	0	0.0539395924231325	0.10064135838522	0	0	0.00072841962846492	0.245385601448761	0.250416367083664	0.21059697492779	0	0.604756037908476	0.794461056765293	Leicester_with_progressor_longitudinal_Sample154
0	0.00854129483711751	0.0752040934694037	0	0.347501951485355	0.0417864815244971	0	0	0	0.16021285452923	0.366753324154396	0	0	0.632346751967425	0.774264784677528	Leicester_with_progressor_longitudinal_Sample155
0.00229332196741275	0.0359079219084333	0	0	0.40683565348892	0.0956982960184586	0	0	0	0.0991053952765439	0.360159411340231	0	0	0.581204050411801	0.817413125822299	Leicester_with_progressor_longitudinal_Sample156
0	0.0720056362754453	0	0	0.19286408776458	0.153736584572366	0.00215469757332217	0	0	0.286099592569802	0.293139401244485	0	0	0.597074863128152	0.805072053461637	Leicester_with_progressor_longitudinal_Sample157
0.053477077795864	0	0	0	0.156771000276875	0.110593655621189	0	0	0.0951900929443053	0.204091296586302	0.379876876775465	0	0	0.791154326752894	0.617124768911359	Leicester_with_progressor_longitudinal_Sample158
0	0.0855740171841061	0	0	0.172718539490054	0.0214911291861253	0	0	0.0682478023658429	0.138445626766628	0.513522885007243	0	0	0.803379946807475	0.595487137642192	Leicester_with_progressor_longitudinal_Sample159
0	0.0365771347034705	0.0386307996632545	0	0.135867880768087	0.140064239747328	0	0	0	0.239034914883082	0.409825030234778	0	0	0.771088898906324	0.63632598912626	Leicester_with_progressor_longitudinal_Sample160
0.00540927782016979	0.0231839901799114	0	0	0.285710853523432	0.122670864519325	0	0	0	0	0.563025013957163	0	0	0.812600521073053	0.584600325426718	Leicester_with_progressor_longitudinal_Sample161
0.0528842893900516	0	0.00578855750929886	0	0.25743955652194	0.102840640713024	0	0	0	0.0873555694185578	0.493691386447128	0	0	0.835427039539763	0.553948660539211	Leicester_with_progressor_longitudinal_Sample162
0	0.0455103804560983	0.0612927045174472	0	0.213888616844495	0	0	0	0	0.07311319678206	0.6061951013999	0	0	0.764350394424034	0.646445537824302	Leicester_with_progressor_longitudinal_Sample163
0.00803197245142931	0.00572438268422317	0	0	0.366994359710262	0.0404255648658862	0	0	0	0	0.578823720288199	0	0	0.854052076339348	0.524464633416168	Leicester_with_progressor_longitudinal_Sample164
0	0.124159575795636	0.139407444906415	0	0.00919637282127565	0	0	0	0	0	0.652347061367624	0.0748895451090495	0	0.709748455267766	0.711548770451835	Leicester_with_progressor_longitudinal_Sample165
0	0.01481588221584	0.00983521551775738	0	0.505162449257314	0	0.0392957490493417	0	0	0	0.430890703959747	0	0	0.747566217594682	0.663508712227318	Leicester_with_progressor_longitudinal_Sample166
0	0.00668937131031208	0.021201183183888	0	0.462764236191249	0	0.0221698582349963	0	0	0	0.487175351079555	0	0	0.787501650907881	0.617173172536049	Leicester_with_progressor_longitudinal_Sample167
0	0.0512332960091525	0.0499799872177408	0	0.179633155492981	0.0185451679683585	0	0	0	0.398292923925067	0.302315469386701	0	0	0.746879963661518	0.662979004962674	Leicester_with_progressor_longitudinal_Sample170
0.0221986960569545	0.0280725542346927	0	0	0	0.231633705018878	0	0	0.0539477434390864	0	0.664147301250388	0	0	0.823864242471463	0.567584032792824	Leicester_with_progressor_longitudinal_Sample171
0	0.0623316534524775	0.0210445065341678	0	0	0.139021897662532	0	0	0.0130571309355608	0.0656347735315828	0.698910037883679	0	0	0.834908435202738	0.5513877438503	Leicester_with_progressor_longitudinal_Sample172
0	0.0918734022178733	0.00639064176758313	0	0	0.0556286812767432	0	0	0	0	0.718391923763218	0.127715350974582	0	0.813198328892886	0.583186470613361	Leicester_with_progressor_longitudinal_Sample173
0.018335367236349	0.0518997770295343	0	0	0.147989458755764	0.072889930701311	0	0	0.160011739042305	0.214782882694107	0.300610218900379	0.0334806256402507	0	0.686330909304831	0.727047928399442	Leicester_with_progressor_longitudinal_Sample174
0.0146989610285366	0	0.0206448892931263	0	0.285034926423021	0.0852946544338202	0	0	0.035577005797601	0	0.558749563023895	0	0	0.860203450448537	0.521697061445093	Leicester_with_progressor_longitudinal_Sample175
0.00775883302485608	0.0211707776048656	0.0811397737480821	0	0.217493075204228	0.06051753234519	0	0	0.0821486265761964	0.269583548071396	0.23544797301905	0.0247398604061364	0	0.557579468031826	0.82900770966559	Leicester_with_progressor_longitudinal_Sample176
0	0.026687550628944	0.0296808912152431	0	0.275069488065712	0.0806012375386303	0	0	0	0.154177328732656	0.433783503818814	0	0	0.814585439812489	0.584792955937816	Leicester_with_progressor_longitudinal_Sample177
0	0.00181568675347923	0.0645560184303314	0	0.0923445529853045	0.0777882401174694	0	0	0.054353987604	0.315205875821721	0.393935638287694	0	0	0.825687811481093	0.569401441937293	Leicester_with_progressor_longitudinal_Sample178
0.00928576349657071	0.0222885888683241	0	0	0.163649448767594	0.175608566044568	0	0	0	0.0656428292408241	0.563524803582119	0	0	0.831711980193612	0.558209430137132	Leicester_with_progressor_longitudinal_Sample179
0.0324841846106779	0	0.00741194711713259	0	0.315916249047229	0.0533671901759035	0	0.0102521647449312	0	0.0741720475822089	0.506396216721916	0	0	0.838701652539654	0.548820452378601	Leicester_with_progressor_longitudinal_Sample180
0.0171219546240783	0.017199560955658	0.0051719026500693	0	0.0551495994116851	0.0928705050780698	0	0	0	0.394525469251225	0.417961008029214	0	0	0.88004434711401	0.478607606078229	Leicester_with_progressor_longitudinal_Sample181
0	0.00400747566586849	0.0646179236058039	0	0.497001083572547	0	0.0256905477694868	0	0	0	0.408682969386293	0	0	0.721593231030055	0.690969613177279	Leicester_with_progressor_longitudinal_Sample182
0	0.103256164320509	0	0	0	0.132370229733767	0	0	0	0	0.639383973637575	0.124989632308149	0	0.776250022493211	0.630248753790635	Leicester_with_progressor_longitudinal_Sample183
0	0.0721355240824126	0	0	0.0481720093678854	0.166734651767201	0	0	0.00301133173147886	0.147910010150878	0.467049038219961	0.0949874346801827	0	0.770823603342771	0.637793572354468	Leicester_with_progressor_longitudinal_Sample184
