Macs_IFN_B1a_Macs_IFN_y	Macs_IL_10	Macs_IL_4_Macs_IL_13	DCs_IFN_B1a	DCs_IFN_B1a_DCs_IFN_y	DCs_IL_10	Monos_IFN_B1a_Monos_IFN_y	Monos_IL_10	Monos_IL_4_Monos_IL_13	PMNs_IFN_B1a	PMNs_IFN_B1a_PMNs_IFN_y	PMNs_IL_4_PMNs_IL_13	P.value	Correlation	RMSE	sample
0	0.0829239389408838	0	0	0.242706563353062	0	0	0	0	0.481622641103672	0	0.192746856602382	0.07	0.280988940476561	1.00510051162036	GSM484368
0	0.0486216073875151	0	0	0.370630114703685	0	0	0	0	0.397820974503185	0	0.182927303405615	0.04	0.323755976962945	0.972791318224318	GSM484369
0	0.0615469592919934	0	0	0.364966609112977	0.0253334973515805	0	0	0.03409557106876	0.389729393112887	0	0.124327970061802	0.04	0.328106435183492	0.970415337027059	GSM484370
0	0.0721633726709869	0	0	0.488496526101276	0	0	0.0189421625455861	0	0.305418533586116	0	0.114979405096035	0.11	0.232885336800155	1.02938382474772	GSM484371
0	0.0773062226496899	0	0	0.373962132853565	0	0.0126367177356305	0	0	0.36799852124655	0	0.168096405514565	0.02	0.361293074600127	0.953035625540557	GSM484372
0	0.0692861830623786	0	0	0.532781552337872	0	0	0.0143203751617264	0	0.272578656469306	0	0.111033232968718	0.12	0.222999168268728	1.03500060746009	GSM484373
0	0.0980334725001234	0	0	0.231581795174977	0.0128371676717772	0.00536876898442212	0	0.02055014750812	0.490735193372863	0	0.140893454787718	0.07	0.271285540146529	1.01403289037074	GSM484374
0	0.0678421993638891	0	0	0.353763946791205	0	0	0	0	0.43162640467065	0	0.146767449174256	0.12	0.227598159037841	1.03457132616796	GSM484375
0	0.052050594607558	0	0	0.497253954018089	0	0	0.00123666328604185	0	0.353367857559411	0	0.0960909305289	0.05	0.317751595697581	0.98174445330162	GSM484376
0	0.0754183381070294	0	0	0.469698802696999	0	0	0	0.00771786052631823	0.30621160852258	0	0.140953390147073	0.16	0.188327203051984	1.05189682522386	GSM484377
0.0104723522664945	0.0509459095685314	0	0	0.290843710598917	0.0204490721830135	0	0	0.0309541489118682	0.446768788263884	0	0.149566018207291	0.02	0.359336919999357	0.953773196427555	GSM484378
0	0.140807350811479	0	0	0.405762846707444	0	0	0	0.0724486280000761	0.27653096126668	0	0.10445021321432	0.14	0.207259789926898	1.0510418329113	GSM484379
0	0.0310044722183357	0	0	0.558006557224764	0	0	0.0147028870719461	0	0.254695861961205	0.0839734553008488	0.0576167662229007	0.02	0.369835563516923	0.954033018929333	GSM484380
0.0405230347886742	0	0	0	0.500308736237009	0	0	0.0152290954006514	0	0.282445946238502	0.0654344551109563	0.0960587322242067	0.02	0.352253889307597	0.963666190325576	GSM484381
0	0.0446328039134817	0	0	0.466097949684454	0	0	0.0190927648427342	0	0.358515916173208	0	0.111660565386122	0.08	0.268443564044934	1.0067043153416	GSM484382
0	0.0596663801201533	0	0	0.56916706201214	0	0	0	0	0.161940403674915	0.087036008066457	0.122190146126335	0.0600000000000001	0.305909495571242	0.990343003656697	GSM484383
0	0.0331248981430141	0	0	0.529868184960027	0	0	0.0134738924849871	0	0.247633355038268	0.0210498295997576	0.154849839773946	0.0600000000000001	0.298140779937425	0.983932993151187	GSM484384
0	0.0898575597262741	0	0	0.498663700594931	0	0	0.00255954545235452	0	0.261247640193381	0	0.147671554033059	0.15	0.198953757095338	1.04923551342188	GSM484385
0	0.0568878720655823	0	0	0.406855690702651	0.0226352203158783	0.0878603228291068	0	0	0.282067082582786	0	0.143693811503996	0.0600000000000001	0.30407731605065	0.981089792081809	GSM484386
0	0.0872276429437137	0	0	0.504994542763513	0	0	0	0	0.182185376997992	0.0879105159738649	0.137681921320916	0.02	0.365461055213187	0.95690178835877	GSM484387
0	0.0490277523879735	0	0	0.522445441912355	0	0	0.0161305555688437	0	0.249218404849068	0.0909229385828235	0.0722549066989358	0.02	0.366885211804638	0.956781583985984	GSM484388
0	0.026769877315545	0	0	0.461781138537809	0	0	0.00900541089971272	0	0.336172263929612	0	0.166271309317321	0.0600000000000001	0.296157942653952	0.98456791592775	GSM484389
0	0.107282347719095	0	0	0.503488298026125	0	0	0	0	0.255824833761739	0	0.133404520493041	0.07	0.275966742170414	1.01129289891078	GSM484390
0	0.0865208138202124	0	0	0.565908738077342	0	0	0.0147451038587253	0	0.20793970689469	0.0303095618552674	0.0945760754937636	0.08	0.262982325196182	1.01986188506112	GSM484391
0	0.0673078043255618	0	0	0.339589042875228	0	0	0	0	0.392651292373358	0	0.200451860425853	0.05	0.30975651968798	0.981179415765631	GSM484392
0	0.0784989682604982	0	0	0.389415007126319	0.0135297575817295	0	0	0.0766166431581036	0.322181801318646	0	0.119757822554704	0.0600000000000001	0.306349637571405	0.97929573075051	GSM484393
0	0.107387671302639	0	0	0.549840802696748	0	0	0.00647956140654696	0	0.230265034961828	0	0.106026929632237	0.15	0.190323384664497	1.06491877185479	GSM484394
0	0.0562014083464949	0	0	0.435077355567548	0	0	0.00558318998687746	0	0.285398532282402	0.118536571896013	0.099202941920665	0.02	0.463639465398087	0.895594309466657	GSM484395
0.0155138686278148	0.0115364612889679	0	0	0.460363507287379	0	0	0.0206882888945763	0	0.39236469624212	0.0121847995352295	0.0873483781239122	0.02	0.452927669445788	0.898037041330182	GSM484396
0	0.108499960229571	0	0	0.426704421618923	0	0.0272366580571443	0	0.0837117953170656	0.281843204063094	0	0.0720039607142022	0.09	0.258046269934866	1.01528892303973	GSM484397
0.0319374824580236	0.0176239748290279	0	0	0.37359523917338	0	0	0.0100637788224586	0	0.316187453487105	0.114909821739222	0.135682249490784	0.02	0.420462738525476	0.923655113112656	GSM484398
0.0288974546990055	0.0290394764218825	0	0	0.374090167908216	0.000813331900998268	0	0	0	0.419079468814061	0	0.148080100255837	0.02	0.395349462676451	0.934697808914744	GSM484399
0	0.0488990023378481	0	0	0.457884952085226	0	0	0.00768826506822665	0	0.351500016385024	0	0.134027764123675	0.1	0.247247914554735	1.01760825254054	GSM484400
0	0.0962638966796452	0	0	0.361259313599346	0	0.0224211916865306	0	0.0361051080343637	0.285955938676373	0	0.197994551323742	0.11	0.237902771941025	1.01727107749421	GSM484448
0.0117015606099234	0.0310305771944902	0	0	0.483877635793046	0	0	0.00985839144939141	0	0.320109072355878	0.0298577283333645	0.113565034263906	0.02	0.355004584012986	0.958178558739363	GSM484449
0	0.0779098816427968	0	0	0.287998090901534	0	0.014649081948178	0	0.0420327196580341	0.503662790167222	0	0.0737474356822344	0.1	0.253039620563214	1.02748213771069	GSM484450
0.0134105409173639	0.0315656974461473	0	0	0.456014243599914	0	0	0.0172286398613479	0	0.342492944146252	0.0693617279407188	0.0699262060882562	0.02	0.35434132882783	0.966234336807798	GSM484451
0	0.032577783650557	0	0	0.512229468051634	0	0	0.0221742521383553	0	0.330267401154706	0	0.102751095004747	0.1	0.254641661339161	1.01259703842907	GSM484452
0	0.0610980590829711	0	0	0.289380246937151	0	0	0	0.0614449049063059	0.480474395199284	0	0.107602393874288	0.0600000000000001	0.290664511270075	0.996610449808781	GSM484453
0	0.0551059691123792	0	0	0.344905266048399	0.0571460280695303	0.00400501016258131	0	0.04799882494124	0.371340695284769	0	0.119498206381101	0.15	0.199991848617406	1.0364573716695	GSM484454
0.0172463200218757	0.0358136348708775	0	0	0.467786133780191	0	0	0	0.0302020942539783	0.373005851484046	0	0.0759459655890316	0.13	0.217306296092302	1.0393648736112	GSM484455
0.0135069308780064	0.0391642880758044	0	0	0.3692494852856	0.000953694328540598	0	0	0	0.387499331428734	0.0795855816063156	0.110040688396999	0.02	0.447779435011403	0.906893513494207	GSM484456
0.00523527064899615	0.0375198096065132	0	0	0.266307102645655	0.0125694927547692	0	0	0.0314262227987998	0.529213332074929	0	0.117728769470337	0.03	0.333644349685944	0.975530176567977	GSM484457
0	0.0868847589598045	0	0	0.339738847958305	0	0.0153546686283782	0	0.0490747584764178	0.399739807668888	0	0.109207158308207	0.12	0.222497792789208	1.03480458144323	GSM484458
0.0444217224113633	0.0026021247126029	0	0	0.426253446726252	0	0	0.0107510609086861	0	0.383188063854992	0.0678275438820022	0.0649560375041013	0.02	0.386953030800187	0.949727257828833	GSM484459
0.00352559503781649	0.0708519932566794	0	0	0.22871609292827	0.0903567579267628	0.0445201212929435	0	0.0651727968037112	0.352350254315141	0	0.144506388438675	0.1	0.252002822454577	1.00382065514942	GSM484460
0.0398039671742878	0.0436020568459833	0	0	0.248227754820882	0.0367934341181118	0.0217777515152808	0	0.0639115549788379	0.462141577267366	0	0.0837419032792501	0.0600000000000001	0.307745276870967	0.988869718156296	GSM484461
0.02645114851594	0.0515627328424392	0	0	0.168132617578665	0.06676674762102	0.00789225736947904	0	0.0777943514658805	0.524919423619658	0	0.0764807209869185	0.02	0.37737569195561	0.947023957864889	GSM484462
0.0290159125222082	0.0113938661566203	0	0	0.323605608245996	0.0234382593926158	0	0	0	0.581208740793621	0	0.0313376128889383	0.01	0.477395143620002	0.892245984680991	GSM484463
0.0337595843896046	0.00982755637082068	0	0	0.237937393179699	0.0415465764828118	0	0	0	0.559347450941676	0	0.117581438635389	0.02	0.404719772842455	0.935680713884113	GSM484464
0.0250709269215609	0.0098273103349828	0	0	0.364727225290523	0.0137092368054857	0	0.001681480399317	0	0.517175733240195	0	0.0678080870079352	0.02	0.345692879946204	0.974492540580956	GSM484465
0.0464560070918454	0	0	0	0.264868983207136	0.0399132522505631	0	0	0	0.550987524611248	0	0.0977742328392073	0.02	0.384943662324628	0.950042890738229	GSM484466
0	0.0821651904642387	0	0	0.367901740221583	0	0.00630375183446649	0	0.0719470695498779	0.343115687968743	0	0.128566559961091	0.11	0.23435230065869	1.02030326326692	GSM484467
0.0641710295942338	0	0	0	0.345709851845323	0.0161346745435195	0	0.0033346773728515	0	0.480705092733773	0.0176292678325163	0.0723154060777827	0.02	0.39806332424958	0.943758413583215	GSM484468
0.0101123306083044	0.0314182676299105	0	0	0.282793346906589	0.00637927894693534	0	0	0.031058838839134	0.509351910620586	0	0.128886026448541	0.07	0.2757847492357	1.00817000591322	GSM484469
0.0164572838393352	0.0464252482439432	0	0	0.270206219685985	0.0183626655029598	0.0125005757592945	0	0.0543500392272627	0.50335655272209	0	0.07834141501913	0.11	0.232870063786374	1.03506360984911	GSM484470
0.00401848499279419	0.0825194334381867	0	0	0	0.0548863914722706	0.0153226874723333	0	0.102967356029508	0.610639768419108	0	0.129645878175799	0.02	0.40596233491609	0.930548161869191	GSM484471
0	0.0682481004905366	0	0	0.240869243495749	0	0.0660311892951099	0	0	0.550541304866776	0	0.0743101618518283	0.01	0.487859284105589	0.881687802727973	GSM484472
0.0213680152207231	0.0348102575625376	0	0	0.150319360613252	0.048669774121914	0	0	0.0125345101596231	0.598966349321376	0	0.133331733000574	0.0600000000000001	0.300542195098919	1.00290228769849	GSM484473
0.0360632236331007	0.0151092933946892	0	0	0.330220259633661	0.0107806581068547	0	0	0	0.385061968419135	0.120694288156037	0.102070308656522	0.02	0.414376374856883	0.934474736088966	GSM484474
0	0.0532743667872529	0	0	0.384981722798323	0.0268672271257598	0.0604602674108462	0	0	0.41221901246429	0	0.0621974034135281	0.02	0.349587885521181	0.964993945714034	GSM484475
0	0.0391630170284153	0	0	0.282804948594523	0	0	0.00672358533905765	0	0.554754243840303	0	0.1165542051977	0.05	0.314517832127209	0.992716984530603	GSM484476
0.000293831662664571	0.0475658915696139	0	0	0.153617057815428	0.0273402911534089	0	0	0.0608543192742465	0.628328045287331	0	0.082000563237307	0.01	0.492164709799975	0.877479602360573	GSM484477
0.0569622109383456	0	0	0	0.337688795394385	0.0424047571437819	0	0.0033167583785093	0	0.499997814825837	0	0.0596296633191419	0.02	0.414575350317734	0.930610512217433	GSM484478
0.0159661525778354	0.0327883485946329	0	0	0.225581688897309	0.0255795160285184	0	0	0.0187627884136116	0.564387377198747	0	0.116934128289346	0.07	0.276727311326412	1.01489771910487	GSM484479
0.0206382421638468	0.0585587609379528	0	0	0.171470785002552	0.0299590918651917	0.0208502963123887	0	0.058009883836176	0.538549316892772	0	0.10196362298912	0.03	0.330734371901048	0.978503561865116	GSM484480
0	0.0699243180707288	0	0	0.292048989309833	0.0107331990825815	0.025674692269578	0	0.068647321676915	0.40823575563793	0	0.124735723952434	0.11	0.241568083797206	1.01717741450448	GSM484481
0.0252077320915199	0.0146570310477186	0	0	0.203953207757926	0.0343317441090747	0	0.00316164374021211	0.00352144446793902	0.600549673026618	0	0.114617523758992	0.05	0.310164665399174	0.99960210453393	GSM484482
0.0319495981762308	0.0590034181919002	0	0	0.187219947228369	0.0196925132067594	0.0302650368701967	0	0.0640412918719403	0.489821555247855	0	0.118006639206749	0.05	0.313329625209117	0.985828489810872	GSM484483
0.0172843882368382	0.0591800658350568	0	0	0.288641761825685	0.0172038288384559	0.00718423242966041	0	0.0660367899302645	0.446575816035342	0	0.0978931168686974	0.07	0.285669994025685	0.998851431886771	GSM484484
0.0169185654049215	0.0300938608958262	0	0	0.496973334636648	0	0	0.0120946807267974	0	0.389505863167089	0	0.0544136951687176	0.0600000000000001	0.294285305508691	1.00056501679535	GSM484485
0.0120527343486942	0.0645561371877965	0.0169328440221701	0	0.0644989948344207	0.0632630806222717	0.0380648859937281	0	0.0278547937422076	0.605960298670326	0	0.106816230578385	0.02	0.419592416395442	0.926442947597069	GSM484486
0.00726284574429369	0.0672669502024294	0	0	0.220376974173167	0.00513304470652286	0	0	0.057068371696573	0.548385265698353	0	0.094506547778661	0.0600000000000001	0.290725984748359	1.00487803894743	GSM484487
0	0.0730271163494072	0	0	0.363290734337695	0.0115428858719036	0.0260271828682794	0	0.0449180760959169	0.381390410170708	0	0.0998035943060896	0.11	0.232541664206727	1.02673312280196	GSM484488
0.00218491613530821	0.0683343012005643	0	0	0.211420258693858	0.0310471748209645	0	0	0.0420462056003691	0.520900152985487	0	0.124066990563449	0.0600000000000001	0.291815475340531	0.99902377905671	GSM484489
0.0047488126854655	0.00735105663801479	0	0	0.540483181411314	0	0	0.0079270649384102	0	0.214587814487962	0.146924916095054	0.0779771537437791	0.02	0.414808989975891	0.926600731356899	GSM484500
0.00445379507750861	0.00468644576843813	0	0	0.451997565290224	0	0	0.00881326766523393	0	0.475514699485679	0	0.0545342267129164	0.02	0.420968938470338	0.922303244937455	GSM484501
0	0.0350853771542185	0	0	0.526241875814404	0	0	0.011000809703163	0	0.314887097780871	0	0.112784839547343	0.03	0.331490436221207	0.968661492436173	GSM484502
0.00467753209983129	0.0325810973545923	0	0	0.543830558055379	0	0	0.0259017289940252	0	0.208215561898047	0.0845709491212012	0.100222572476924	0.02	0.368496961166936	0.950457752456594	GSM484503
0	0.0829646590316784	0	0	0.534882466252063	0	0.0267259687848183	0	0.0280297336636754	0.169655393094687	0	0.157741779173078	0.19	0.153453585027994	1.06615325706788	GSM484504
0	0.0556618316929581	0	0	0.328921562611787	0.0544851521492553	0.00255787440945153	0	0.0909229102406834	0.436108470552598	0	0.0313421983432665	0.0600000000000001	0.304446024501721	0.98533597931627	GSM484505
0	0.0536415036843913	0	0	0.308214974463402	0	0	0	0.00275727321284635	0.531762991607933	0	0.103623257031428	0.02	0.360619993502777	0.963847181568898	GSM484506
0.0284641356765367	0.000313434487314125	0	0	0.355293129928938	0.00716754696794731	0	0.0080814263309483	0	0.502179632334033	0	0.0985006942742828	0.02	0.370933384756063	0.954969305510462	GSM484507
0	0.0674737153490168	0	0	0.40103879258185	0.0394893572667972	0.0461683970103892	0	0.0289477082041769	0.30623969448953	0	0.110642335098241	0.11	0.239396471290359	1.01843821002422	GSM484508
0	0.0519160743446599	0	0	0.359764747615276	0.0518181492561697	0.0116348050624697	0	0.0819166969235661	0.360111392566935	0	0.0828381342309239	0.08	0.26664402295693	0.999174133996403	GSM484509
0	0.101181752119708	0	0	0.363218252942544	0.00376274259796037	0.0437442947414186	0	0.07228607333099	0.227425805171284	0	0.188381079096094	0.11	0.236128078785079	1.01420224875831	GSM484510
0	0.0760193542394984	0	0	0.577977354844334	0	0	0.0238914760973406	0	0.165125876902646	0	0.156985937916182	0.21	0.131133565771565	1.08102576928384	GSM484511
0.0229027332047103	0	0	0	0.478531641735454	0	0	0.0173685052711585	0	0.386812567498068	0	0.0943845522906098	0.03	0.335418450229403	0.969654639456686	GSM484512
0.026097877490161	0	0	0	0.192706845274638	0.0255318205051077	0	0	0	0.589717034893934	0	0.165946421836159	0.02	0.443287292523306	0.910142076980231	GSM484513
0	0.0327390732170495	0	0	0.509018116882699	0	0	0	0	0.309567888918998	0	0.148674920981253	0.11	0.23207545873673	1.02162755551156	GSM484514
0	0.0268282671536114	0	0	0.548774990469406	0	0	0.00688484579922184	0	0.276538091670147	0.0855120812718883	0.0554617236357245	0.02	0.4130994295671	0.927423519545874	GSM484515
0	0.0682448122707325	0	0	0.524889910517205	0	0.124006685564	0	0	0.106497270941699	0.0778213324534613	0.098539988252902	0.02	0.358247400072021	0.958435145140119	GSM484516
0	0.00388898580924127	0.00696058189800989	0	0.612973319036335	0	0.0991947281524728	0	0	0.0952311810798286	0.0343419765327214	0.147409227491391	0.0600000000000001	0.308112158007986	0.973927512399204	GSM484517
0	0.0397015697482023	0	0	0.680475967213643	0	0.00136458398041451	0.0151579658656572	0	0.154060453506822	0	0.109239459685261	0.17	0.178591574164473	1.05479562658668	GSM484518
0.006693850335241	0.0234613348826959	0	0	0.542004088301036	0	0	0.00858235606215439	0	0.242703179120784	0.0866009186698517	0.0899542726282368	0.02	0.340591674685177	0.969716675104505	GSM484519
0.00957346739027512	0.0162577479295241	0	0	0.585888962127785	0	0	0.0118467938658152	0.00964082268878489	0.242491905867032	0	0.124300300130784	0.13	0.219980369183473	1.02640059763699	GSM484520
0	0.0389975844599446	0	0	0.583624650466119	0	0	0.00338509425240812	0.00333000312365651	0.247137527847712	0	0.123525139850159	0.2	0.151520425956851	1.06635102602346	GSM484521
0	0.0700070276334934	0	0	0.483586647060278	0	0.0127182363809519	0	0.0674583182115514	0.232537821845486	0	0.133691948868239	0.14	0.211702840723154	1.02862281588714	GSM484522
0	0.073227621945221	0	0	0.32024495151097	0.0887510637385133	0.0596340442912194	0	0.0898631504206075	0.255330901989551	0	0.112948266103917	0.12	0.224270296489271	1.01546513092393	GSM484523
0.0140121889035643	0.0190682306689517	0	0	0.478079117265064	0	0	0.0047797286624926	0	0.373465595737567	0.00181730742460581	0.108777831337755	0.03	0.336320790254093	0.968852766469719	GSM484524
0	0.0427716888211343	0	0	0.520806528095637	0	0	0.022745879922959	0	0.28909475131703	0	0.12458115184324	0.04	0.324571241404395	0.971323337145468	GSM484525
0	0.0423858216455122	0	0	0.500205432173363	0	0	0.0225025178797602	0	0.272030530591547	0.0540577284166509	0.108817969293167	0.02	0.378069631274197	0.943786455830202	GSM484526
0.00202006423110229	0.00994319537072043	0	0	0.685963857538081	0	0	0.0206604196663554	0	0.143872787907145	0.00270085668578277	0.134838818600813	0.14	0.207476680155527	1.03059916946452	GSM484527
0	0.0597211335452272	0	0	0.37880755195012	0	0	0.0141175941071019	0	0.407792468323889	0	0.139561252073661	0.07	0.269415107382016	1.0079410221137	GSM484528
0.0178823243804163	0.010506706675622	0	0	0.31922653477854	0	0	0.0160684312176101	0	0.45772895634282	0	0.178587046604992	0.02	0.366835115744815	0.94946978444269	GSM484529
0	0.0901881243726193	0	0	0.592128114798031	0	0	0	0	0.140069091351169	0	0.17761466947818	0.2	0.145232783689833	1.07822508574803	GSM484530
0	0.0633619842411841	0	0	0.366792438086114	0	0	0	0.0734979438220354	0.357341094056337	0	0.13900653979433	0.0600000000000001	0.297829340001546	0.982631810096706	GSM484531
0	0.0476326238369392	0	0	0.601354260454053	0	0	0.0225521296350265	0	0.196977690983854	0	0.131483295090127	0.18	0.161680658814485	1.06065900120704	GSM484532
0.00350930142137148	0.0336084486631034	0	0	0.415365354234863	0	0	0.00143322653743767	0	0.188750449272703	0.189883383691162	0.16744983617936	0.01	0.492841653415757	0.873568357198093	GSM484533
0	0.0628953970325811	0	0	0.501976682136054	0	0.118351030787359	0	0	0.025263568113566	0.29151332193044	0	0.02	0.377488572004383	0.969506070943255	GSM484534
0	0.043985209437484	0	0	0.552886661921961	0	0	0.0310951284574154	0	0.220435787503106	0.00445011561345689	0.147147097066577	0.04	0.32560180605611	0.96831944933258	GSM484535
0.00190986959391715	0.0185148359681092	0	0	0.481774831182118	0	0	0.00612156989302123	0	0.212989960669354	0.186515600665144	0.0921733320283354	0.01	0.490137447270326	0.878081463609917	GSM484536
0	0.0545653274757872	0	0	0.379554674632928	0	0	0.00748813359866144	0	0.423204405091808	0	0.135187459200815	0.14	0.208244981521016	1.04363391210994	GSM484537
0	0.0261738571419169	0	0	0.579782749508625	0	0	0	0	0.205045053479827	0	0.188998339869631	0.16	0.18678264312488	1.03876674289722	GSM484538
0.00955108931530773	0.0591778520220435	0	0	0.248301909170348	0.0980274459260008	0.023800731959923	0	0.0742619017926134	0.354176213967439	0	0.132702855846325	0.05	0.31582366122169	0.969197493937975	GSM484539
0	0.0795287641578861	0	0	0.477347686086148	0	0	0.00652278198561675	0	0.287595429938839	0	0.149005337831511	0.11	0.235076825155337	1.0264467541559	GSM484540
0	0.0720937489397165	0	0	0.593366387360848	0	0	0.0153609323501182	0	0.204936512574282	0	0.114242418775035	0.17	0.177910994105755	1.06080431417258	GSM484541
0	0.0869767602175295	0	0	0.546769723347997	0	0.0167544792680659	0	0	0.22209786147889	0	0.127401175687518	0.18	0.155275100758445	1.07516923028511	GSM484542
0	0.0746490901206978	0	0	0.606370626799985	0	0.0710736920776986	0	0	0.119534860228251	0.108453060754313	0.019918670019055	0.07	0.270317412224035	1.02630605238673	GSM484543
0	0.0627783314841357	0	0	0.581664555644648	0	0.0986659694252144	0	0	0.0631411016262683	0.0724334151951279	0.121316626624606	0.0600000000000001	0.304846570272882	0.988358309930394	GSM484544
0	0.0523427574640662	0	0	0.642536078102151	0	0	0.0181902688580465	0	0.120639471510833	0.050404142895547	0.115887281169357	0.11	0.239228386581025	1.02553999249037	GSM484545
0	0.0386426836205348	0	0	0.527591858435368	0	0	0.0258459584247043	0.0075745487958414	0.280288139366099	0	0.120056811357453	0.14	0.210191882937761	1.03316752670923	GSM484546
0	0.0189287923008809	0	0	0.508811118074193	0	0.0749993798841812	0	0	0.339494796456189	0	0.0577659132845561	0.05	0.311230984577823	0.983417684790061	GSM484547
0	0.0302570199398383	0	0	0.531452910728479	0.00868425873744192	0.031076557077496	0	0.0115382632286852	0.263448334285929	0	0.12354265600213	0.17	0.174791893303791	1.04964872541692	GSM484548
0.00806534706485522	0.00497679230419789	0	0	0.40610581501586	0	0	0.0172140633392182	0	0.477739451045179	0	0.0858985312306896	0.02	0.371283296008047	0.952015316525811	GSM484549
0.0259829687651704	0.0243798104948327	0	0	0.305141539146091	0.00115562160783162	0	0.00680412323956456	0.0146723299388985	0.431714210642968	0	0.190149396164643	0.0600000000000001	0.304078439186981	0.984806051859192	GSM484550
0	0.0206653877933209	0	0	0.461804206334384	0	0.0378498944515126	0	0	0	0.292096870238456	0.187583641182326	0.02	0.429681566812516	0.915194097719888	GSM484551
0	0.155125677421918	0.00824863812034361	0	0.571655034368492	0	0.109661034565085	0	0	0.0561478496993398	0	0.0991617658248214	0.07	0.283214038203534	1.03042287208948	GSM484552
0	0.0987704430220523	0	0	0.509873679254309	0	0.104217165809269	0	0.204759788866383	0.00659020536656663	0	0.0757887176814211	0.18	0.160281763661869	1.05585411273098	GSM484553
0	0.0697999648587477	0	0	0.614850634493142	0	0.0691250546576673	0	0.151432588011621	0	0	0.0947917579788226	0.22	0.116331683806363	1.07700190307181	GSM484554
0.0097021054997983	0	0	0	0.418659828946226	0	0.165465553682476	0	0	0.0964122588129529	0.24112856517751	0.0686316878810376	0.01	0.480916638138229	0.884905080267218	GSM484555
0	0.0506347162205357	0	0	0.639770514447655	0	0.136250258402542	0	0	0	0.106959187465832	0.0663853234634355	0.07	0.274392322396021	1.01205614691815	GSM484556
0	0.0852469349796612	0	0	0.668569941077332	0	0.130561321017044	0	0.0749199332433781	0	0.0278594550751935	0.0128424146073909	0.28	0.104610252801288	1.1144674302079	GSM484557
0	0.112498871699026	0	0	0.611676079882879	0	0.0362575843773464	0	0.212485766535562	0	0	0.0270816975051857	0.29	0.0955899024309403	1.10525765208636	GSM484558
0.013130286136077	0.0168502549368523	0.042509583939343	0	0.402847679364625	0	0.184757204428942	0	0	0.125221540247546	0.171551791669339	0.0431316592772759	0.02	0.446001713341302	0.906749157427505	GSM484559
0	0.0760125062467694	0	0	0.692085364002375	0	0.110917832720595	0	0	0	0.0458254502810971	0.0751588467491627	0.03	0.331730585458202	0.982315745687102	GSM484560
0	0.090905812050024	0	0	0.507192829528091	0.0092026364370299	0.318006722259455	0	0.015919121056821	0	0.058772878668579	0	0.15	0.191930481844305	1.07524627475879	GSM484561
0	0.1335315908016	0	0	0.455872549207148	0	0.162464382709796	0	0.15741003653637	0.0149654822053652	0	0.075755958539721	0.21	0.129542286642316	1.08958777984046	GSM484562
0.0282388045070509	0	0	0	0.532380314487176	0	0	0.025152827021806	0	0.184096352843753	0.216593789679169	0.0135379114610455	0.02	0.422660711023252	0.932758037846852	GSM484563
0	0.0480508253324893	0	0	0.625264129360998	0	0.119639557469786	0	0	0	0.167558903089613	0.0394865847471146	0.02	0.437581042203604	0.914171958371619	GSM484564
0	0.0591420556334025	0	0	0.607406101203495	0	0.07432215307755	0	0.149989025631196	0	0.0717174996999713	0.0374231647543851	0.09	0.256665381784152	1.00761899830411	GSM484565
0	0.0858192459004263	0	0	0.530652360759469	0	0.0890447030333331	0	0.245064844855271	0	0	0.0494188454515013	0.14	0.204521312809713	1.02838183599287	GSM484566
0	0.0570153499804788	0	0	0.347691349946716	0	0	0	0	0.32583238425146	0	0.269460915821345	0.02	0.433878165207737	0.90325172824663	GSM484567
0	0.124044117953875	0	0	0.532328891723006	0	0.0666874301599295	0	0	0.102850733786493	0	0.174088826376697	0.05	0.314578885778519	0.989379281372792	GSM484568
0	0.0848388614869112	0	0	0.47207508550814	0	0.0886000054627668	0	0.253970816105088	0	0	0.100515231437093	0.19	0.152216501166939	1.0463852511583	GSM484569
0	0.0887503884143148	0	0	0.603275964738781	0	0.0737823634548191	0	0.142813525777863	0	0	0.0913777576142225	0.29	0.0968184154709698	1.09515832339655	GSM484570
0	0.00981920441634403	0.0842052452080928	0	0.39864718258144	0	0.181297930990815	0	0	0.0145597465444704	0.228932352629197	0.0825383376296404	0.02	0.444807403772501	0.903828495257968	GSM484571
0	0.0554937343141817	0	0	0.691549499577386	0	0.118722383819292	0	0	0	0.0452137201156532	0.0890206621734867	0.02	0.341925482174554	0.969768416527272	GSM484572
0	0.0765318668499739	0	0	0.663939077572943	0	0.046316696843982	0	0.0735939785622782	0	0.087865185632964	0.0517531945378587	0.15	0.189949587136453	1.06050204437285	GSM484573
0	0.0959715803123504	0	0	0.507034847059171	0	0.0456638881674672	0	0.249898191928131	0.00212690007917943	0	0.0993045924537005	0.2	0.14900211770737	1.05305305803135	GSM484574
0.000262263247154239	0.0570658627306368	0	0	0.3862968542006	0	0.0203199998937732	0	0	0.305637356032684	0	0.230417663895151	0.02	0.428662038955976	0.906888905890026	GSM484575
0	0.104344697088369	0	0	0.608326177769926	0	0.0592147182480984	0	0	0.0743567396443451	0	0.153757667249261	0.04	0.328846611031599	0.980076929153062	GSM484576
0	0.0971058841362673	0	0	0.498235800243171	0	0.158004926539446	0	0.153110941562684	0	0	0.0935424475184309	0.17	0.169281531784956	1.05508471640628	GSM484577
0	0.0619019417185386	0	0	0.63785538253201	0	0.0804203952227955	0	0.190877359489303	0	0	0.0289449210373519	0.22	0.123173430916396	1.07451711274031	GSM484578
0	0.0626215542356363	0	0	0.375393159312496	0	0.204893687908967	0	0	0	0.24363536915371	0.11345622938919	0.02	0.405227912819727	0.934035150749983	GSM484579
0	0.0420746048702971	0	0	0.692217062065758	0	0.145904455344183	0	0	0.033103339703073	0	0.0867005380166895	0.02	0.348054226383991	0.961972830541888	GSM484580
0	0.0925103567444175	0	0	0.544657658274578	0	0.127851692630441	0	0.117870331782389	0	0.0577681076506574	0.0593418529175165	0.18	0.157904556894364	1.0699570473308	GSM484581
0	0.0656569111914991	0	0	0.702837992976361	0	0.15827295895585	0	0.0411716210924952	0.00359222396995494	0	0.0284682918138402	0.29	0.0940075759828928	1.11646026823429	GSM484582
0.00687935864570593	0	0	0	0.569096300524592	0	0.0340433955952562	0.0279572688691109	0	0	0.297069425745256	0.0649542506200791	0.05	0.31390981706025	0.996709012533417	GSM484583
0	0.0335736358671324	0	0	0.734480083700484	0	0.13888099065915	0	0	0	0.0279773621703905	0.0650879276028436	0.03	0.3324193398866	0.973637780199059	GSM484584
0	0.0932806849126779	0	0	0.575512786552135	0	0.116015640336715	0	0.15437647312797	0	0.0241189447560475	0.0366954703144544	0.21	0.140261194256202	1.07838800678926	GSM484585
0	0.0838228634806398	0	0	0.655652074790112	0	0.0271153625798857	0.0185954874831631	0.182920510691473	0.00097871176049223	0	0.0309149892142337	0.29	0.0953013532223032	1.09851350859776	GSM484586
0.00126245903919798	0.00156693761370238	0.0505574134749468	0	0.217251968323737	0	0	0.00497183090481515	0	0.562795301753003	0	0.161594088890597	0.01	0.537164684681555	0.8425069625034	GSM484587
0	0.118971454175918	0	0	0.54842415582912	0.0159746828901896	0.109176394922235	0	0	0.0244336184966289	0	0.183019693685909	0.14	0.20567476892923	1.05345784656633	GSM484588
0	0.0714340433067091	0	0	0.665726931266899	0	0.13670349762977	0	0.0847030896135014	0	0.0139566846899556	0.0274757534931656	0.22	0.120887362649699	1.09587075878899	GSM484589
0	0.0766092484999492	0	0	0.667350504941344	0	0.112968608590343	0	0.0641951803084583	0	0	0.0788764576599056	0.32	0.0681293479798998	1.12176811102372	GSM484590
0	0.0349479082287361	0.0520042294632648	0	0.29511490695922	0	0.01376023394107	0	0	0.434760027117418	0	0.169412694290291	0.01	0.479174746965316	0.878518115971319	GSM484591
0	0.0761936314538684	0	0	0.624483219425278	0	0.0688882710128193	0	0	0.0838073828116723	0	0.146627495296362	0.07	0.281835940314164	1.00141699376008	GSM484592
0	0.129586728678795	0	0	0.547700357699849	0	0.0976337060328315	0	0.134089856063019	0.00133040151057418	0	0.089658950014931	0.34	0.0652081692599142	1.12855335241347	GSM484593
0	0.100366067241321	0	0	0.615543999062434	0	0.0880135066002687	0	0.156792630349612	0.00177893821721993	0	0.0375048585291438	0.3	0.0847161464992307	1.11213685010524	GSM484594
0	0.0802095430230926	0	0	0.589152901761063	0	0	0.00494930851585931	0	0.170889296610462	0.0879921919925906	0.0668067580969325	0.0600000000000001	0.294585298997303	1.00713073642536	GSM484595
0.0064557131113752	0.00268426595447733	0	0	0.529390915080396	0	0	0.00441303139699766	0	0.200178157205903	0.169136795169621	0.0877411220812307	0.02	0.445765472239181	0.906889385005074	GSM484596
0	0.0567384970789427	0	0	0.705396019775868	0	0	0	0	0.17699594675453	0.00699589113849073	0.0538736452521685	0.11	0.23217950957278	1.03812321083533	GSM484597
0	0.117350353559817	0	0	0.490768662762719	0	0	0	0	0.10611747214903	0.177060798056474	0.10870271347196	0.0600000000000001	0.292914621674884	1.01682506087518	GSM484598
0	0.0961676443044159	0	0	0.355862362448142	0	0.0260871091838111	0	0.0820480153194333	0.355518091893081	0	0.0843167768511163	0.11	0.236972471560699	1.0244283288636	GSM484599
0.0198187291324765	0.027368719219899	0	0	0.247869790741155	0.0242106702875064	0	0	0	0.519579342738568	0	0.161152747880395	0.03	0.338580056996458	0.972481522083424	GSM484600
0	0.0796542498835476	0	0	0.374969830677514	0.01101913978875	0.0281479171415838	0	0.0519425590542027	0.356758330192334	0	0.097507973262068	0.07	0.27822336562697	1.00047473263121	GSM484601
0	0.0731846809737193	0	0	0.349762745731923	0.022810374884777	0.0253375736815227	0	0.037906541111888	0.382239570173754	0	0.108758513442416	0.1	0.253437038136212	1.01447475784499	GSM484602
0	0.0829239389408838	0	0	0.242706563353062	0	0	0	0	0.481622641103672	0	0.192746856602382	0.07	0.280988940476561	1.00510051162036	GSM484603
0	0.0486216073875151	0	0	0.370630114703685	0	0	0	0	0.397820974503185	0	0.182927303405615	0.04	0.323755976962945	0.972791318224318	GSM484604
0	0.0964247182568321	0	0	0.350926327481808	0	0.0692781980679282	0	0	0.369302922762436	0	0.114067833430996	0.04	0.329408059547464	0.977906394447071	GSM484605
0	0.0718744852244866	0	0	0.500893597200974	0	0	0.00447921838177553	0	0.198555977859198	0.140421483284991	0.083775238048575	0.02	0.385303436360975	0.950024623777362	GSM484606
0	0.0831244687806404	0	0	0.280216632941885	0	0	0	0	0.490454241502954	0	0.146204656774521	0.02	0.358268435720268	0.962320842485074	GSM484607
0	0.0333413566895835	0	0	0.493971544119126	0	0	0.0163213699533185	0	0.3354903313311	0	0.120875397906872	0.0600000000000001	0.29368825829878	0.989651200830988	GSM484608
0	0.0382027080090758	0	0	0.403049143709222	0	0	3.87708919291092e-05	0	0.450613029964189	0	0.108096347425585	0.02	0.367795575488473	0.953223975924523	GSM484609
0	0.0756926012852969	0	0	0.610436277501254	0	0	0.0167056869224921	0	0.114580267091632	0.0601306406871036	0.122454526512221	0.11	0.230707927555261	1.03532815760142	GSM484610
0.0195223285546072	0	0	0	0.616753676289441	0	0	0.0202150614483148	0	0.0974690545118012	0.166774284422273	0.079265594773563	0.02	0.380281529088514	0.947647342651797	GSM484611
0	0.0615469592919934	0	0	0.364966609112977	0.0253334973515805	0	0	0.03409557106876	0.389729393112887	0	0.124327970061802	0.04	0.328106435183492	0.970415337027059	GSM484612
0	0.0721633726709869	0	0	0.488496526101276	0	0	0.0189421625455861	0	0.305418533586116	0	0.114979405096035	0.11	0.232885336800155	1.02938382474772	GSM484613
0	0.0708963497570151	0	0	0.589100783101945	0	0.120375302905105	0	0	0.0665391833929113	0.108170673186691	0.0449177076563324	0.0600000000000001	0.293773878129271	1.00644609292173	GSM484614
0.0353409838552795	0	0	0	0.415325799881552	0	0	0.00759768216846342	0	0.366987230382383	0.107619668011559	0.0671286357007637	0.02	0.442628515741664	0.914176134947316	GSM484615
0	0.0630259572031142	0	0	0.40273791429012	0.00271859963471719	0.0442321768683268	0	0.0189827557422912	0.288816845574252	0	0.179485750687179	0.07	0.27143953865733	0.996906955592482	GSM484616
0	0.0695150660889339	0	0	0.53984797758084	0	0	0	0.0427545584541642	0.200741129114168	0	0.147141268761894	0.12	0.220885104166207	1.02674725278321	GSM484617
0.0124231982424508	0.0160244693685263	0	0	0.522133663463028	0	0	0.018038442845488	0	0.355481018729693	0	0.0758992073508137	0.02	0.340088139975846	0.967133297841114	GSM484618
0.031751342318781	0.00872956581362669	0	0	0.470256632482951	0	0	0.0107072008368571	0	0.300479077740085	0.0581461605228598	0.11993002028484	0.02	0.380222952079764	0.944417287607725	GSM484619
0.02122333571558	0.01039615260305	0	0	0.544105952482461	0	0	0.0110590328778051	0	0.295516152719644	0.0309571805486603	0.0867421930528	0.02	0.35801638204793	0.957206493353997	GSM484620
0	0.0468522719567218	0	0	0.59959516125311	0	0	0.0201022538431562	0	0.185039942819266	0.0325678862178402	0.115842483909907	0.0600000000000001	0.301233098561995	0.987460320224363	GSM484621
0	0.0773062226496899	0	0	0.373962132853565	0	0.0126367177356305	0	0	0.36799852124655	0	0.168096405514565	0.02	0.361293074600127	0.953035625540557	GSM484622
0	0.0692861830623786	0	0	0.532781552337872	0	0	0.0143203751617264	0	0.272578656469306	0	0.111033232968718	0.12	0.222999168268728	1.03500060746009	GSM484623
0	0.110601796507895	0	0	0.4316060613551	0	0.0372101558480152	0	0.04903002234204	0.258568842843193	0	0.112983121103756	0.16	0.187600557085195	1.05513576449539	GSM484624
0	0.0655620725422779	0	0	0.575339513821226	0	0	0.01492667901668	0	0.189132529951162	0	0.155039204668654	0.17	0.171787016768609	1.05716189780383	GSM484625
0	0.0805079165089754	0	0	0.481438661968904	0	0	0.00868069229258516	0	0.274395003183448	0	0.154977726046087	0.16	0.186632596048469	1.05232674808606	GSM484626
0.0118276938142827	0.0542565947025316	0	0	0.241353375679551	0.0472976101288774	0	0	0.0573618938283701	0.491623167928873	0	0.0962796639175141	0.05	0.312574985389463	0.984174744591815	GSM484627
0.0176238399542412	0.00123093635161953	0	0	0.499875690903254	0	0	0	0	0.344827963160316	0.0894151227213756	0.0470264469091942	0.02	0.41608061322673	0.929538331158274	GSM484628
0	0.135953720209997	0	0	0.497315140035735	0	0	0	0	0.243810218940737	0	0.122920920813531	0.12	0.222831096370248	1.05207114972647	GSM484629
0.0121644371078379	0.0254516509785195	0	0	0.535238398353804	0	0	0.0261556393471421	0	0.294859293465693	0.00876607865609224	0.0973645020909118	0.08	0.260696324262714	1.01050172786025	GSM484630
0	0.0831120257159716	0	0	0.508640010734999	0	0	0.00815571649523228	0	0.130958041989658	0.158462223750142	0.110671981313997	0.02	0.399002476373417	0.940165911805316	GSM484631
0	0.0980334725001234	0	0	0.231581795174977	0.0128371676717772	0.00536876898442212	0	0.02055014750812	0.490735193372863	0	0.140893454787718	0.07	0.271285540146529	1.01403289037074	GSM484632
0	0.0678421993638891	0	0	0.353763946791205	0	0	0	0	0.43162640467065	0	0.146767449174256	0.12	0.227598159037841	1.03457132616796	GSM484633
0	0.052050594607558	0	0	0.497253954018089	0	0	0.00123666328604185	0	0.353367857559411	0	0.0960909305289	0.05	0.317751595697581	0.98174445330162	GSM484634
0	0.10811411999106	0	0	0.625900444486827	0	0.00271960035709364	0	0.0620418706956591	0.151979773716018	0	0.0492441907533436	0.21	0.132691098459589	1.09882516227083	GSM484635
0.00455876759556434	0.0122761139174914	0	0	0.47764300909127	0	0	0.013104842324081	0	0.409222761785839	0	0.0831945052857542	0.02	0.380836498883073	0.942987911694879	GSM484636
0.00927940839253326	0.0494501981568777	0	0	0.320813406506335	0.0284512315939356	0	0	0.0307901352385065	0.476031065722786	0	0.0851845543890257	0.05	0.320792257459974	0.982329366898691	GSM484637
0.0355602350416459	0.00183632573273513	0	0	0.506387897032403	0	0	0	0	0.340016756161244	0.0325632896391985	0.0836354963927734	0.02	0.391664882619774	0.939779529772078	GSM484638
0.00856831150443123	0.062065486749256	0	0	0.202650909127703	0.0882682188413286	0.0254092765555993	0	0.0565978169414422	0.478937779844307	0	0.0775022004359323	0.0600000000000001	0.307792500947467	0.985415853853215	GSM484639
0	0.0621074955279539	0	0	0.37697103095102	0	0.0554520055091738	0	0	0.378098053671163	0	0.127371414340689	0.07	0.283157595089433	0.99982083513658	GSM484640
0	0.0375879242657505	0	0	0.543040848366475	0	0	0.0174540628367922	0	0.288227534145781	0.0142794187113489	0.099410211673852	0.07	0.283630279775742	0.997697911414042	GSM484641
0.0174113809909499	0.0398982951559747	0	0	0.24831259011672	0.0296013854590229	0	0	0.031561645967061	0.525826979247619	0	0.107387723062652	0.04	0.323664316017467	0.982559957052106	GSM484642
0	0.0508462884028791	0	0	0.483862841984957	0	0	0.00255652459031583	0	0.275339433356265	0.037245562634744	0.150149349030839	0.12	0.222760901661091	1.0311698125312	GSM484643
0	0.0754183381070294	0	0	0.469698802696999	0	0	0	0.00771786052631823	0.30621160852258	0	0.140953390147073	0.16	0.188327203051984	1.05189682522386	GSM484644
0.00703528857540587	0.0431671286345805	0	0	0.353859965835875	0	0	0.013080388775325	0.00287386528882483	0.454995200563253	0.0193376062193005	0.105650556107435	0.01	0.473296939029619	0.886992306329052	GSM484645
0.00719075772888829	0.0265073272308858	0	0	0.354215782883911	0	0	0.0151998180037451	0	0.499202797060348	0	0.0976835170922217	0.03	0.333671615590266	0.977100276664038	GSM484646
0.0104723522664945	0.0509459095685314	0	0	0.290843710598917	0.0204490721830135	0	0	0.0309541489118682	0.446768788263884	0	0.149566018207291	0.02	0.359336919999357	0.953773196427555	GSM484647
0	0.140807350811479	0	0	0.405762846707444	0	0	0	0.0724486280000761	0.27653096126668	0	0.10445021321432	0.14	0.207259789926898	1.0510418329113	GSM484648
0	0.0576984036133249	0	0	0.188887116951682	0.0317228777222568	0	0	0.0135802696997778	0.503900228150211	0	0.204211103862747	0.0600000000000001	0.292728819239324	0.993859938201997	GSM549324
0	0.0679737838813879	0	0	0.16899087338476	0.0751417004178566	0	0	0.128021873995838	0.421391279130418	0	0.138480489189739	0.02	0.398109703028603	0.922503239969218	GSM549325
0	0.0748261380990274	0	0	0.277360785643768	0	0.00434696030404675	0	0.0527220811135031	0.544659906114952	0	0.0460841287247032	0.0600000000000001	0.291755638417034	1.00875434070041	GSM549326
0.0239360104465625	0.0248013995579162	0	0	0.23930759899827	0.0286037068270526	0	0	0.00255808197151082	0.500487439133374	0	0.180305763065314	0.1	0.250246654336981	1.02157851795442	GSM549327
0	0.104542980003966	0	0	0.217442896879002	0.00396938685835123	0	0	0.00563105898086969	0.497512917284801	0	0.17090075999301	0.02	0.33989594162535	0.973829287291337	GSM549328
0	0.131712618296028	0	0	0.340284126513643	0	0.100560645450514	0	0	0.232995919842066	0	0.194446689897749	0.0600000000000001	0.303552151993458	0.990204925269866	GSM549329
0	0.0729742241215975	0	0	0.347875159490629	0	0	0	0	0.460506604140604	0	0.118644012247169	0.13	0.218223978977758	1.04550823665762	GSM549331
0	0.0669305776585816	0	0	0.376406652115942	0.0378069909143249	0	0	0.035398981613881	0.408209077135369	0	0.075247720561901	0.13	0.216499296266163	1.0390976285196	GSM549333
0	0.0771672771464046	0	0	0.304259359479012	0.0280813697655822	0	0	0.0734951236351657	0.398213446687876	0	0.118783423285959	0.0600000000000001	0.287676212290065	0.991518540101535	GSM549335
0.00302730893225482	0.0591772494330939	0	0	0.272041467504218	0.0835975985059066	0	0	0.101849686144424	0.351427079585694	0	0.128879609894408	0.04	0.327678434838108	0.960762328170339	GSM549336
0.00313844765343887	0.0474739119604361	0.00286290767556777	0	0.252089433752667	0.0162824340355123	0.0123197801982998	0	0.0380739859010513	0.562456743765276	0	0.0653023550577502	0.0600000000000001	0.301928353206851	1.00094023256127	GSM549338
0	0.171313155923839	0	0	0.355178381547455	0	0.025097927498634	0	0	0.237788956251516	0	0.210621578778556	0.15	0.191437710538683	1.06765511270912	GSM549340
0.00288715805285971	0.0503709947407133	0	0	0.248047555967012	0.0558425511352949	0	0	0.0999047951348084	0.436596329040197	0	0.106350615929115	0.0600000000000001	0.302658868936205	0.979724996648659	GSM549342
0	0.090026270151392	0	0	0.100067705640273	0.0488059719222993	0	0	0.0958802948932357	0.495899549415234	0	0.169320207977566	0.02	0.405737444459483	0.923165428344338	GSM549344
0.0217568206063376	0.0492386007154013	0	0	0.120108868057947	0.0845012831164238	0	0	0.1199130321103	0.441561206745181	0	0.16292018864841	0.02	0.365351414458661	0.941643075022199	GSM549345
0	0.0700866300102693	0	0	0.378434601294282	0.000812952204961491	0	0	0	0.434059422860081	0	0.116606393630406	0.0600000000000001	0.304355005448093	0.993200996148505	GSM549346
0	0.159311148619258	0	0	0.243264801262622	0	0	0	0	0.3769709307023	0	0.220453119415819	0.02	0.3974910029251	0.93830501700749	GSM549347
0	0.12377601531941	0	0	0.328913740116341	0	0	0	0	0.37189875614899	0	0.175411488415259	0.02	0.382476709755793	0.94568197708882	GSM549348
0	0.0947566540302157	0	0	0.232336038547509	0.0258697458629767	0	0	0.0683166777004451	0.46588025668919	0	0.112840627169664	0.05	0.31603648629477	0.981674901637147	GSM549349
0	0.107812657060003	0	0	0.0225005133670357	0.0821595396411728	0	0	0.139987322594965	0.532758858681177	0	0.114781108655646	0.02	0.460101976738429	0.890692837097094	GSM549350
0	0.0908111089183465	0	0	0.283734053099385	0.0510039965083657	0.0703708041041809	0	0	0.34777138445196	0	0.156308652917762	0.02	0.397069135582993	0.930120251152602	GSM549351
0	0.0902878528272445	0	0	0	0.0401336627325885	0	0	0.120562618218139	0.593380992965677	0	0.155634873256351	0.02	0.463954401726589	0.890744875579632	GSM549352
0	0.0806718730782078	0	0	0.276817200798205	0.00920749267848241	0.0156389899781223	0	0.0495099679145085	0.455631594192757	0	0.112522881359717	0.11	0.230745740708131	1.03145256824057	GSM549353
0	0.0460523848959554	0	0	0.411783221074709	0	0	0.009218736759773	0	0.403649404809773	0	0.129296252459791	0.14	0.202891150286027	1.04470545658787	GSM549354
0	0.0704855722301552	0	0	0.430303764566161	0.0182542668597992	0.0507817803624603	0	0.0301320181365798	0.247276136183368	0	0.152766461661476	0.18	0.16254610170935	1.0552160187528	GSM549355
0	0.0977014851316481	0	0	0.168319810699749	0.0284990796856731	0	0	0.0955344722507119	0.493711035552767	0	0.116234116679451	0.02	0.360055618032058	0.954261442446096	GSM549356
0	0.103825970691769	0	0	0	0.045250993283463	0	0	0.0757350703064975	0.616338803339772	0	0.158849162378499	0.02	0.419030513614251	0.924112092007149	GSM549357
0.0140509089065195	0.0241889999204373	0	0	0.22962759863738	0.0279530932868887	0	0	0.0567636770542769	0.533822016683228	0	0.11359370551127	0.02	0.392505615833989	0.937115636252104	GSM549358
0	0.0467137118285332	0	0	0.347947223296112	0	0	0.00531068753327461	0	0.424763193082701	0	0.175265184259379	0.0600000000000001	0.302220215954899	0.986582292469901	GSM549359
0.00196625041804045	0.0495520400150685	0	0	0.317931947579672	0.00140538128897008	0	0	0	0.387664758741295	0	0.241479621956954	0.07	0.276541016346596	0.995527169090879	GSM549360
0	0.0592246636490177	0	0	0.259253540951908	0.0181038457600732	0.00974897002671059	0	0.0467166632331421	0.502350963503578	0	0.104601352875571	0.0600000000000001	0.290378189999909	0.998930727485597	GSM549361
0	0.0542025139429599	0	0	0.300965467071262	0.03208243037829	0	0	0.0487327038908729	0.43446687691592	0	0.129550007800695	0.09	0.256161294227358	1.01021897117984	GSM549362
0	0.0468427736857945	0	0	0.203786463402895	0	0	0	0.0667573039317149	0.582350158304502	0	0.100263300675094	0.02	0.464108358025007	0.894245712999863	GSM549363
0.0182369835973476	0.0517077120199026	0	0	0.0692784578944119	0.0649698160638003	0	0	0.124006785730382	0.574956383891721	0	0.0968438608024351	0.02	0.412280976855466	0.923560562811103	GSM549364
0	0.0878646271689403	0	0	0.46862897471667	0	0.0106980660028949	0	0.0286666769156131	0.277126863361304	0	0.127014791834578	0.2	0.146584140835872	1.07442892284994	GSM549365
0	0.0895542275055206	0	0	0.215652835064758	0	0	0	0	0.471227488291985	0	0.223565449137736	0.02	0.404515535884666	0.928560525242418	GSM549366
0.0321252324455165	0.0084287677342622	0	0	0.247327361688139	0	0	0.0165137302827896	0.0199788988639966	0.572818120657435	0	0.102807888327862	0.02	0.460873593062468	0.898909835535079	GSM549367
0	0.0613893334939383	0	0	0.119216147484869	0.0325753102630337	0	0	0.0754038183018859	0.599346159643471	0	0.112069230812803	0.02	0.428441433051624	0.917354877403365	GSM549368
0	0.0378876488603793	0	0	0.48145035159569	0	0	0.0107031810130657	0	0.324343365501726	0	0.145615453029139	0.11	0.233967098292387	1.02110059162566	GSM549369
0	0.0545631423783981	0	0	0.29486260076885	0	0	0.0102467396997137	0.0308578322668498	0.448731523338226	0	0.160738161547963	0.07	0.279795937207816	0.99879864667853	GSM549370
0.00550543587464756	0.0303120346436717	0	0	0.319351619302321	0	0	0.00597249677745625	0	0.513892286392325	0	0.124966127009578	0.05	0.318373820582751	0.986290258387933	GSM549371
0	0.039027954009025	0	0	0.420823102255243	0	0	0.0136367016473414	0	0.386776199334218	0	0.139736042754172	0.11	0.230729346874704	1.02611021910105	GSM549372
0.000720310508599647	0.0333246656031393	0	0	0.430323242800801	0	0	0.0151810802767463	0	0.362959323435394	0	0.15749137737532	0.1	0.252767551493077	1.01055850836652	GSM549373
0	0.0598291860497131	0	0	0.300693208378738	0.0014627191312198	0	0	0.0561503012552143	0.458916653450826	0	0.122947931734288	0.02	0.365328621988296	0.950490081756941	GSM549374
0	0.0410311722949039	0	0	0.242312508815673	0	0	0.00535570516082478	0	0.602165058018171	0	0.109135555710427	0.0600000000000001	0.286794418783323	1.01574547565268	GSM549375
0	0.132189130613992	0	0	0.236988530152308	0	0	0	0	0.364525554966417	0	0.266296784267283	0.0600000000000001	0.286824077073609	0.997611901206607	GSM549376
0.00477320780586611	0.0387358581952575	0	0	0.492031182071426	0	0	0.00691154053595582	0	0.297655237020779	0	0.159892974370716	0.17	0.174510351330133	1.05192042607466	GSM549377
0.0119449788063766	0.022488522361268	0	0	0.414794683878594	0	0	0.0104664938327641	0	0.431415388001124	0	0.108889933119874	0.02	0.353930702514748	0.960311817803899	GSM549378
0.00274388394299244	0.0407721383177833	0	0	0.401838310772582	0	0	0.0112389651435011	0	0.453084896641748	0	0.0903218051813929	0.03	0.337786898495295	0.972927388847014	GSM549379
0.0153481183911869	0.0294197052870162	0	0	0.256474295158386	0	0	0.00565617041877999	0.029562373188056	0.545832908209941	0	0.117706429346633	0.04	0.326788151021151	0.982376709434768	GSM549380
0.0336959960682503	0	0	0	0.196137082860048	0.0183561380272279	0	0.0145797925265911	0	0.662588675266871	0	0.0746423152510114	0.02	0.445657276299895	0.918456910693969	GSM549381
0.015138645735262	0.0418290653318003	0	0	0.416662364025886	0	0	0.0140533566674833	0	0.442925114413244	0	0.0693914538263254	0.02	0.370224449906899	0.95556395633627	GSM549382
0	0.0553165336415116	0	0	0.38178666169148	0	0.0407895075695709	0	0.0178251911227836	0.421957103705908	0	0.0823250022687464	0.0600000000000001	0.300183007774073	0.993465145812466	GSM549383
0.0507282085830212	0	0	0	0.312830127698332	0.0657501180265068	0	0	0.107879771395789	0.462811774296351	0	0	0.02	0.387836389445978	0.939028081990254	GSM549384
0	0.0961124296551716	0	0	0.173936514819011	0	0	0	0.0751226226198944	0.592358750357081	0	0.0624696825488422	0.02	0.355467049268079	0.970714916467766	GSM549385
0	0.0832631650265487	0	0	0.383883390576012	0	0	0	0.0552519322599681	0.274756332759662	0	0.202845179377809	0.11	0.22987453879637	1.01692401305798	GSM549386
0	0.0467104355020378	0	0	0.123056055892177	0.00128408575881401	0	0	0.0383897427721133	0.612164419954023	0	0.178395260120834	0.01	0.49706993611721	0.872327043417939	GSM549387
0	0.0869870627216306	0	0	0.192000288921098	0	0	0	0.0239583811003602	0.556737721209564	0	0.140316546047347	0.02	0.449150678894225	0.905472588035421	GSM549388
0	0.0693386976281036	0	0	0.496379338525415	0	0	0.00636282404919842	0	0.26459802947736	0	0.163321110319923	0.18	0.155039819670975	1.06588770758104	GSM549389
0.0303044116991281	5.37846571549457e-06	0	0	0.307815424452272	0	0	0.0150705875631414	0	0.467314954112992	0.059435397503687	0.120053846203064	0.01	0.546064867129219	0.837938616368855	GSM549390
0	0.0767263092243175	0	0	0.527854263695938	0	0.000442947715710523	0	0	0.225214833636564	0	0.16976164572747	0.15	0.193141881772538	1.04711929122221	GSM549391
0	0.0804704014181555	0	0	0.52483317313757	0	0	0	0	0.230745828060845	0	0.16395059738343	0.16	0.185204656166777	1.05296947957223	GSM549392
0	0.071812512138246	0	0	0.212741237608908	0.0293756173825058	0	0	0.132848637312959	0.484525466580275	0	0.0686965289771063	0.02	0.398958595274753	0.928271909407211	GSM549393
0.0106562799489717	0.027396361801601	0	0	0.217746457503378	0.0162613177519243	0	0	0.00752400992439207	0.586592550857484	0	0.133823022212249	0.02	0.408312082099491	0.933927117718914	GSM549394
0	0.0927390257723043	0.00946206251259373	0	0.380059618577944	0	0	0.0115418092653508	0	0.416310728554838	0	0.0898867553169686	0.0600000000000001	0.29718696350905	1.00165302783388	GSM549395
0.0155592748427844	0.0147214880346121	0	0	0.289735964933238	0	0	0	0	0.568385776492628	0.00401832188013656	0.107579173816602	0.01	0.515735384979813	0.86093846799316	GSM549396
0	0.176303473800591	0	0	0.127202580916524	0	0	0	0.0534358188073144	0.384697835638138	0	0.258360290837432	0.05	0.310183655119376	0.98671539064674	GSM549397
0	0.0343949591961739	0	0	0.167861879386198	0.0202189676618022	0	0	0.0139490362194842	0.685998448782023	0	0.0775767087543186	0.02	0.449311034119648	0.915769132115298	GSM549398
0	0.0871764091297881	0	0	0.375326972196443	0	0	0	0.0524055891592561	0.364597957448184	0	0.120493072066329	0.05	0.310358566273786	0.982488304804359	GSM549399
0	0.0346046583805839	0	0	0.466223614390069	0	0	0.000358748049926892	0	0.253951837736284	0	0.244861141443136	0.15	0.19851246137891	1.02938906875012	GSM549400
0	0.0365578984338489	0	0	0.604845438449919	0	0	0	0	0.211471407296385	0	0.147125255819847	0.14	0.208741734676217	1.03360154223026	GSM549401
0.0129771565103391	0.0331742250108787	0	0	0.370649702032441	0	0	0	0.00815670469446378	0.46544186082614	0	0.109600350925738	0.05	0.309098808742512	0.990098436584706	GSM549402
0	0.107104457666946	0	0	0.330787191713089	0	0.0444687496003757	0	0.0708484791382243	0.300161248777593	0	0.146629873103772	0.15	0.191074448159243	1.04437260032061	GSM549403
0.0108728991524928	0.0258357141088476	0	0	0.191691761789588	0.0115446981124085	0	0	0.022053920785073	0.649894509658385	0	0.0881064963932045	0.02	0.410720625504892	0.939335662476919	GSM549404
0	0.0270039765169504	0	0	0.405173425661691	0	0	0.00887073307099956	0	0.454456845508876	0	0.104495019241483	0.02	0.390241317979076	0.938510508984258	GSM549405
0	0.0831993698650331	0	0	0.274031940585836	0	0	0.00282504358743284	0.0111270077136961	0.470605278963408	0	0.158211359284594	0.02	0.424343487048887	0.917602946550308	GSM549406
0.0299489911664632	0	0	0	0.285256725589632	0.000501880476491579	0	0.011808682118193	0	0.57334133149164	0	0.0991423891575803	0.02	0.436586396898752	0.917010720787499	GSM549407
0	0.0883464432892413	0	0	0.138764107849107	0.0615309218343407	0.0027140067919019	0	0.124001858247305	0.489057385898978	0	0.0955852760891261	0.02	0.353676739293524	0.954512873699179	GSM549408
0	0.04584326267365	0	0	0.252395742784471	0.0278984484316205	0	0	0.0778585572432489	0.541936250887412	0	0.0540677379795973	0.02	0.356499550779226	0.961355480113781	GSM549409
0	0.0620967182760775	0	0	0.231245874819268	0	0	0	0.0728004184873721	0.580847111147039	0	0.0530098772702432	0.0600000000000001	0.308168675824224	0.997870601597986	GSM549410
0.00818589275014308	0.0373131198136168	0	0	0.233438330252025	0.0182938041880635	0	0	0.0696881640908205	0.560581908017526	0	0.0724987808878056	0.02	0.434125057466169	0.91352231313605	GSM549411
0.0334865496017299	0	0	0	0.384928952533625	0	0	0.00233290537328524	0	0.514254180543991	0	0.0649974119473688	0.02	0.345571040385401	0.975863522341035	GSM549412
0	0.0620865887951731	0	0	0.229535298575885	0	0	0	0.0545214698477784	0.56811610121522	0	0.0857405415659444	0.02	0.358873838491946	0.964397640846296	GSM549413
0.00096208784698854	0.0239871162812992	0	0	0.417532806488088	0	0	0.011830596085922	0	0.442783862571779	0	0.102903530725923	0.02	0.413965749588069	0.922944700885425	GSM549414
0	0.127564424746497	0	0	0.419257719335089	0	0	0	0	0.209030519101482	0	0.244147336816932	0.11	0.242136007320882	1.02399817169739	GSM549415
0	0.040520257989641	0	0	0.433798961257308	0	0	0.0174635655238207	0	0.391996151793537	0	0.116221063435693	0.15	0.196623864631482	1.0473694722701	GSM549416
0.027644651102762	0.00695108351899792	0	0	0.124845396088466	0.0336301026452331	0	0.00351374335022302	0	0.622487349343169	0	0.180927673951149	0.01	0.515190263445495	0.861203926731764	GSM549417
0.0118150940639255	0	0	0	0.321442704475439	0	0	0.00768415750959332	0	0.522433519154232	0	0.13662452479681	0.02	0.354901980674001	0.963173924619084	GSM549418
0	0.109939121512272	0	0	0.389642225224881	0	0.0237943559299121	0	0.0631990371921267	0.23287261869668	0	0.180552641444128	0.21	0.132528348867222	1.07347671397308	GSM549419
0	0.0728385371543216	0.00476043809123741	0	0.250611528092869	0	0.0032539960098742	0	0.0687506782898583	0.503338799558242	0	0.0964460228035972	0.0600000000000001	0.289169865741062	1.00009714102132	GSM549420
0	0.094136120169766	0	0	0.607335757076472	0	0.0239292774164966	0	0	0.190574426821748	0	0.0840244185155179	0.24	0.112434014768272	1.10872617886963	GSM549421
0	0.0871081150588567	0	0	0.448257226315875	0.00659917205252403	0.0292397721487302	0	0.0264982096663177	0.224843870172157	0	0.177453634585539	0.15	0.190143432285685	1.04379247492669	GSM549422
0	0.0894987195639142	0	0	0.613862195933042	0	0.00947743353882874	0.00320074127070041	0	0.166244089587335	0	0.11771682010618	0.26	0.110428001638808	1.10407872458435	GSM549423
0	0.122177845725089	0	0	0.502929791634724	0	0.0264085796369791	0	0.0492871085232159	0.217862119259691	0	0.0813345552203008	0.18	0.162703927319028	1.07866567184212	GSM549424
0	0.167258047579273	0	0	0.259401961875924	0	0.00782545344619575	0	0	0.31864042012959	0	0.246874116969018	0.05	0.312460815935074	0.990245823772325	GSM549425
0	0.0318773003446849	0	0	0.515307294798873	0	0	0.00675201408608945	0	0.357291306285782	0	0.0887720844845706	0.0600000000000001	0.289721665210303	0.996193267970754	GSM549426
0	0.0933101644165779	0	0	0.449171559762698	0	0	0	0	0.316041939925778	0	0.141476335894946	0.11	0.229719259600609	1.0339525397923	GSM549427
0	0.189249722950591	0	0	0.349651779445917	0	0.100029440886875	0	0	0.135685774384161	0	0.225383282332457	0.1	0.245195305015495	1.04136992671456	GSM549428
0	0.0749433032955861	0	0	0.488202372282873	0	0.00826366334545121	0	0	0.259756850458297	0	0.168833810617793	0.2	0.14988176024431	1.06930403909572	GSM549429
0	0.119645482344208	0	0	0.55631830895641	0	0	0.00789205515113665	0	0.119787559547422	0	0.196356594000823	0.21	0.138067019057996	1.089381304592	GSM549430
0	0.0913947994977578	0	0	0.633613731587545	0	0.0130043350457224	0.0233701277799947	0	0.0815857685048789	0	0.157031237584101	0.17	0.171405292966455	1.06805151761996	GSM549431
0	0.087398725083377	0	0	0.556387810115988	0	0	0.0117263060519242	0	0.226277239291676	0	0.118209919457035	0.22	0.122363767935679	1.09435564066675	GSM549432
0	0.0868192642937944	0	0	0.534061565717012	0	0.0659061940963283	0	0.0328851684990287	0.198077647507595	0	0.0822501598862411	0.17	0.175424334147281	1.06277963455036	GSM549433
0	0.0358052191763246	0	0	0.638183874338582	0	0	0.000309229425603915	0	0.166193528984202	0.0559015519249502	0.103606596150337	0.07	0.273189588657561	1.00594445796741	GSM549434
0	0.063732166895688	0	0	0.700381510662893	0	0.0988917381979626	0	0	0.0747669942602467	0	0.0622275899832096	0.21	0.142377989984835	1.0884145177113	GSM549435
0	0.151935249405735	0	0	0.502783633885163	0	0.0310914858127878	0	0.0084356588842855	0.104929119440319	0	0.200824852571709	0.17	0.181054694629713	1.07399605196432	GSM549436
0	0.0479822163879402	0	0	0.511650484325251	0	0	0.0209449404030525	0	0.342858230050321	0	0.0765641288334349	0.07	0.284378261918179	1.00098363136957	GSM549437
0	0.0777214417921354	0	0	0.566341978574004	0	0	0.0187942342939841	0	0.225496482143506	0	0.11164586319637	0.12	0.228692976585587	1.0335438091103	GSM549438
0	0.156527275079754	0	0	0.370084890539248	0	0	0	0	0.304937353076759	0	0.168450481304239	0.13	0.216027631083536	1.05433680565313	GSM549439
0	0.177987750365841	0	0	0.360650601692785	0	0.0264175398493393	0	0	0.221249887854786	0	0.213694220237249	0.14	0.209990070446018	1.05928692484649	GSM549440
0	0.126332882319427	0	0	0.571733724710112	0	0.057819524048954	0	0	0.15999011033273	0	0.0841237585887776	0.2	0.146626535785588	1.10014351190044	GSM549441
0	0.138236943832898	0	0	0.404951360298926	0	0.0409665626912456	0	0.0467066022909776	0.170809403365304	0	0.198329127520649	0.14	0.206645876780902	1.04359353364128	GSM549442
0	0.108350749079463	0	0	0.563880254675491	0	0.0174911481515886	0	0	0.202024789396823	0	0.108253058696634	0.2	0.149507063935335	1.08841526655753	GSM549443
0	0.142978035612949	0	0	0.388694686025673	0	0.0876717520169592	0	0	0.154149530079484	0	0.226505996264934	0.11	0.23393503966556	1.03239637102871	GSM549444
0	0.087202322516804	0	0	0.626310427391425	0	0	0.0151627873537454	0	0.0761990264618326	0.0345742177719782	0.160551218504215	0.22	0.122198613931645	1.09467524145761	GSM549445
0	0.122861184890916	0	0	0.439521834230258	0	0.0743446172916086	0	0	0.242020725622388	0	0.12125163796483	0.18	0.15744347305668	1.08182624423323	GSM549446
0	0.093203742299945	0	0	0.656882880514856	0	0.0414140861880394	0	0.0114529059605047	0.154717247759527	0.00265426719053014	0.0396748700865981	0.11	0.231139923227698	1.04672025641261	GSM549447
0	0.0997397910715477	0	0	0.419738974557336	0	0.0111459303753834	0	0	0.371162123007504	0	0.0982131809882289	0.08	0.268312092176009	1.01858823107418	GSM549448
0	0.12105563634517	0	0	0.430309941085517	0	0.0403126186922472	0	0.0296458743787992	0.311864611958656	0	0.0668113175396108	0.2	0.147647714853391	1.0906784026069	GSM549449
0	0.0880515041159297	0	0	0.3906865245949	0.027499635304655	0.00151226326885225	0	0.142819220174157	0.275818138265168	0	0.0736127142763385	0.1	0.244450917873103	1.00966269441538	GSM549450
0	0.121771673882241	0	0	0.566155794493176	0	0.00466778973967309	0.00837714976399914	0	0.119160213538432	0	0.179867378582479	0.17	0.170883632175979	1.07409031324842	GSM549451
0	0.143085360069741	0	0	0.469994681884019	0	0.00683367748646111	0	0	0.207820057036579	0	0.1722662235232	0.21	0.139275622430528	1.09574393153837	GSM549452
0	0.140670246176381	0	0	0.446606065550939	0	0.0199102748389618	0	0	0.173142368438181	0	0.219671044995538	0.17	0.179216609272218	1.06624202153063	GSM549453
0	0.143394018625177	0	0	0.56694714113366	0	0.038362303110722	0	0.0410706038384607	0.101504798844662	0	0.108721134447318	0.22	0.125468828583747	1.11111379692024	GSM549454
0	0.0502018007237577	0	0	0.667161913033644	0	0	0.0180486981969578	0	0.0884243533520056	0.0441532176065016	0.132010017087133	0.11	0.235333475415486	1.0260520913537	GSM549455
0	0.0985319832557622	0	0	0.517516584730441	0	0.0357118994839248	0.00845906763226813	0	0.111688661833973	0	0.228091803063631	0.0600000000000001	0.287130089500649	0.994340725325917	GSM549456
0	0.158164108508421	0	0	0.307445033407163	0	0.11202896406205	0	0	0.232651804826177	0	0.18971008919619	0.0600000000000001	0.295257579347132	1.00154415423614	GSM549457
0	0.207537661354835	0	0	0.381501818847747	0	0.0388071291123695	0	0	0.195666401125009	0	0.17648698956004	0.17	0.180309022802938	1.09493305253122	GSM549458
0	0.109791799162235	0	0	0.581538555926632	0	0.0255071133213017	0	0	0.109792197138625	0	0.173370334451207	0.13	0.215486350756255	1.04581107809189	GSM549459
0	0.130237197144827	0	0	0.505354198233899	0	0.0177227091377326	0	0	0.146303214048794	0	0.200382681434748	0.1	0.247223034840639	1.02830785361076	GSM549460
0	0.136664792834289	0	0	0.573344280092193	0	0.00542884019003022	0	0	0.124313450118111	0	0.160248636765376	0.18	0.158452456996359	1.09004703561314	GSM549461
0	0.0675048143581598	0	0	0.661432858214548	0	0	0.0118691394951845	0	0.0828917212917587	0.030637273339643	0.145664193300706	0.21	0.136734642611803	1.0831041789026	GSM549462
0	0.0649869239544418	0	0	0.674015490416499	0	0.0101878071252482	0.0146832761265742	0	0.0981990836456992	0	0.137927418731538	0.14	0.20213537829286	1.04612642754705	GSM549463
0	0.0615951670156756	0	0	0.634306115721584	0	0	0.00662474986045745	0	0.0908876346789362	0.104390666265329	0.102195666458018	0.03	0.334556226043581	0.97631109416161	GSM549464
0	0.0856450075600391	0	0	0.556701289136624	0	0	0.00749592746897978	0	0.173221920176138	0.0253177118580023	0.151618143800217	0.12	0.221998729559501	1.03688709350768	GSM549465
0	0.131635167386872	0	0	0.340189158052742	0	0.0523061564823626	0	0.0592786042994972	0.158621304531768	0	0.257969609246759	0.17	0.171112990678991	1.05168229753521	GSM549466
0	0.077794993138023	0	0	0.600346504519825	0	0	0	0	0.169399193970126	0	0.152459308372025	0.19	0.152506073561821	1.07312299664168	GSM549467
0	0.148392602517283	0	0	0.465163533251243	0	0.0921038417227838	0	0	0.180607358685355	0	0.113732663823336	0.12	0.222429364128991	1.0551575130466	GSM549468
0	0.0860312983516843	0	0	0.502560827026096	0	0	1.34774902677409e-05	0	0.234025862721137	0	0.177368534410816	0.16	0.186922188813144	1.05159046242509	GSM549469
0	0.0749833902046988	0	0	0.496685690934342	0	0	0.0095732936723442	0	0.24057565433496	0	0.178181970853655	0.21	0.134590554443141	1.0756268388044	GSM549470
0	0.141368649535516	0	0	0.395036777485196	0	0.0215209484278133	0	0	0.227819267676063	0	0.214254356875412	0.17	0.172394178910516	1.06870480398175	GSM549471
0	0.122953071083476	0	0	0.551371950170105	0	0.0579670305867961	0	0	0.175379076007123	0	0.0923288721525003	0.2	0.145878047735373	1.09685721714741	GSM549472
0	0.0684110954059881	0	0	0.450704062166023	0	0	0	0	0.32285321513038	0	0.158031627297609	0.09	0.256852544027988	1.01244870304241	GSM549473
0	0.115775486073029	0	0	0.208073523059842	0	0	0	0.0421387612612866	0.469381096082237	0	0.164631133523604	0.02	0.405401375385426	0.929687174897355	GSM549474
0.0419452401829395	0.0245467395764857	0	0	0.0208638158973897	0.052511849155668	0	0	0.068834099928212	0.595855884237012	0	0.195442371022293	0.01	0.501868294393248	0.866955216173907	GSM549475
0.0201681533696245	0.0427396791368478	0	0	0.148205353827234	0.0628251249048889	0	0	0.0704662024994963	0.52916721515679	0	0.126428271105118	0.02	0.429234304487176	0.912120909328586	GSM549476
0	0.0490364677462591	0	0	0.179309413617789	0.0258628453739701	0	0	0.0107788093153646	0.64026610132357	0	0.094746362623047	0.01	0.51142904256616	0.866370907103763	GSM549477
0	0.0590555588668642	0	0	0.132626823560246	0.0116956640339838	0	0	0	0.617553992919192	0	0.179067960619714	0.01	0.53276160721752	0.848285024199602	GSM549478
0	0.0882981804405183	0	0	0.10591223660445	0.00924018368553936	0	0	0.064559671034131	0.571702046241106	0	0.160287681994256	0.01	0.544149736294278	0.837531384141484	GSM549479
0.0490055916990788	0	0	0	0.0333370585881776	0.0401512786854582	0	0.00655361005539418	0.0606712138071504	0.711908736374546	0	0.0983725107901948	0.01	0.548130396663461	0.841295320860283	GSM549480
0	0.0475875546360553	0	0	0.167255168458103	0.0149360162396435	0	0	0.0278353113498289	0.654891979898409	0	0.0874939694179603	0.01	0.468385100452671	0.898366455168788	GSM549481
0	0.127523851264913	0	0	0.160858625864613	0.0240580708251304	0	0	0.110166969934842	0.464716428552934	0	0.112676053557568	0.02	0.413822787670374	0.922054146495467	GSM549482
0	0.0553348184937878	0	0	0.305452874346611	0	0	0.0074948538250921	0	0.544543330794114	0	0.0871741225403954	0.02	0.392743980432431	0.945033645193937	GSM549483
0.00171518303556402	0.0490533379115844	0	0	0.23535700860028	0	0	0.0051909042424996	0.00651056149832605	0.541874089421955	0	0.160298915289791	0.01	0.479011456808074	0.883205164234681	GSM549484
0.0151062238225837	0.0202423210422792	0	0	0.115983300835133	0.0289146003811307	0	0	0.0243803233012938	0.64292323186488	0	0.152449998752699	0.01	0.519955713788407	0.858319244000743	GSM549485
0.0148843210572584	0.0133245280122607	0	0	0.0238975128798902	0.0829842341369679	0	0	0	0.723280962169657	0	0.141628441743966	0.01	0.592032251128714	0.806162680220013	GSM549486
0	0.0531868269565943	0	0	0.209187317142233	0	0	0.0113902892000858	0	0.641223017129801	0	0.0850125495712855	0.01	0.502842240817112	0.87435683420768	GSM549487
0.0211454141123416	0.0139456807365651	0	0	0.205124371117237	0.000604912186679402	0	0.0105291130929719	0.049467998124843	0.611724262456889	0	0.0874582481724733	0.01	0.478666598193432	0.887511851758324	GSM549488
0	0.0791564615716422	0	0	0	0.0277299181124094	0	0	0.0154897478184277	0.62903892419399	0	0.248584948303531	0.01	0.543418517227445	0.83936383720498	GSM549489
0.0542091327369516	0	0	0	0.18592622985032	0.0515752748140927	0	0	0.0545795335739085	0.614156092897585	0	0.0395537361271423	0.02	0.440952672583566	0.91608025965474	GSM549490
0.0339440904509741	0.0248175477838876	0	0	0.18624701200053	0.0477299765161258	0.0085701105929825	0	0.0374621542278124	0.587116045047232	0	0.0741130633804555	0.01	0.481897341693098	0.884634770926894	GSM549491
0	0.103504103247061	0	0	0.210011206002715	0.0209597092834631	0	0	0.0140925850075417	0.524142674881675	0	0.127289721577544	0.02	0.396475640020868	0.940607165814495	GSM549492
0.0301121046403427	0.0327085207059273	0	0	0.00894889815166843	0.0504882396535986	0	0	0.0855536782057355	0.611647231224845	0	0.180541327417883	0.01	0.557440374730243	0.828151483320501	GSM549493
0.015191374237296	0.00348822099535509	0.0036430008439714	0	0.165545497188574	0	0	0	0.112556300793686	0.699575605941117	0	0	0.01	0.568500379091782	0.825210191439553	GSM549494
0.00315141969426175	0.0725755109128969	0	0	0	0.057001805472229	0	0	0.0912893206948349	0.645981678799774	0	0.130000264426004	0.01	0.529951399119914	0.848816530466399	GSM549495
0.0470802042646242	0.00941119104238552	0	0	0.228485179472117	0.047649042294655	0	0	0.035539057290696	0.559644348067456	0	0.0721909775680664	0.01	0.474203453952078	0.889209113540206	GSM549496
0.0165049986605547	0.0168711919484316	0	0	0.333619842290503	0	0	0.0229963265315719	0	0.549860956465606	0	0.0601466841033325	0.02	0.425719400650415	0.923872546911651	GSM549497
0.0136535344729258	0.0119799845117947	0	0	0.25236429930992	0.0121830826349974	0	0	0.0238589674892939	0.607295489038271	0	0.0786646425427969	0.01	0.485806212932561	0.883478469537904	GSM549498
0.0324364142570153	0	0	0	0.299047554306508	0	0	0.0102486864876975	0.00152814153503655	0.55607056136428	0	0.100668642049462	0.04	0.325626261311482	0.988421880508268	GSM549499
0.001630669995333	0.0236364424814325	0.047597541667169	0	0.287615774464767	0	0	0	0.0298379860493278	0.572171418693026	0	0.0375101666489449	0.01	0.505198611594715	0.867700699273456	GSM549500
0	0.0806445939705916	0.0410631184489569	0	0.0665997680289834	0	0	0	0.139611595381633	0.629851218153769	0	0.0422297060160653	0.01	0.56719088247275	0.821755773927697	GSM549501
0	0.0458870698372753	0.0309255464508204	0	0.0305901858505228	0	0	0	0.0277149860924071	0.819455497377697	0	0.0454267143912776	0.01	0.609921549030014	0.797582601368868	GSM549502
0.0129104889555298	0.0373757713404357	0.0210204907122888	0	0.175539757296186	0.0226191103311218	0.00221647603594589	0	0	0.666555190203262	0	0.0617627151252299	0.01	0.603672331422521	0.796521555359941	GSM549503
0	0.0470354395421135	0	0	0.137362649119343	0	0	0	0.0176099590813596	0.633174565206568	0	0.164817387050615	0.01	0.491266084675954	0.878923024037583	GSM549504
0.00660070912665155	0.0315705909088449	0.00149001993392619	0	0.107278377579325	0.0048366291262568	0	0	0.0559061898475601	0.743715643429225	0	0.0486018400482103	0.01	0.560063874233669	0.835046500129563	GSM549505
0.00793923144920831	0.0629049055850416	0	0	0.13414428973516	0.0404189869719973	0	0	0.163718729634792	0.55393266847053	0	0.0369411881532711	0.02	0.458909346662514	0.893406506602902	GSM549506
0.0499895847450189	0	0	0	0.0313823784582231	0.0749136569585687	0	4.96255200557731e-05	0.000683959392466438	0.648740356026504	0	0.194240438899163	0.02	0.455757674768553	0.904509258269032	GSM549507
0.0307723226012401	0.00958580658118923	0	0	0.423737566253727	0	0	0.0224811920767079	0	0.45863489134257	0	0.0547882211445663	0.02	0.41222935553623	0.92920982175758	GSM549508
0	0.0710167205202922	0	0	0.177681232529901	0	0	0	0.0149301374280307	0.589312852362774	0	0.147059057159003	0.02	0.399293751668658	0.940365241450234	GSM549509
0.0072493670767602	0.0218766041303184	0	0	0.299312062899772	0	0	0	0	0.582660629557256	0	0.0889013363358936	0.03	0.335587834476838	0.984741997089542	GSM549510
0.00273280981253028	0.0466608630303762	0	0	0.246105230611023	0.023778799452176	0	0	0.0723459879209448	0.549782350795102	0	0.058593958377848	0.02	0.430827973301462	0.91524246146602	GSM549511
0	0.0341396838845801	0	0	0.344064829897465	0	0	0.0131043873042576	0	0.513867451933883	0	0.0948236469798141	0.02	0.351301271584341	0.967251092400681	GSM549512
0	0.0463490075730651	0	0	0.438518739529571	0	0	0.00603903266734074	0	0.312334339842892	0.110237320920726	0.0865215594664056	0.02	0.38313949341422	0.949428118175029	GSM549513
0.0206937939799541	0.0510977916568126	0	0	0.0514644661821271	0.0393106337719481	0	0	0.0866582568121394	0.678244237714191	0	0.0725308198828273	0.01	0.488330342278889	0.883138748878267	GSM549514
0	0.0633094067772667	0	0	0.252266621762811	0	0	0.00156560082347673	0.0586923649719878	0.485690904832822	0	0.138475100831636	0.02	0.369299082331414	0.948664805325459	GSM549515
0.00958539186622295	0.030286850093763	0	0	0.198394063199686	0	0	0.0106080031591277	0.0225924191498051	0.61311847784293	0	0.115414794688465	0.02	0.438984315943473	0.915315684422909	GSM549516
0.00908813348406965	0.0227081617650378	0	0	0.145601203658465	0	0	0.0104018332752226	0.0473123434352691	0.664169886497707	0	0.100718437884229	0.01	0.512996345166678	0.865320822865852	GSM549517
0	0.065189303153342	0	0	0.147481626329264	0.0265266259785738	0	0	0.0967458346654813	0.643795005686174	0	0.0202616041871647	0.02	0.41850222774067	0.930793201209468	GSM549518
0	0.0447561979958646	0	0	0.259810173901074	0.0178882571299673	0.00959565626138075	0	0	0.577574350759097	0	0.0903753639526159	0.02	0.412867079293072	0.93268476728472	GSM549519
0.0163104709127669	0.0225017380344594	0	0	0.264032607286176	0	0	0.00824284131906888	0	0.497404752880879	0	0.191507589566649	0.01	0.472642853596768	0.885098037521768	GSM549520
0.0123205559026288	0.0264978379313067	0	0	0.200357100338059	0.0229423604886937	0	0	0.00171144794312317	0.563809531831351	0	0.172361165564838	0.01	0.478239331375716	0.884238335819699	GSM549521
0.0788339605660163	0	0	0	0.236060202545672	0.0168312552927112	0	0.00807528347177758	0	0.576465060115234	0.00135156764505136	0.0823826703635372	0.01	0.52224967895109	0.859739665818261	GSM549522
0.0534751843055871	0	0	0	0.213705873955687	0.0269008484018411	0	0.000175144366216719	0.00625880072083277	0.609544444119719	0	0.089939704130117	0.01	0.537174533340294	0.847549857634407	GSM549523
0	0.0385252641052186	0	0	0.496313124477316	0	0	0	0.00163518253967684	0.329545942302523	0	0.133980486575265	0.22	0.124512967582474	1.08162234525718	GSM550320
0	0.0728422934433441	0	0	0.22324876295869	0.0514359441861301	0	0	0.0306425314838812	0.39293569382449	0	0.228894774103465	0.1	0.253484220327394	1.00525595479233	GSM550321
0	0.107973305898393	0	0	0.407796588106062	0.020065760396413	0.0122975325931189	0	0.0779721180041586	0.186788903102447	0	0.187105791899407	0.15	0.199855507748078	1.03519871984817	GSM550322
0	0.0634765306672213	0	0	0.458042620987556	0.0154481110247266	0.0202038095763768	0	0	0.333307745866402	0	0.109521181877718	0.18	0.158313380235148	1.06974730426691	GSM550323
0	0.0588951709985497	0	0	0.595641303609956	0	0.0299193563380286	0	0	0.134868666705799	0	0.180675502347667	0.2	0.15127998662275	1.06418227150524	GSM550324
0	0.063716933701131	0	0	0.529064984021061	0	0.00558721966549599	0	0	0.20030497056594	0	0.201325892046372	0.19	0.15239984580613	1.06186742390339	GSM550325
0	0.0605082482695638	0	0	0.289374624947686	0.0305674655395188	0	0	0	0.368747578282621	0	0.250802082960611	0.16	0.183618616031895	1.04260795986621	GSM550326
0	0.0456501398000902	0	0	0.378671916224802	0	0	0.00150475446588406	0	0.38712655305265	0	0.187046636456573	0.04	0.324533285116945	0.971270320661744	GSM550327
0	0.0922688043926009	0	0	0.28491761835763	0	0	0	0.038782556743048	0.408367312199203	0	0.175663708307518	0.18	0.159972768661862	1.06505593538609	GSM550328
0	0.0634365687285759	0	0	0.425147501765301	0	0	0	0.0212651172979441	0.327148861949899	0	0.16300195025828	0.15	0.195800449648304	1.0414772745914	GSM550329
0	0.066095146084685	0	0	0.173515936222041	0.0626667117383018	0	0	0.00613605106917066	0.51343440930845	0	0.178151745577352	0.07	0.278159619490458	1.00438073061066	GSM550330
0	0.0607982837847949	0	0	0.29584436624172	0.0412117403766491	0	0	0	0.321642892353206	0	0.28050271724363	0.15	0.188559959957842	1.03515198314638	GSM550331
0	0.153196880639962	0	0	0.375821944276251	0	0.0542889294763144	0	0.0719167430711029	0.139508527278411	0	0.205266975257959	0.16	0.182734419806106	1.05719450455497	GSM550332
0.0145495003152307	0.0219831726372675	0	0	0.357798621881879	0	0	0.0129876054270502	0	0.460680283569265	0	0.132000816169308	0.02	0.42689912462188	0.914997201040774	GSM550333
0	0.0594655289931218	0	0	0.444893973129811	0	0	0.00490665383512908	0	0.403918391697228	0.0154789770831342	0.0713364752615759	0.02	0.407939628122591	0.931181751800877	GSM550334
0.00719819931511025	0.067153219232253	0	0	0.196656736204278	0.0714467114644682	0	0	0.133596544961087	0.46840017519359	0	0.0555484136292139	0.02	0.369457926895386	0.944607648351336	GSM550335
0	0.0804461247700653	0	0	0.23948790486558	0.0351697596523858	0.0355820266931503	0	0.0539487727736668	0.471173142163498	0	0.0841922690816545	0.07	0.281159464577438	1.00372843276317	GSM550336
0	0.0611593897452523	0	0	0.411694037360781	0	0	0	0	0.367712787781404	0	0.159433785112563	0.13	0.220530826187923	1.03287607638552	GSM550337
0	0.0591907938408402	0	0	0.560241971390157	0	0	0.000143633748349439	0	0.273140324814895	0	0.107283276205758	0.17	0.168756371952658	1.06463782287596	GSM550338
0.0131222979412173	0.0570296479270645	0	0	0.171480187741041	0.0379817450732862	0	0	0.0932821529134133	0.528734331927561	0	0.0983696364764171	0.02	0.388644891860471	0.938146938938908	GSM550339
0.0367886084820941	0.0314137459520506	0	0	0.120840078724305	0.0780106034445462	0	0	0.0699011138240511	0.522985447641915	0	0.140060401931037	0.02	0.363201466541507	0.952157036268167	GSM550340
0.0176724133264595	0.0560796990843357	0	0	0.0981226548044906	0.0694167436957618	0	0	0.123862312274508	0.559404455881635	0	0.0754417209328094	0.02	0.423123036508268	0.916606436691174	GSM550341
0.0127068540720167	0.0541905506276412	0	0	0.103817844970537	0.0678974996977842	0	0	0.102132330723741	0.567401415224111	0	0.0918535046841693	0.02	0.399537462369043	0.93217327252912	GSM550342
0	0.0485242759794419	0	0	0.249547386711536	0.00812042012058648	0	0	0	0.476548489560172	0	0.217259427628264	0.02	0.367336674766022	0.949180119082952	GSM550343
0	0.0735648042386256	0	0	0.347579303308326	0	0	0.00134530118093861	0	0.424709965891519	0	0.152800625380591	0.08	0.263064659156393	1.01400451265034	GSM550344
0	0.0528982499337056	0	0	0.339050100539639	0	0	0	0	0.441091829694179	0	0.166959819832476	0.05	0.317562072189589	0.980044095765927	GSM550345
0.0142487971802668	0.0414568489036735	0	0	0.436947556655948	0	0	0.0129398994227901	0	0.342614911278859	0	0.151791986558463	0.1	0.250985562224375	1.01465968732375	GSM550346
0.0209575539585755	0.0554895870288119	0	0	0.202868371470424	0.0502688452949636	0	0	0.0831195291810187	0.438451040164126	0	0.14884507290208	0.02	0.353556761973684	0.952720445538614	GSM550347
0	0.0754331206227312	0	0	0.337958450114523	0.0179307186649931	0.00534088345908953	0	0.0494198239783957	0.429009737530478	0	0.0849072656297889	0.11	0.236342911178488	1.02840165898312	GSM550348
0	0.0991919141204465	0	0	0.421413030142472	0	0.044543341288	0	0.0734299649997045	0.278541762316991	0	0.0828799871323858	0.13	0.219016238302775	1.03474447346576	GSM550349
0.00031233366389569	0.0650972719177708	0	0	0.327746768294679	0.00646960406563381	0.00569128740171788	0	0.0357864489948179	0.46066561877959	0	0.0982306668818954	0.04	0.324527598346701	0.978907155007791	GSM550350
0.011485006739145	0.0672125657322455	0	0	0.245323796385731	0.00902357000683202	0.00766973523171954	0	0.0744138960397372	0.492433226301164	0	0.0924382035634256	0.05	0.310688785102184	0.987016987038426	GSM550351
0	0.0890328477291364	0	0	0.324674346253726	0.00121343666623418	0	0	0.0504197358976016	0.460591305190445	0	0.0740683282628566	0.07	0.273103698268471	1.01318868924825	GSM550352
0	0.0681675836442474	0	0	0.360232378124385	0.00508357491518316	0.0063787131026334	0	0	0.468824170018284	0	0.0913135801952668	0.0600000000000001	0.308752929078	0.994157447544184	GSM550353
0.0213096698628469	0.0435435161724725	0	0	0.199752837267304	0.0800251498096821	0.00824646827195615	0	0.0734247751460753	0.538811657959327	0	0.0348859255103354	0.05	0.319668811251914	0.984863337165903	GSM550354
0.0249043788052636	0.0458928960008458	0	0	0.246379218427089	0.0994721070814133	0.0236510397889043	0	0.0635460248834313	0.430429721156423	0	0.0657246138566294	0.08	0.268740049808797	1.00533196450103	GSM550355
0	0.0659761394859123	0	0	0.317411036054061	0.0103529328012523	0.0326177322243878	0	0.0469853808608863	0.447811199720957	0	0.0788455788525431	0.05	0.314642330631369	0.983844791447331	GSM550356
0.0109208541003932	0.055959075148556	0	0	0.309087335061179	0	0.0220640502172835	0	0.0358532963907972	0.486482619029127	0	0.0796327700526644	0.04	0.326612807976313	0.981557124911262	GSM550357
0	0.0583599520404905	0	0	0.491392719385715	0	0	0.0156046627543947	0	0.237306409042135	0.00446378516333289	0.192872471613932	0.15	0.194028511280038	1.03898997942938	GSM550358
0	0.0977950115646656	0	0	0.431545043994382	0	0.0165083668915966	0	0.0963553264105226	0.220159213482459	0	0.137637037656374	0.14	0.201242727744194	1.03511184362663	GSM550359
0	0.0795228079187641	0	0	0.392702392861139	0	0.0133591728365457	0	0	0.30961082119078	0	0.204804805192772	0.15	0.196811826025862	1.04160789998326	GSM550360
0	0.144030893947908	0	0	0.341450094086011	0.0121119860742447	0.0161104909042817	0	0.0755390592390734	0.239701703174839	0	0.171055772573643	0.11	0.235117351277904	1.02637705261584	GSM550361
0	0.0705621052565735	0	0	0.624294299046064	0	0	0.0129150408953935	0	0.15385132187786	0	0.138377232924109	0.26	0.10917375308336	1.09557881189025	GSM550362
0	0.0906830349307441	0	0	0.273517240891476	0.0147617835283212	0.0199597786647471	0	0.0867656446417073	0.390694386248196	0	0.123618131094808	0.14	0.201158289999829	1.03858771906152	GSM550363
0	0.0562995667025679	0	0	0.366112903023673	0.0100154351986158	0.0254518290019817	0	0.0305956273197005	0.432349210781884	0	0.079175427971577	0.09	0.259241564356924	1.0163207547851	GSM550364
0.00969216843868908	0.0630315640218989	0	0	0.1687852953117	0.0847321931381512	0.00708326011236496	0	0.089063145345975	0.462575831612574	0	0.115036542018647	0.02	0.453397461787365	0.893548840465035	GSM550365
0	0.0569117795158407	0	0	0.555238754264257	0	0	0.0122250436835271	0	0.280420103824412	0	0.0952043187119636	0.07	0.277966095196469	1.00364975468929	GSM550366
0	0.0163859127159705	0	0	0.69903478565355	0	0.0839980476933336	0	0	0.146502764396748	0	0.0540784895403973	0.19	0.154142791601187	1.06825061699461	GSM550367
0	0.0859065373839676	0	0	0.438383788164989	0	0.067335562286942	0	0.0130260125739791	0.24996031312173	0	0.145387786468393	0.17	0.176773546922188	1.05555890702199	GSM550368
0	0.104266483095162	0	0	0.390857952179594	0	0.0253370234397905	0	0.0520898009297925	0.287537500592511	0	0.13991123976315	0.17	0.170355267272751	1.05915869256239	GSM550369
0	0.0878777611026942	0	0	0.459813115462678	0.0149475540117206	0.0334667234814425	0	0.0444500215648442	0.286766245932454	0	0.0726785784441672	0.13	0.215864967878445	1.03937940000869	GSM550370
0	0.0577223390332188	0	0	0.469765437246035	0.0485833369456971	0.143593656730467	0	0.0280170123146372	0.158142925156006	0	0.0941752925739396	0.14	0.208660368723429	1.03194289615384	GSM550371
0	0.0885958414106943	0	0	0.351723103002829	0	0	0	0	0.36313803419635	0	0.196543021390126	0.05	0.309365055044962	0.983139698439612	GSM550372
0	0.0907817180022856	0	0	0.522508124826007	0	0.0166168434532313	0	0.0916803186764018	0.196399310470752	0	0.0820136845713227	0.12	0.221576011317674	1.03076575824376	GSM550373
0	0.158529602535054	0	0	0.552449870586621	0	0.0248974227360172	0	0.0612047325268845	0.117052209997455	0	0.0858661616179694	0.22	0.12598497237036	1.11669880647285	GSM550374
0	0.0615258303792554	0	0	0.389658270466103	0.0131144050860987	0	0	0	0.261070507542582	0.0285221037035309	0.246108882822429	0.13	0.218686689163732	1.02423893813965	GSM550375
0	0.0699776866295092	0.00176522265414662	0	0.20621628210407	0	0	0	0	0.477246388529318	0	0.244794420082957	0.0600000000000001	0.305154750055541	0.986220768477259	GSM550376
0	0.126705360418191	0	0	0.266686723640173	0.0756215992362255	0.108844392768313	0	0	0.181418842050759	0	0.240723081886339	0.1	0.2481808836477	1.01327596422215	GSM550377
0	0.0802219725622553	0	0	0.582390595674853	0	0.0200417489497241	0	0.0518148031096386	0.210653699271799	0	0.0548771804317304	0.17	0.172873697149968	1.0651926025791	GSM550378
0	0.0404032037158438	0.0225219850345174	0	0.261092085836693	0.0120731781422567	0	0	0	0.464855159181011	0	0.199054388089678	0.13	0.215129302878428	1.03499218441001	GSM550379
0	0.0501998733405341	0	0	0.426987613545222	0.0200844463481539	0.0511497605025368	0	0.0196577852951219	0.346970896603588	0	0.0849496243648434	0.17	0.167916215384848	1.06106800174227	GSM550380
0	0.114569343709138	0	0	0.561864972744633	0	0	0	0	0.186824410690555	0	0.136741272855673	0.21	0.143208015768003	1.0911215890565	GSM550381
0	0.0634218472687159	0	0	0.480206580235893	0	0	0.00368069849954552	0	0.260739148464623	0	0.191951725531223	0.12	0.225619553644284	1.02412441021936	GSM550382
0	0.0601033710314288	0	0	0.596808212855183	0	0	0	0	0.194528132065394	0	0.148560284047994	0.21	0.141397900712951	1.07422209719641	GSM550383
0	0.092150451710417	0	0	0.224862605054384	0.0641518335602791	0.0655519973325346	0	0.0498480610931071	0.367881638036064	0	0.135553413213214	0.14	0.211965802816009	1.03191627577164	GSM550384
0	0.070494759580151	0	0	0.2464974698951	0	0	0	0	0.398907079235253	0	0.284100691289495	0.07	0.274816672390813	0.996395477113524	GSM550385
0	0.112346796884602	0	0	0.538860276372356	0	0	0	0.0267447121597627	0.181915449546768	0	0.140132765036511	0.22	0.120967934266624	1.09651871909805	GSM550386
0	0.0934005913277484	0	0	0.516940814071734	0	0	0	0.0165520378644263	0.235981987503156	0	0.137124569232935	0.22	0.11624147179156	1.09388962662475	GSM550387
0	0.0826209465369986	0	0	0.422540439343443	0	0.0243388361185197	0	0.042489880985004	0.316896385129084	0	0.11111351188695	0.15	0.191082643054517	1.04894065517575	GSM550388
0	0.0563180411660953	0	0	0.358522164050637	0	0	0	0.0237374223158087	0.392976518813356	0	0.168445853654103	0.15	0.192944726811229	1.04413588711272	GSM550389
0.0099752609465033	0.0606990800971667	0	0	0.194657702623166	0.056476282042904	0.00454767952906499	0	0.0919895815327207	0.47843751086377	0	0.103216902364704	0.02	0.393806689948846	0.931407884733504	GSM550390
0	0.0968248014393569	0	0	0.135422417510585	0.00346100142705049	0	0	0.0794585143218591	0.468045808258699	0	0.21678745704245	0.02	0.418676850089073	0.915207793161309	GSM550391
0.00952661222336546	0.0278277669914943	0	0	0.301490713123658	0.00987109819084895	0	0	0	0.520778963391447	0	0.130504846079186	0.07	0.276619457788773	1.01174327173405	GSM550392
0	0.107247443825345	0	0	0.0602219835529414	0.053655014123789	0.00743352554400544	0	0.133189645751299	0.541263685878973	0	0.0969887013236476	0.02	0.419443311317194	0.918237175795883	GSM550393
0.0245910103748051	0.0576280667838544	0	0	0.248079038147152	0.0242285896632273	0.0244371177722858	0	0.0614920118733838	0.468253271506354	0	0.0912908938789369	0.08	0.268306944156476	1.01177360707667	GSM550394
0.0012006735494091	0.0565661372933547	0	0	0.254521327551479	0.0610230902606713	0	0	0.105832200416235	0.421205328424714	0	0.0996512425041362	0.02	0.388321628649999	0.930600749542104	GSM550395
0.0029744755899453	0.0737407728398966	0	0	0.22750955016717	0.0506848550077402	0	0	0.123932354231248	0.463943611344888	0	0.0572143808191123	0.05	0.311321030869352	0.979759369773729	GSM550396
0.016384154023276	0.0576129324504312	0	0	0.21497438362784	0.0941154065407238	0.0103653271011258	0	0.0827950811013232	0.432521263369364	0	0.0912314517859161	0.0600000000000001	0.30175878207064	0.983119505643749	GSM550397
0	0.0651675191968992	0	0	0.380971512843172	0	0	0.00768729884159556	0	0.407324752326789	0	0.138848916791544	0.11	0.230036316672039	1.03153457357805	GSM550398
0	0.0884009629262427	0	0	0.448704577646395	0	0	0	0.0141925307123135	0.29858113902775	0	0.150120789687298	0.17	0.167467101006926	1.06356682939987	GSM550399
0.0254883642198007	0.0159221721137607	0	0	0.260972748983067	0.0239012657928353	0	0	0.0223286472198978	0.511667995824799	0	0.13971880584584	0.02	0.364627404596107	0.955102443400731	GSM550400
