CD14_positive_monocyte	CD16_positive_monocyte	CD4_positive_alpha_beta_T_cell	CD56bright_natural_killer_cell	CD56dim_natural_killer_cell	CD8_positive_alpha_beta_T_cell	MAST_cell	basophil	eosinophil	gamma_delta_T_cell	hematopoietic_progenitor	macrophage_m0	macrophage_m1	macrophage_m2	memory_B_cell	myeloid_dendritic_cell	naive_B_cell	neutrophil	plasma_cell	plasmacytoid_dendritic_cell	P.value	Correlation	RMSE	sample
0	0.0628825209826115	0.171898444064036	0	0	0.0983492601437579	0.0217578511988108	0.00592753209777532	0	0	0.0314325912805891	0.0119473020084287	0	0	0	0	0.442304156599211	0.0491640390366221	0.00860628068782107	0.095730021900336	0	0.367904191627512	0.946634671943847	GSM709413
0	0.110443252533267	0.276013468739151	0.047319990779623	0	0.0944001797734266	0.0275720501452613	0.0123981619810402	0	0	0.0220630110341684	0.0165540779060833	0.00575344984589967	0	0	0	0.229193357031613	0.0748400519921116	0.00495915986835921	0.0784897883699949	0.02	0.30146267725386	0.968532954425448	GSM709414
0	0.185897779270567	0.0939593553197842	0.0937789685078995	0	0.133090397355703	0.00813770425003918	0.00233859956543018	0	0	0.02067666091719	0.00669809717184364	0.00286059825444948	0	0	0	0.290614931282183	0.0833710993981878	0.000224502829554881	0.0783513058771692	0.02	0.291141531041322	0.988208279559574	GSM709415
0	0.138008936486115	0.250018422169865	0.0717025363646315	0	0.0616208325386504	0.00577238670347941	0.00117776270890179	0	0	0.0048478061635189	0	0.0149140374018958	9.94660158348348e-05	0	0	0.270756661310355	0.158428731162899	0.0036109019542007	0.0190415190196526	0.02	0.281350481905495	0.987115226878829	GSM709416
0	0.158196132685134	0.174601379886292	0	0.00843083133820939	0.0641198916645631	0.025096398714681	0.00685074403327574	0.0101560862060584	0	0.0531988167651694	0	0.0307563365910076	0.0271356657466171	0	0	0.233190763782433	0.188162290928053	0.0201046616585074	0	0	0.356562079242549	0.952957264843515	GSM709417
0	0.139792432941625	0.0815003780842572	0.108577476643364	0	0.193971868505907	0.0217382078329898	0.00514002107685432	0	0	0.0212563566924291	0.0127395733175837	0.0291816622249217	0	0	0	0.212511503824048	0.0654308537817489	0.0202066669233651	0.0879529981509066	0.02	0.276691692362349	0.985226198162441	GSM709418
0.0244341254440117	0.185791709030647	0.217450489925512	0	0	0.0758109555495329	0.0250182332543339	0.0104961664747344	0	0	0.026186425922099	0.0130434102661078	0.00575682225456095	0	0	0	0.223873324312647	0.115628742224119	0.0168558171640892	0.0596537781776052	0.01	0.341653068552074	0.960762063314084	GSM709419
0	0.108945572192336	0.268395046285558	0	0	0.0818416920291533	0.0443262725712858	0.00407341071925629	0	0	0.0602581834241153	0	0.021238990996569	0.0198268281362591	0	0	0.262192928288302	0.108154969182875	0.00553288995236144	0.0152132162219283	0	0.351454266472779	0.948635791692803	GSM709420
0	0.214912529959168	0.258535795667926	0.0606317874897444	0	0.0367139273627722	0.0220491841792038	0.0059897255495833	0	0	0.0151093919730847	0	0.0315481085860086	0	0	0	0.0982466557857416	0.209127184703322	0.0123465643207724	0.0347891444226726	0.05	0.190890676306061	1.04566392781336	GSM709421
0	0.147343611064208	0.141429145895049	0.0528084970044849	0	0.100682059799821	0.0303509756504499	0.00131570543712428	0.0426426249284935	0	0.0480827380691812	0	0.00721043420407214	0.019352018655624	0	0	0.222968055952918	0.133394289050043	0	0.052419844288531	0.02	0.276962761051957	0.984737782515893	GSM709422
0	0.169096372532578	0.187275086669488	0.0630479404179955	0	0.0647987231094393	0.0440033648647287	0.0023601427348532	0	0	0.0245980027748032	0	0.0251185836877951	0.00187866910318976	0	0	0.259902457600686	0.0663538851719156	0.00656821579932535	0.0849985555332028	0.03	0.243031363645428	1.00701107595465	GSM709423
0	0.191541775008895	0.140502005541695	0	0	0.0499913985122762	0.052893220474272	0.00259096234507133	0.0111849839148575	0	0.057424916115593	0	0.0451087421165063	0.0332270043749466	0	0	0.164752664193272	0.219529433311045	0.0123227267715579	0.0189301673200116	0.01	0.340638021999101	0.965336020516876	GSM709424
0	0.188970630560803	0.236767539247078	0.0412721204725276	0	0.0722069418560265	0.051541262052769	0.00261156884423363	0	0	0.045227383981711	0.0127408446941911	0.00437629485838777	0	0	0	0.175211489534088	0.0907959978164947	0	0.0782779260816897	0.02	0.281535345680549	0.985223843936675	GSM709425
0	0.171403230477794	0.370371842524526	0.0128570375487077	0	0.0871216393532962	0.0148282981194244	0.0134759787987786	0.0221379858352779	0	0.0491501403632883	0.0104832465024599	0.0186200579101236	0.000984539039957199	0	0	0.116251581007961	0.102626109971258	0.00968831254714708	0	0	0.386222562728163	0.93369409833843	GSM709426
0	0.155084938834308	0.207936128646026	0	0	0.101824061085411	0.04877409912937	0.00963444312524476	0.033097518563435	0	0.0358800311471987	0.0158114452756061	0.0217020880994583	0	0	0	0.236891383223851	0.131049328362273	0.00231453450781829	0	0.01	0.339748545955365	0.958778853821887	GSM709427
0	0.142507536842816	0.23045928734878	0	0	0.128278975162613	0	0.0100343725548248	0.0128746718393004	0	0.0429861134713049	0	0.0162427211828715	0.0378369803041709	0	0	0.107552146519175	0.211077646745979	0	0.0601495480281638	0.01	0.335158873272683	0.956246836535829	GSM709428
0	0.149568794856743	0.202345649130648	0.0821485339107808	0	0.101484597051147	0.0228604082882246	0.00570606874376442	0	0	0.0167328299525761	0.0101371420207525	0.00490048617244756	0.00196955718083176	0	0	0.282461385765544	0.0605773785028249	0.00986570567890132	0.0492414627448127	0.02	0.288977163900026	0.984609080204672	GSM709429
0.00272069706810042	0.130235469979234	0.145675424716587	0.103185298030408	0	0.0699904558619906	0.0160285336013457	0.0110041404782406	0	0	0.00455354906112534	0	0.0162246731759507	0	0	0	0.252044758404952	0.215901688055005	0.00315174892264118	0.0292835626444188	0.04	0.200917000646838	1.02232087812935	GSM709430
0	0.210296743829381	0.117963822624726	0.131347595063502	0	0.05032193935404	0	0.010545026257963	0.0189294148671969	0	0.0396095169072101	0.00429163473964469	0.0221148093669585	0.00230587476509122	0	0	0.228811821681241	0.159604231247016	0.00385756929602911	0	0	0.419731729661181	0.918273453970235	GSM709431
0	0.172751976979732	0.155753729170407	0.109316535347867	0	0.0597205095999833	0.0407852338204759	0.00096524563579536	0	0	0.0318264729069843	0.0133716035787815	0.000134851335601267	0	0	0	0.23605201649607	0.0877796517999489	0.00697159699979344	0.08457057632856	0.03	0.21997834981602	1.01276072448881	GSM709432
0.0357851171501881	0.189226863630336	0.146477506739604	0.0332778531691961	0	0.0634934786953259	0.026646886634867	0.00171801795728559	0	0	0.00712212398351686	0	0.0292595742219895	0.0163308342039847	0	0	0.263781693572757	0.0949258304417983	0	0.0919542195991508	0.04	0.199349700338324	1.04277986100916	GSM709433
0	0.157952273124371	0.094363655810117	0.0412861518657981	0	0.040983240134708	0.0409851433923232	0.00105785026922519	0	0	0.0250225642383466	0	0.00193284107361386	0.0326025906516816	0	0	0.232312750912721	0.229573259682613	0.0167854278013847	0.0851422510430975	0.03	0.254622686484039	0.996022157549675	GSM709434
0	0.142315238432189	0.150355671581288	0.0727998885244556	0	0.174056449088588	0	0.00504679701767864	0.00165658894842683	0	0.00687387246620551	0.000617530012796393	0	0.011501025095147	0	0	0.313943540915022	0.0671613090883063	0.00344721404631263	0.0502248747835847	0.02	0.284545300959968	0.992654465860595	GSM709435
0	0.169424175628126	0.237008189445969	0	0	0.116556117280378	0.00405728384381604	0.0106869911943668	0	0	0.0385433083768803	0.0134632856035814	0.00600690679443149	0	0	0	0.199653813031353	0.0953127713159234	0.0233099370617897	0.0859772204233839	0.02	0.309893135425048	0.973042574767817	GSM709436
0	0.273349060635925	0.0807317594905419	0.0114186179154877	0	0.265833688108089	0.0355465858016676	0.000167427874274431	0	0	0.0260887457593148	0.00105889716817965	0.000474628695738851	0.0223117736292102	0	0	0.123368303894722	0.100131552809138	0.00752463886674487	0.0519943193509661	0.02	0.29767825655611	1.00928561515426	GSM709437
0	0.190642023282462	0	0.068347841545584	0	0.44261948455157	0	0.00662087523390178	0	0	0.0256988278743323	0	0.021767522633726	0.045894102837578	0	0	0.0591394801130667	0.048836029843274	0.0202233534370066	0.0702104586474983	0.01	0.340520311329176	0.976779795640707	GSM709438
0	0.126368541773323	0.223254635782365	0	0	0.0726622454247201	0.0448089245441625	0.000160452061588292	0	0	0.0474172961959096	0	0.0278782364628895	0.0280033036384796	0	0	0.22348473543922	0.105288178761271	0.00824910599066524	0.0924243439254054	0.02	0.268596025932347	0.98679747890199	GSM709439
0	0.197910210655532	0.0578931486630046	0.0500389484722576	0	0.0807266486093268	0	0.00790214317354677	0.00176174870096824	0	0.0334236880921965	0.00488373607424999	0	0.0160483091498108	0	0	0.341443666928712	0.106521728442988	0.0105898614943497	0.0908561615430567	0.02	0.27355037717445	1.00553660823776	GSM709440
0	0.1999144473788	0.094463311347325	0.0751038599204222	0	0.040047730506406	0	0.00988067786006757	0.0113152641255696	0	0.0275181734902202	0.0249595589145525	0.014065865178178	0	0	0	0.265495995628539	0.141110117107296	0.00726076624132558	0.0888642323012981	0.02	0.282037506023906	0.992580381980179	GSM709441
0	0.197775344515898	0.157578462342278	0.0571265787725144	0	0.0512388546775359	0.0203772983711939	0.0036323251425479	0	0	0.0208799903248508	0.00767860027537925	0.00441579309397968	0.00744818556024833	0	0	0.302355314511632	0.123396918998008	0.0210552770544965	0.0250410563594371	0.02	0.285943183132392	0.9979727899096	GSM709442
0	0.140194520463522	0.158954453462625	0.104618583593862	0	0.0795257132739893	0.0378960885176934	0.00736967179945717	0.0393105458987165	0	0.0249349343977994	0.0215351699616539	0.00226709350862808	0	0	0	0.216305140337175	0.0891647054978683	0.00174637918511214	0.0761770001018974	0.02	0.302261725462447	0.966674797264051	GSM709443
0	0.149501470927596	0.17449178877723	0.0796304898939185	0	0.045089177190157	0.0133704299637035	0.00335202506591315	0	0	0.0195214805775951	0.00067274055879332	0.00790625822780212	0.0067500100795412	0	0	0.166700053810967	0.280244713799869	0.012041817210048	0.0407275439168663	0.03	0.251858860437373	0.996074280414235	GSM709444
0	0.21375342252722	0.0776120190927759	0.122264290474514	0	0.0644812162305072	0.0398647224433085	0.00753386768620108	0	0	0.0103828334734244	0.0315639446705147	0.0357385291508186	0	0	0	0.255092457381087	0.0508290575988091	0.00822102968334168	0.0826626095874778	0.03	0.226377363528895	1.02562665677311	GSM709445
0	0.142624464192548	0.262976169590577	0.0429382855458121	0	0.085070663390228	0.00590365414837	0.00805918505038236	0	0	0.0412322861109685	0.025153713566276	0.011658019325295	0	0	0	0.280515199259005	0.057596346569264	0.0180974503570039	0.0181745628942706	0.01	0.339946997592535	0.960221280410995	GSM709446
0	0.141382745660053	0.224368039728849	0	0	0.0754129884834818	0.0568377031784374	0.00125390997254055	0.0261629015538517	0	0.0594836421215507	0	0.0589785222955128	0	0	0	0.181568803368316	0.174550743637407	0	0	0.02	0.290668367737641	0.983177988323065	GSM709447
0	0.144214314861245	0.094306573634799	0.0536745226973396	0	0.0913781867892583	0.0115194086592523	0.00523777885329475	0.0114115950950858	0	0.0215214940899133	0.0142642950877538	0.00471382750531054	0	0	0	0.366141871491071	0.110887737707671	0.00911430440211752	0.0616140891258877	0.02	0.296234255623657	0.985427131800523	GSM709448
0.00247165538219824	0.157909420904365	0.211467472382523	0.0789747470438466	0	0.115609770141366	0.0100155411542917	0.0132233149509523	0.00651469498481711	0	0.0119285376861032	0.00343836044947718	0	0.0162645380213098	0	0	0.251478317441554	0.0764805930382284	0.00243079586075784	0.04179224055821	0.01	0.335621630259043	0.960557620098223	GSM709449
0.031063006398222	0.125508544866061	0.228114608414767	0.0475152523877058	0	0.0209238339902299	0.0242657470966347	0.00862098697494673	0	0	0.0113433832620382	0	0.0233574686715382	0.00434317321572742	0	0	0.222427019076575	0.201926227429195	0.00321053175272399	0.0473802164636351	0.01	0.343975453049284	0.950129814858941	GSM709450
0	0.14883717627152	0.166732807003342	0.0797117542661735	0	0.13014364763808	0.0438892585648623	0.00214414612329048	0	0	0.0304110413236347	0.00464094309783202	0.005548682919146	0.00923383972882746	0	0	0.184912485887991	0.10822652557284	0.00868735376596695	0.0768803378364939	0.02	0.288621013740077	0.975688548995146	GSM709451
0	0.143656038451067	0.245934236676718	0	0.00477561875493383	0.0495729544194423	0.0408061903627752	0.00469952531270268	0	0	0.0265762970196465	0.0275442126565891	0.047619609560318	0	0	0	0.19404026712801	0.200822997275964	0.0139520523818338	0	0.02	0.284939159841434	0.987002459310394	GSM709452
0	0.164161163620248	0.236918852107429	0.0108793656675529	0	0.0677579837464453	0.0185145160083661	0.00355838517291305	0.00839931717903475	0	0.053574649100697	0.0252447161793885	0.00908417328454959	0	0	0	0.212660320536041	0.173265218436856	0.0159813389604792	0	0.03	0.224674043615133	1.02034630026558	GSM709453
0	0.129273958109708	0.263439889125375	0.0890953146518937	0	0.109138692905246	0.0259144513618871	0.00370763810203043	0.00411346258136386	0	0.00886589056544278	0	0.0173723043916045	0	0	0	0.205380352857407	0.0957665315985555	0	0.0479315137494859	0.02	0.278264778849873	0.982291248109043	GSM709454
0.0636969629032429	0.127252355572493	0.155306864795122	0.0668514435020333	0	0.0367886026406863	0.0184417579191178	0	0	0	0.00926577477775662	0	0.0273502704848014	0.0333678158498405	0	0	0.175973403884243	0.248159403777079	0.0169824576544945	0.0205628862390894	0.01	0.336079853081852	0.959797674680514	GSM709455
0.00226051591528826	0.185211341744642	0.0997860916460736	0.126507098943594	0	0.105079996278674	0.0285297049912043	0.00337284533422762	0	0	0.020267291659487	0.0102370328984045	0.0096141013661903	0	0	0	0.274267139500993	0.0818895830493801	0.0102031428002435	0.0427741138715973	0.02	0.26105235627334	1.00344624344527	GSM709456
0	0.105513845073925	0.254942729095083	0.0406997500703095	0	0.0692324834026763	0.0118509597367669	0.00443706777906483	0	0	0.046455308797497	0.00652757463572911	0.00642530836013333	0.00732326124592186	0	0	0.303864088920886	0.0716900726476138	0.0157621864871074	0.0552753637472865	0.03	0.226773509666029	1.01295009359564	GSM709457
0.0114318857990293	0.201796655984367	0.198249962029934	0	0	0.0508933612574293	0.0589444527021029	0.00251557912646731	0	0	0.0471388394043414	0	0.0534231299743443	0.0170507869448549	0	0	0.140465401196255	0.218089945580875	0	0	0.01	0.32247856156095	0.980196042711819	GSM709458
0.0379435910778394	0.122234398180611	0.282767729656227	0.0286736366038918	0	0.0419719382884537	0.0176718780501917	0	0	0	0.0145472083998555	0.00924046516822139	0.0103934435452266	0	0	0	0.263788345584669	0.104730503761628	0	0.0660368616831849	0.03	0.226324839191278	1.01183673454337	GSM709459
0.0121594335243253	0.139999300612894	0.251040562323174	0.0123837756535732	0	0.0906310993219504	0.0289485215055374	0.0043561751515991	0	0	0.0266989263966693	0.0202063717848664	0.00373807069150674	0	0	0	0.288581386389959	0.0525947329014855	0.00134675067282231	0.0673148930696372	0	0.461020124378695	0.888527916281941	GSM709460
0.0258360836912138	0.176677604743937	0.132325486350494	0	0	0.0589749502254595	0.0397212988254228	0.00530106546422465	0.0168417291615389	0	0.0471253841136837	0.0255597625106233	0.0492532569115289	0	0	0	0.252517848962508	0.160488184762615	0.00937734427675096	0	0.02	0.287993551841319	0.998736902595844	GSM709461
0	0.159575147818209	0.113513621209011	0	0	0.150521195259779	0.0242129260871325	0.00199909928963809	0	0	0.0223624189254561	0.021741500077709	0.0210634972253079	0	0	0	0.28471528925575	0.0999571413933764	0.0104072833791095	0.0899308800795215	0.02	0.272800330687381	0.995523559093129	GSM709462
0.0289646457298684	0.151018793751341	0.252860538355601	0.0441122518977592	0	0.0935370034553949	0.030120206175606	0.0057165523621486	0	0	0.0245633632196216	0.0143308274119851	0.0116196528738617	0	0	0	0.256016074101522	0.0757409050124563	0.00646124338509093	0.00493794226774342	0.02	0.310662158853801	0.977412196105274	GSM709463
0.0515024621996678	0.139089316683632	0.154063396622915	0.0795785786256655	0	0.0146523420731774	0.0227526542269093	0.00745962062825019	0	0	0.026254876936079	0	0.0282337327096701	0	0	0	0.210676460766637	0.223379112237167	0	0.0423574462902306	0.01	0.317703502361325	0.967170028134146	GSM709464
0.0172884465006286	0.145239018296015	0.156585521301141	0.0877545831894584	0	0.0635515220024881	0.0436041262394068	0.0043189826009648	0	0	0.0241373120742053	0.00301943263877964	0.0018782192751904	0.014276487411746	0	0	0.26239048963148	0.080455969311666	0.00881049772976192	0.0866893917970679	0.01	0.336368099859901	0.953903853942967	GSM709465
0	0.181815276748294	0.168152745063433	0	0	0.0590217572295355	0.0475074496442417	0.00835991449039179	0	0	0.0581107915177959	0	0.0669696161466354	0	0	0	0.223374816642031	0.170376819543279	0.0163108129743633	0	0.02	0.274730374978934	1.00570953041811	GSM709466
0.0260754288883129	0.142093170328331	0.136553517887018	0.0697138964430853	0	0.0866517067682313	0.0154518500440273	0.00909461713869858	0	0	0.0216869366906684	0.005395376895732	0.00985974149461765	0	0	0	0.347251484269323	0.0578842424889268	0.00193241596485926	0.0703556146981686	0.02	0.310402417223375	0.977752781448698	GSM709467
0	0.118878007617972	0.276204003731187	0.0405202694309126	0	0.0981749298470144	0.0422585895577553	0.0126743115496707	0.0140511560836885	0	0.0297577832525732	0.012445194963731	0.0303476486583635	0	0	0	0.170916805295686	0.145011383670327	0.00875991634111842	0	0.02	0.289087960085248	0.977630685957373	GSM709468
0	0.123094648614598	0.247664897188831	0	0	0.0493372451494318	0.0591199761938521	0.0120739247773956	0.00960549539369296	0	0.0610656762261265	0	0.0285777248587962	0.0152230114338623	0	0	0.194410676249931	0.196431389023811	0.00339533488967065	0	0.02	0.3053453336543	0.970685802549453	GSM709469
0.155929742464859	0.117241373943392	0.262066628439019	0.0758772284951772	0	0.04726469425241	0.00916130099669478	0.0146777335000299	0	0	0	0	0.000727701012301727	0.0164105109462639	0	0	0.129366321513485	0.117503137871622	0.00493402832502168	0.0488395982397232	0.01	0.348132448814232	0.953794543090008	GSM709470
0.0214775686718688	0.174871253056616	0.187871609508982	0.0914768934945284	0	0.0600004751638819	0.0572404180329452	0.0120604516762779	0	0	0.0404866996119528	0.0219690515029797	0.0556214964195748	0	0	0	0.122208360739533	0.15471572212086	0	0	0.01	0.327353687146808	0.967075167120163	GSM709471
0.104646381756438	0.169036997497173	0.220748883603914	0.0995317174914363	0	0.0396182961939613	0.00927405363326989	0.00485404429221657	0	0	0	0	0.0135955542719928	0.0173446605861466	0	0	0.213900077765467	0.0837114550197535	0.00258681240809935	0.0211510654801308	0	0.372845663851144	0.948090507011855	GSM709472
0.0409774018034165	0.156327995689593	0.20827928949424	0.073732341932992	0	0.106715597860269	0.0224555969273814	0.0102710584954775	0	0	0.00285063059956427	0	0.0360067386139794	0	0	0	0.0950924947223959	0.199485861597706	0.0015648138785952	0.0462401783843897	0	0.402089754438272	0.922070018371982	GSM709473
0.03328806949441	0.184036892983967	0.127141168539201	0.0574500935530998	0	0.0601301456154142	0.0411818212458524	0.00237167521436736	0	0	0.0382696557683116	0.0163550310809557	0.0206630260638396	0	0	0	0.25839826271597	0.0687975908373195	0	0.0919165668872912	0.02	0.306656415182098	0.978213903331638	GSM709474
0.0407823337887462	0.199851777287521	0.20445338650236	0	0.00688078388236714	0.058217382635332	0.0207035714042426	0.0107412619054012	0	0	0.0507455245736518	0	0.051525347089882	0.00782267366153572	0	0	0.190111919403406	0.138530670620458	0.0196333672450957	0	0.01	0.331259884713282	0.981311611882462	GSM709475
0	0.0951673947858049	0.244415930709928	0.0845833179021269	0	0.0790111592162953	0.0261909139109321	0.00943295299470004	0	0	0.0437840820303604	0.0224829722982004	0.000359763297992619	0	0	0	0.230764935726983	0.0861345118615347	0.0087003914431055	0.0689716738220359	0.02	0.307443875612256	0.962636018770625	GSM709476
0	0.141353047428565	0.173110543768133	0.0985008052846959	0	0.0816114031209308	0.00190258763827715	0.0129430888003673	0.00325736254563379	0	0.0161254674430371	0.0152179629796277	0	0	0	0	0.289454097243172	0.0850669783081127	0.00872835411663897	0.0727283013228096	0.02	0.294751096608394	0.978036710998924	GSM709477
0	0.158450527626966	0.0840769181321615	0.109640249133394	0	0.0646472483960965	0.0218687355479563	0.00286568103763453	0	0	0.0325688024225018	0	0.0231637044385885	0.00215555175808149	0	0	0.243590944384425	0.162385762961388	0.00272040696793288	0.0918654671928727	0.03	0.255431403521775	0.994549690952343	GSM709478
0	0.182867326089963	0.241106696365159	0.00863495532299067	0	0.0504012134431956	0.00584112974655388	0.0110919507708056	0.0351591334459526	0	0.0504359216462408	0.0259948285459722	0.0617298736729684	0	0	0	0.214087126873052	0.111741406270773	0.00090843780637352	0	0	0.362516656766026	0.954660005233693	GSM709479
0	0.135235239945139	0.20220004671714	0.0148603054469233	0	0.0746622578539276	0.0358692273124294	0.00527236007714896	0	0	0.0192841800848849	0.0278712260850909	0.00717846334148592	0	0	0	0.313233268970356	0.105178434069665	0.00493159386380454	0.0542233962320045	0.03	0.251874664522124	1.00296436352091	GSM709480
0.0116748708285303	0.128514455402422	0.161541425795359	0.0519850145540441	0	0.0397898669944573	0.0246843054902194	0.0043518761537493	0.00945646781557622	0	0.0186415567154984	0.00830302352933477	0.00901170556209622	0	0	0	0.379114424686346	0.0980554512674292	0.00104466492907045	0.0538308902758679	0.01	0.335976801932977	0.962553986653417	GSM709481
0.0154212862324632	0.245354147089706	0.160600020902913	0	0	0.0519314338606781	0.0577776480844778	0.00421440866301971	0	0	0.0462459270131469	0	0.0694024434516105	0.0215682160596986	0	0	0.165498280346398	0.15696441914031	0.0050217691555776	0	0	0.386752584923564	0.955486413000934	GSM709482
0.00553469218340782	0.208144878542609	0.209537116384195	0.0971876562760579	0	0.126762772706849	0.0260928429339882	0.0118579650656772	0	0	0	0	0.0363668845132777	0	0	0	0.114359511389343	0.147929014720134	0.00133416513070788	0.0148925001537533	0.01	0.33346078208765	0.968812613414944	GSM709483
0	0.197946833520087	0.184148217840315	0.0996673652055073	0	0.0688983902029363	0.00462328822216447	0.0075389601950614	0.020623599113391	0	0.04452927051449	0.012670479111541	0.0106023784716326	0	0	0	0.236117847350989	0.104830970052291	0	0.00780240019959304	0.01	0.348498457760736	0.958369949423929	GSM709484
0.0537679830532717	0.223055766224316	0.103489198941706	0.103689429336744	0	0.0758348439122987	0.0252927165489602	0.00877473506195405	0.00485296041178605	0	0.0131575358350724	0.00113368957536138	0.0344341578223004	0	0	0	0.18824634298447	0.116583863465281	0	0.0476867768264768	0	0.389770531908995	0.941240424626361	GSM709485
0.0161264000032168	0.206767878340592	0.0986751694124558	0	0	0.0689710005898354	0	0.010820463193011	0.00689850893290049	0	0.033146810262065	0.0243558912864923	0.00250710260775177	0	0	0	0.343437090117603	0.0868005827095457	0.0147311667394538	0.086761935805077	0.02	0.292443010009331	1.00078489146547	GSM709486
0.0854422301518924	0.270430614087012	0.117351243540912	0.0568101889509655	0	0.0437194541434975	0.0219636670021937	0	0	0	0	0	0.107392724435821	0	0	0	0.124039310228021	0.145727198081543	0	0.027123369378141	0.01	0.33108738702784	1.01930665438173	GSM709487
0	0.214663960371803	0.102281590046585	0.0250412835332793	0	0.0923048532943868	0.0455415949884661	0.0034304587248922	0	0	0.0349133352809411	0.0076616367669257	0.0142032961156053	0	0	0	0.228364726820745	0.141070060215044	0.00152866347883322	0.0889945403624947	0.02	0.273098795067993	0.998718680789114	GSM709488
0	0.164957687744532	0.148453320012313	0.0479265081882259	0	0.0937848651430727	0.0338530133256853	0.0156815983042839	0	0	0.0262638685547656	0	4.98917876528982e-05	0.0220594299259274	0	0	0.305091238174847	0.0562469012346486	0.00986621684029516	0.0757654607637506	0.02	0.291150176316087	0.98709549758059	GSM709489
0	0.171520016964683	0.147472009047064	0.0823343584125004	0	0.0572906991224923	0.0452673657941158	0.004878431670392	0	0	0.0315558334269581	0.00883970504843594	0.0177802909265236	0	0	0	0.235750863993103	0.133280130191731	0.0278359914363961	0.0361943039656043	0.01	0.328295604202645	0.962235051883439	GSM709490
0	0.0828021932358477	0.239549075046613	0.0759055862461063	0	0.0607446206459201	0.0187263968864332	0.00557529002024065	0	0	0.036943254276999	0.0221964522584551	0	0	0	0	0.339029088697027	0.0606154490250137	0.00498909319304304	0.0529235004683011	0	0.419800105032747	0.910462884286285	GSM709491
0.0292698796981628	0.109969732861338	0.19119483861269	0.0943859223587293	0	0.0866792898214791	0.00193138921924251	0.00665687695408682	0	0	0.0130996075493743	0.00380102791343386	0	0.0120811215957053	0	0	0.339859166055719	0.0468043764330183	0.0104861046539672	0.0537806662730533	0.02	0.272335431596694	0.994900227610457	GSM709492
0	0.157840325439427	0.170087967384326	0.0774533829491621	0	0.0793398664433512	0.0286041263481244	0.00353475004237687	0	0	0.0204968797323377	0.00475282840164185	0.00256998220600509	0.0112908573246083	0	0	0.279586219101403	0.0808110761821431	0.0137297517994526	0.0699019866456411	0.01	0.342225363664162	0.954486803104062	GSM709493
0.0183246584053513	0.159401366304933	0.179951317687999	0.13360498447967	0	0.0729790727534676	0.0298263208298545	0.00608089915326878	0	0	0.0383806767806044	0.0200051390199863	0.000253882216546236	0	0	0	0.285526629832791	0.041501458764364	0.0141635937711642	0	0	0.37871433327283	0.938341897543534	GSM709494
0	0.165831540360033	0.126217370835734	0.109935202107714	0	0.0636410573774788	0.0169985688305088	0.00944135799483685	0	0	0.0110858050514828	0.00658282440821973	0.00971577418415243	0	0	0	0.249781185620511	0.171164125604131	0.0068018948011511	0.0528032928240471	0.02	0.293538679479481	0.97914079260252	GSM709495
0	0.14121647885581	0.0420424158622108	0.0825662424023715	0	0.233601865675212	0.00242529773172665	0.00732123064424978	0.00333957753322616	0	0.0279575296323082	0.000816443402455717	0.0107918983838923	0.00178791526129288	0	0	0.26488380304669	0.108893413368362	0.00601550992485322	0.0663403782753397	0.03	0.257193296325389	1.00209967514873	GSM709496
0	0.224780561022183	0.22550405707804	0.036679875237419	0	0.0947107532556227	0.0240161795484592	0.00435169981031552	0	0	0.029372605948665	0.0333813136234722	0.0375683706921308	0	0	0	0.22261186263653	0.0614645317207307	0.00555818942643236	0	0	0.402183428014688	0.935496445397861	GSM709497
0	0.192176019974821	0.118355837881283	0.101084738245365	0	0.202803035941238	0.013556862828915	0.0129391528181082	0	0	0.0210779352614898	0.0206751675673916	0	0.00250643528006552	0	0	0.217444976887083	0.0830418339472284	0.0143380033670118	0	0	0.376257266698633	0.944333907324497	GSM709498
0	0.180174588856667	0.119583675540098	0.0428784056645856	0	0.0851790946896208	0	0.0154573520386687	0.0154802272646029	0	0.0301830852593562	0.0257272867946724	0.00365380407556928	0	0	0	0.305264454323042	0.149292085262013	0.0206757751901505	0.00645016504095347	0	0.358182399060648	0.955631042187021	GSM709499
0	0.136393210942917	0.254123259175286	0	0	0.0731589674815404	0.0254296242699237	0.00499740427297143	0.0144394101241226	0	0.0284203432949656	0.0335136713395344	0.0184089237661102	0	0	0	0.27706860829351	0.118488088051206	0.0155584889879136	0	0.01	0.348931283637575	0.953856596551709	GSM709500
0	0.187418446316085	0.161354864705193	0	0	0.104499065577426	0.0404027165665936	0.00483624440234471	0.00483367292488478	0	0.0566712274379792	0	0.0160841861107243	0.0312143354974803	0	0	0.174870152103237	0.203257470343441	0.0145576180146107	0	0.01	0.339996741732351	0.963898526503457	GSM709501
0	0.248027652799995	0.210492248832889	0	0	0.0399258632520145	0.0604089979628264	0.0068803047816871	0	0	0.0346781728623702	0	0.0514830088524009	0.00472350816372685	0	0	0.141275147113387	0.186365984187565	0.0157391111911388	0	0.01	0.329235595208387	0.985367783269001	GSM709502
0	0.206354662270444	0.124456086805299	0.0515769204389152	0	0.0675601936268126	0.0521083067947207	0.00235281095469772	0.0332565142744782	0	0.0458058748430099	0.00463317239149241	0.0492670485081449	0	0	0	0.117383845692779	0.22911885929059	0.0161257041086165	0	0.02	0.310157116019391	0.982667329307509	GSM709503
0	0.214826106123808	0.212418159290642	0.0334116026659808	0	0.0481992658322407	0.0546262010862247	0.00649008614907424	0	0	0.04425605790632	0.0210470050891179	0.0175307483360191	0	0	0	0.209652166555803	0.13233640953869	0.00520619142608043	0	0	0.455379757753881	0.895982092384678	GSM709504
0.100262216565305	0.0889060137485582	0.117157144171377	0.0303110047205357	0	0.0432496324321116	0.00742852133299522	0.00880781722115642	0	0	0.0122272635916521	0	0.0518268600404597	0.0091487077417517	0	0	0.26227519352047	0.205514405511833	0.012911471579175	0.0499737478226197	0.03	0.257306177501803	1.0035750022172	GSM709505
0	0.187044669292583	0.0881180531390276	0	0	0.111333951389822	0.00241500596121617	0.00602277946561211	0.040758570625312	0	0.0408053611157655	0	0.0688620613549651	0.0318673255432909	0	0	0.0945716078548322	0.323998190779295	0.0042024234782789	0	0.02	0.302681939323597	0.999424452731645	GSM709506
0	0.203564915070899	0.112183726028608	0	0	0.0515606459824522	0.053929383308041	0.00303577483395564	0.0300848978435192	0	0.0338719750950806	0.0185280673370018	0.0690889274953005	0	0	0	0.208572344725948	0.205816666409844	0.00976267586934996	0	0	0.448759405896319	0.904005289033076	GSM709507
0.0121142574012867	0.165646543392828	0.107757164079475	0	0	0.123326615106677	0.0486186371887276	0.00710615589703635	0.0234096331402087	0	0.0457546873634064	0	0.0435458951446296	0.0299532869829275	0	0	0.144121593255054	0.159210863624391	0	0.0894346674233515	0.01	0.338338237553904	0.957240262266293	GSM709508
0	0.201450412066822	0.214020581905604	0.0692701168755191	0	0.117012349416057	0	0.00887792625776348	0	0	0.0221885638135476	0.000912029275963183	0.00457637586263365	0.0217849477836296	0	0	0.179214627665319	0.10324498516659	0.0227035425677533	0.0347435413427989	0.02	0.305938855434116	0.983075749892191	GSM709509
0.0234168985787039	0.172078604840802	0.110980346083497	0.0791140375194449	0	0.0483880491115473	0.0178882456551667	0.00912093561157218	0.0130402441964419	0	0.0209982982490121	0.00866802618548403	0.0241989383574422	0	0	0	0.237923061444752	0.149626067261665	0.00937910864611866	0.0751791382583508	0.02	0.283138962131313	0.987635273243592	GSM709510
0	0.14690467952361	0.171893944574896	0	0	0.0917962976126044	0.0368987543504376	0.00458447457812439	0.017577556181244	0	0.0278934655925473	0	0.00955766774628771	0.033631993186903	0	0	0.242486675874297	0.151884524243226	0.00636021860253896	0.0585297479332837	0.03	0.243040043459294	1.00553032110108	GSM709511
0	0.181228808106939	0.096418769991523	0.0750732873765426	0	0.0586266170625554	0.022627325595425	0.00453585679716558	0.0245669093740878	0	0.00927806099858613	0	0.022456141304329	0.00541579676910362	0	0	0.290761296405653	0.136042538822185	0.00726448156034383	0.0657041098355609	0.01	0.331229989632239	0.965045836333459	GSM709512
0	0.182173726553675	0.160863397166119	0.0248641349798198	0	0.121536313402322	0.0118266739784455	0.00689597217353473	0	0	0.0163466971013238	0.00266330718426301	0.00559441955672351	0.0121101110593304	0	0	0.291827412053462	0.060006570228252	0.0194170717331668	0.0838741928295621	0.01	0.341331269492062	0.962927259130632	GSM709513
0	0.161355444182355	0.099589157617206	0.0428515146633446	0	0.120818447170829	0.0385678646300206	0.00431197471925132	0.00340793874376105	0	0.0270285989616099	0.000229839963758993	0.0120862487978839	0.00875596246119606	0	0	0.275312959771814	0.108498225471489	0.0130155486975281	0.0841702741479527	0.02	0.292320186312239	0.981737909055584	GSM709514
0.000730129001557997	0.160759990111091	0.0439943116135869	0.0683570970455566	0	0.169658015602613	0.0135145440233458	0.00452239354781497	0.00913435253200545	0	0.0201546390206971	0	0.00975831492712202	0.011359615214234	0	0	0.264143423152172	0.138825597517351	0.00406766046119712	0.0810199162296552	0.02	0.292234029157472	0.982356921313994	GSM709515
0	0.180909226603011	0.0816210825681973	0.101792745422736	0	0.187440858058899	0.00794506287957241	0.0116775450283838	0.0174404489835677	0	0.0221344706660973	0.00886762456458499	0.00327465260162831	0	0	0	0.212516520102683	0.0901024240872135	0.0114140803941995	0.0628632580392265	0	0.365552479464004	0.944101681849587	GSM709516
0	0.137772184847824	0	0.0716309652847571	0	0.390251252428499	0	0.0116209721392535	0	0	0.0242331976652829	0.0177108458172315	0.00662317500497196	0	0	0	0.156897524882285	0.0862474851389501	0.0209970503858654	0.0760153464050797	0.01	0.335616383265885	0.963358510955973	GSM709517
0	0.194926599597242	0.168140840935509	0.125159582393581	0	0.0885298468965761	0.0351077420096037	0.00557756356690509	0	0	0.0160053035073346	0.00588930527571695	0.00532476099541651	0.0119665055656208	0	0	0.23384322370054	0.0883962000793584	0.00820084065686635	0.0129316848197302	0.02	0.280303929284741	0.994360932055702	GSM709518
0.056510197498866	0.128047859822889	0.159431235781071	0.0757490336304281	0	0.104420729420617	0.00695532770985691	0.00917517886388598	0	0	0.00863268666270683	0	0.00919646785986143	0.0129461575937741	0	0	0.303611869725783	0.078549158919932	0.00394456652063392	0.042829529989695	0.01	0.336193771681327	0.962471310173968	GSM709519
0	0.0781751492766149	0.273348811088198	0.0600162896472808	0	0.0573063706193507	0.0216917797220329	0.0129424441536408	0.00116558154125422	0	0.0342031048184061	0.0117971581298594	0	0.0139703891492264	0	0	0.274120923245434	0.0849878599290012	0.0117941514003898	0.064479987279311	0	0.367828824972534	0.934874471886929	GSM709520
