CD14_positive_monocyte	CD16_positive_monocyte	CD4_positive_alpha_beta_T_cell	CD56bright_natural_killer_cell	CD56dim_natural_killer_cell	CD8_positive_alpha_beta_T_cell	MAST_cell	basophil	eosinophil	gamma_delta_T_cell	hematopoietic_progenitor	macrophage_m0	macrophage_m1	macrophage_m2	memory_B_cell	myeloid_dendritic_cell	naive_B_cell	neutrophil	plasma_cell	plasmacytoid_dendritic_cell	P.value	Correlation	RMSE	sample
0.0526789596528395	0.242440118203557	0.298903268460335	0.181547803960195	0	0.066009498736336	0	0.0171998240617574	0	0	0	0	0.0175202244325269	0.0258517443453196	0.0237402119784964	0	0.000422653452748613	0.0380702122962375	0.0356154804196512	0	0	0.565406457216533	0.825265309723255	GSM981627
0.195344137555935	0.168197787575319	0.171098287727965	0.132020386090528	0	0.0524964682977143	0	0.00558500964842398	0	0	0	0	0.0586343502968835	0.0377814949224087	0	0	0.0363095848808338	0.124792912705422	0.0147186412640193	0.00302093903454831	0	0.562269947210501	0.831942974530924	GSM981628
0.0237818937991571	0.130983909911758	0.407751041890754	0.163202632164592	0	0.0878156587079958	0	0.0230260795247	0	0	0	0	0.0141765350196248	0.000197748648345312	0.0307849869555666	0	0	0.0971758295375906	0.0211036838399158	0	0	0.446002052601098	0.895660922560061	GSM981629
0.218098046688522	0	0.0826762921594343	0.118972301567123	0	0.0274662157868078	0	0.0115863173120767	0	0	0.0208395343933707	0	0.0393692620588786	0.109006915957256	0	0	0.0318804421359387	0.259506127155394	0.06457431519555	0.0160242295896487	0	0.560178790661141	0.827712045683241	GSM981630
0.138388178212661	0.108978486633105	0.107217120163309	0.104606478925505	0	0.0563313328185847	0	0.00734286147246504	0	0	0	0	0.121140421629353	0.0141512383480731	0.00506399801736256	0	0.00414713350109809	0.303961374118877	0.0163896867042136	0.0122816894553934	0	0.552827252597137	0.837516530922004	GSM981631
0	0.212701976402843	0.346869888537736	0.200279275676324	0	0.137149796920407	0	0.00783298055657666	0	0	0	0	0	0.0170169335749502	0	0	0.0443646799131102	0.0215268689146478	0.012257599503405	0	0	0.605117247577153	0.795957839441789	GSM981632
0.111339650182682	0.168002627350617	0.235591949458443	0.179416227583547	0	0.164348059101707	0	0.0147560656795302	0	0	0	0	0.0474270448532199	0.0159906371831412	0.0237118701763608	0	0	0.00908498176950023	0.0303308866612527	0	0	0.598516490849642	0.799862400768507	GSM981633
0.0606034202918938	0.180560188066365	0.300343529685313	0.190947944637966	0	0.0977426743585358	0	0.0178518834010014	0	0	0	0	0.033698911817416	3.43641842505802e-06	0.0354008955986594	0	0	0.0328511614229091	0.0499959543015157	0	0	0.394676392278533	0.932867439081864	GSM981634
0.259552061159606	0.00028724407326543	0.171479743675458	0.0748961597300683	0	0.0307918725535628	0	0.0141010208389659	0	0	0.00508432905661649	0	0.090790676437387	0.0852228132398164	0	0	0.0415895415296463	0.217681854142239	0.00852268356336827	0	0	0.441164793279059	0.911482867485903	GSM981635
0.103682493012863	0.284478314021363	0.270701264412514	0.172640291213485	0	0.0570641338120821	0	0.0181679199704044	0	0	0.0171674254467865	0	0.0424122905449007	0.0177094483219774	0	0	0.00382275601330212	0.00291933938505272	0.00923432384526867	0	0	0.597496595054372	0.808438717782692	GSM981636
0.246855144988133	0.145121528699886	0.155789134795259	0.11684699380282	0	0.0506862933495848	0	0.0183513309993491	0	0	0	0	0.0546196300487933	0.022638534384566	0.0234946262765174	0	0	0.123136754177671	0.0424600284774203	0	0	0.558351984166512	0.83583116730935	GSM981637
0	0.152734243426337	0.171160620494547	0.172352219277078	0	0.249631471930207	0	0.0133017481335765	0	0	0	0	0.0188578220134405	0	0.0692410083565068	0	0	0.0532211605504877	0.0278344718411946	0.0716652339766252	0	0.488118919877878	0.871991835297541	GSM981638
0.207836320708925	0.105576240509732	0.0913199502606225	0.0977443356984926	0	0.0688610072728783	0	0.0139747474682464	0	0	0.00123311867502524	0	0.062575911395257	0.0579865939246795	0	0	0.0681838619361384	0.212433125125471	0.012274787024532	0	0	0.643940921880011	0.76542355462345	GSM981639
0.150501440709242	0.100382648538169	0.154102465245953	0.110935405663182	0	0.0565692696820696	0	0.0131127234033149	0	0	0.00107592218651664	0	0.104393867701799	0.0486699583601805	0.00373834153913911	0	0.00682697725656345	0.222804731884156	0.0128337135835015	0.0140525342462147	0	0.534329999292404	0.849124951027006	GSM981640
0.0355833278375091	0.182616685228899	0.337533066978671	0.229686175220035	0	0.116894697178706	0	0.0160690171866904	0	0	0	0	0.0165646889842592	0.0334553275074664	0.0241029240795541	0	0	0.0074940897982094	0	0	0	0.477980586744179	0.880814881069258	GSM981641
0.10905521671847	0.217511286192494	0.11487434604372	0.242134945348459	0	0.186586535091293	0	0.0147507894898086	0	0	0	0	0.0235300920426769	0.012580307604164	0	0	0.0533851987100385	0	0.0255912827588747	0	0	0.657455548539705	0.752944874032021	GSM981642
0.111658547615876	0.228193382778166	0.260310526020253	0.16506973121345	0	0.108492197065219	0	0.0100692029750244	0	0	0	0	0.00818324631219824	0.0135431890751385	0	0	0.0346508185585297	0.0553155908456411	0.00451356754050349	0	0	0.645656320396572	0.762606318160333	GSM981643
0.189011377621607	0.219014064017916	0.176884887089777	0.176761257759541	0	0.0830771256301228	0	0.0185121469766795	0	0	0	0	0.0177124309158071	0.0167775942650008	0	0	0.0502507425519489	0.0510715209013426	0.000926852270257754	0	0	0.614115118938651	0.790515505110715	GSM981644
0.223543023562592	0.11406772072365	0.150027469154209	0.104306234359588	0	0.0121524854806672	0	0.00543405098699004	0	0	0	0	0.118100816177602	0.0431038771547065	0	0	0.0264549132459473	0.159554641600779	0.0299213812641769	0.013333386289092	0	0.573967928729394	0.825826889565532	GSM981645
0.233342042869218	0.187145023766664	0.181828466109216	0.126506257800889	0	0.060316395544317	0	0.013085339784925	0	0	0	0	0.0503620507311633	0.00814596143765082	0	0	0.0204390702817234	0.0914888899864962	0.0273405016877363	0	0	0.57555779898153	0.825174739028799	GSM981646
0.127664172527881	0.165646839533555	0.168407522020834	0.216426545557857	0	0.105180936861691	0	0.0176653727885052	0	0	0	0	0.0631347450057332	0.0148567781276459	0	0	0.0566354328986388	0.048753964129822	0.0156276905478368	0	0	0.548606056719835	0.836354700562822	GSM981647
0.0930186441261495	0.136583558779614	0.175373441989881	0.128583782638678	0	0.0433481684325478	0	0.00530306607325854	0	0	0	0	0.0287008039752957	0.0516677368938617	0	0	0.0358126471201391	0.286492811992981	0.0151153379775935	0	0	0.549597898126263	0.834752353385583	GSM981648
0.191330292149124	0.220033738216022	0.0946774366031806	0.0869967033521539	0	0.056675299054066	0	0.00442067317363972	0	0	0	0	0.0979265439007301	0.013690635181393	0	0	0.012927366081539	0.195678662942114	0.0138173484628095	0.0118253008832274	0	0.688111660892189	0.73030586174307	GSM981649
0.1256661592135	0.229081001060094	0.172053433945839	0.182919954250497	0	0.12419358387367	0	0.0163678322225424	0	0	0	0	0.00937812195624078	0.0354609537971757	0	0	0.0853867167516042	0	0.0194922429288364	0	0	0.65955667346852	0.750737731119632	GSM981650
0.0578601154271772	0.191468140861749	0.260148469690617	0.181585724327436	0	0.156699680871935	0	0.0110318479017453	0	0	0.0138168610547951	0	0.0337578469742615	0.0154583782061217	0	0	0.0444306634321946	0.0255679815853943	0.00817428966657378	0	0	0.566086662820813	0.823248291482588	GSM981651
0.138066290116888	0.123179434954864	0.109348085347697	0.0980679941443963	0	0.0722593872646133	0	0.00461732780191869	0	0	0	0	0.0782701850861469	0.0430130732255788	0	0	0.0151495080478334	0.307987501555216	0.00885183552874178	0.00118937692610613	0	0.633684214306974	0.774082216561825	GSM981652
0.00130391530461154	0.130703187653571	0.251719029314269	0.223880781899544	0	0.10138394825495	0	0.00553172520930449	0	0	0	0	0.125801064420957	0.0170329276894513	0	0	0.0250035196188676	0.0747548170095762	0.0390470417199974	0.00383804190490068	0	0.549432796512336	0.834286630848003	GSM981653
0.0440148439000516	0.230103516546695	0.269264307789585	0.182527924765869	0	0.126544157065088	0	0.0194147526379865	0	0	0	0	0.0390231579289117	0.00238313161485958	0	0	0.0483127282118913	0.0273480961728572	0.0110633833662056	0	0	0.511011154710566	0.864105090024314	GSM981654
0.159949333058125	0.225547033970401	0.179185833754631	0.147092380473465	0	0.14866654635528	0	0.0130965705058836	0	0	0.0186968845061199	0	0.0324416772415998	0.00631254936172705	0	0	0.0589509344156317	0.010060256357137	0	0	0	0.512267342188156	0.872577685361999	GSM981655
0.202012480590498	0.138664226021109	0.125525539662145	0.107108886386063	0	0.0803641204325057	0	0.00906188552572379	0	0	0	0	0.0995230035659338	0.0340818445170069	0	0	0.0140009629452781	0.184215545125235	0.00544150522850137	0	0	0.604058425751328	0.800635437986447	GSM981656
0.0522267666766786	0.259190380348161	0.237903107091862	0.158376772659507	0	0.137800539646586	0	0.00928903257054512	0	0	0	0	0.00894513477386726	0.0272149590957962	0	0	0.0304071075705098	0.0503225801688144	0.0283236193976725	0	0	0.585093825131364	0.811725016358335	GSM981657
0.130048013293069	0.22799943310826	0.201820592869898	0.130620117505871	0	0.065245054701013	0	0.0154650705973701	0	0	0	0	0.035543385260205	0.0424353602807152	0	0	0.0193210732327983	0.112745766458168	0.0136093516002414	0.00514678109239161	0	0.703689895575092	0.71133260253172	GSM981658
0.102594605947102	0.209487576698159	0.21739225995303	0.14040173797699	0	0.208763428299251	0	0.0145699213089143	0	0	0	0	0.00258055994148407	0.017753720867519	0	0	0.0280076494597424	0.0470464778709838	0.011402061676825	0	0	0.644966859467499	0.763309209870678	GSM981659
0.140436898052811	0.171502337752516	0.0959383719031393	0.118094670773709	0	0.0969664971500212	0	0.0120585074984945	0	0	0	0	0.090975636935037	0.0406572589386588	0	0	0.0389949991636529	0.181047431096641	0.0133273907353195	0	0	0.553818594802517	0.840142769111416	GSM981660
0.0817431776706508	0.228289813365669	0.089179996425157	0.160415258486888	0	0.0235037321876555	0	0.0168435056249983	0	0	0	0	0.0734551962523172	0.0232131339440869	0	0	0.0490840827317399	0.221187447522517	0.0330846557883204	0	0	0.644006846528555	0.766145346717098	GSM981661
0.120703629210886	0.208870821450363	0.188970203252572	0.19848853784217	0	0.0920167969949402	0	0.016328749754318	0	0	0.00234853080552961	0	0.00994340155312674	0.0397486877209916	0	0	0.0707825223173037	0.0466286889780114	0.00516943011978805	0	0	0.54906520832301	0.837436975361004	GSM981662
0.067658475285042	0.12228382780608	0.179294937306632	0.159204275940141	0	0.128749508429733	0	0.013680287429659	0	0	0.0229905551566342	0	0.0594146400385836	0.070045197340109	0	0	0.0560079247062094	0.1016245375455	0.0190458330156756	0	0	0.431925982511297	0.908929003027738	GSM981663
0.164213135226925	0.184573816540602	0.109803501440221	0.185514964931292	0	0.120095678553766	0	0.0138665497082668	0	0	0	0	0.0321367284133534	0.0327059955788032	0	0	0.0422549275578329	0.101460455527355	0.0133742465215832	0	0	0.665127910103318	0.746731825216679	GSM981664
0.0321291411367568	0.144916582292096	0	0.327748135571127	0	0.385985048889757	0	0.00954254548266762	0	0	0	0	0.0317923939565916	0	0.00761755784242258	0	0	0.031243323767056	0.0179498840270666	0.0110753870344594	0	0.626524703531442	0.780998959324536	GSM981665
0.143436377544324	0.158583950599693	0.13754771510954	0.141915328240589	0	0.0603354291782467	0	0.00878292811343193	0	0	0	0	0.121686757491494	0.018642592608443	0	0	0.0306135965315717	0.166820156456059	0.0116351681266066	0	0	0.557496440911337	0.836881944010888	GSM981666
0.181411347432034	0.189930828092878	0.0866504301490683	0.0424282756895536	0	0.0402269262025593	0	0.0150855916068201	0	0	0.0208990073727796	0	0.0896766114551682	0.064867300126192	0	0	0.129773399429822	0.0880674609939194	0.0299171299731361	0.0210656914760698	0	0.557974374538514	0.845469652795982	GSM981667
0.15894690460061	0.151302101078142	0.132720273606039	0.158617706339909	0	0.124410456961463	0	0.0191996123918014	0	0	0	0	0.0478283499564213	0.0232023429582719	0.0309911048502559	0	0	0.10736326334598	0.020416848248804	0.0250010356623022	0	0.685032979152168	0.732949837436037	GSM981668
0	0.0790972055295743	0.190101479416417	0.2756887048821	0	0.123840646215549	0	0.0120043589096844	0	0	0.00784235432024485	0	0.00843749952202212	0.0172450617576909	0	0.00243084621081123	0.0348276671936586	0.194975742243637	0.0535084337986102	0	0	0.450328834187001	0.891900502911131	GSM981669
0.254727165035393	0.207053904750446	0.149664020816949	0.119437298979271	0	0.0480420809735319	0	0.00967209931198924	0	0	0	0	0.0214994118472323	0.0171006868017909	0	0	0.0390757208958783	0.0998413758105109	0.0338862347770074	0	0	0.681400694501113	0.732735987695997	GSM981670
0.305716834546353	0.114966512386569	0.125247168957451	0.142201740705711	0	0.0478837699860374	0	0.00991459840590835	0	0	0	0	0.0309159723703846	0.0390407128644927	0	0	0.0186445607926742	0.141348200902452	0.024119928081968	0	0	0.607578938300982	0.795612384294923	GSM981671
0.123982413053542	0.189188652336296	0.113019663748313	0.143310199107796	0	0.0843467517127932	0	0.0116352363074959	0	0	0	0	0.0436110995021489	0	0	0	0.026059840993838	0.242622400321054	0.0222237429167223	0	0	0.622596259148935	0.782332577796444	GSM981672
0.253822395648851	0.0818435711992242	0.207078453767279	0.14817094136134	0	0.0485705944748986	0	0.01515454429444	0	0	0	0	0.0341722296218503	0.0270082907942	0.00991921402553755	0	0	0.104579945863374	0.00620078795129863	0.0634790309977065	0	0.576979489664663	0.815586665377257	GSM981673
0.344624894895186	0.0359434786152599	0.17978801860487	0.133566419537246	0	0.0417416368614445	0	0.0129017104025335	0	0	0	0	0.0162603875292486	0.0561420477102873	0	0	0.051532658164122	0.127498747679803	0	0	0	0.556905496347528	0.830408922398116	GSM981674
0.322311535023429	0.100950876232832	0.122481805278942	0.112144437598807	0	0.024228328274965	0	0.00576007304006383	0	0	0	0	0.0431790004580584	0.0400561342865533	0	0	0.01140509638948	0.183089399310432	0.0303772521068791	0.00401606199955902	0	0.594439423620848	0.808169195711458	GSM981675
0.0184522414594465	0.141775214327632	0.251200157526392	0.306729681147082	0	0.16952671276459	0	0.0118782725083032	0	0	0	0	0.015823723184085	0.00499036828782673	0.029242105365682	0	0.0021828124083568	0.0203868661379491	0.00695805221833224	0.0208537926643218	0	0.39962680726134	0.921576081440739	GSM981676
0.18869370451973	0.203284196296097	0.1586960869918	0.190386634936611	0	0.176190088668259	0	0.0151394691475681	0.00640327780319951	0	0	0	0.0090700710088821	0.0137354512020691	0.000542140367344008	0	0.00619761109277116	0.0201421373225039	0.0115191306431651	0	0	0.620821998861123	0.783744758781044	GSM981677
0.13467051043165	0	0.112007000259038	0.0938773456027852	0	0.0141737081348198	0	0.000480817189578414	0	0	0	0	0.168727808534391	0.0342099810572505	0	0	0.0368166107604358	0.384344084427886	0.0041421369604941	0.0165499966416708	0	0.538856061663628	0.84683128189641	GSM981678
0.223770092979222	0.0848360954213904	0.183973535636427	0.136470463594309	0	0.0876790361306257	0	0.00545451174667241	0	0	0	0	0.0582307081460958	0.0460994406103896	0	0	0.0225047614276983	0.113757118038901	0.0226964258780514	0.0145278103902187	0	0.634656806720927	0.773208289343429	GSM981679
0.138388978642511	0.0375579729200193	0.1318523199499	0.133148516511977	0	0.0862212990695413	0	0.0192718676508633	0	0	0.0231544563126822	0	0.0426371200901166	0.0910304508443814	0.0110683149283014	0	0.00818935497797463	0.205901890728316	0.0163445257759345	0.0552329315974818	0	0.449077926152818	0.893782680410912	GSM981680
0.241670985372098	0.14117828142808	0.147053556602073	0.139015843681495	0	0.101108294553958	0	0.0077772560459157	0	0	0	0	0.00759534981979066	0.0365661847458646	0	0	0.0344243578888614	0.123797497437849	0.0135861589082684	0.00622623351574743	0	0.539516609899721	0.84555947418433	GSM981681
0.191234592624998	0.153492628170403	0.113545124481214	0.185212076839587	0	0.107168885979961	0	0.0191051203799568	0	0	0.00250012788535471	0	0.0459799489888846	0.0204716244191484	0	0	0.0269345335347408	0.109240387754135	0.025114948941618	0	0	0.543353868464398	0.842303929466365	GSM981682
0.217138023601948	0.209217958136115	0.149602946867615	0.158571130616101	0	0.12047343129689	0	0.0212796475295215	0	0	0	0	0.0242737968799758	0.0225961595436691	0	0	0.0389600975558644	0.0133116608972216	0.024575147075078	0	0	0.662646809264208	0.748806723161798	GSM981683
0.215786009292768	0.209832002546682	0.0918462033214833	0.134085449047875	0	0.0334191588461271	0	0.00658976137249158	0	0	0	0	0.0920717928322185	0.0620619464207631	0	0	0.0354973286283516	0.106025987906269	0.0127843597849704	0	0	0.619225357450502	0.798499472374111	GSM981684
0.0864055764225188	0.258457997644209	0.236456044009048	0.217650761186928	0	0.102231818626712	0	0.0195666134505107	0	0	0	0	0	0.0232800195558587	0	0	0.0219750633241126	0.0278737170222243	0.00610238875787643	0	0	0.668779215437753	0.742683594425408	GSM981685
0.28311897360246	0.106448345605655	0.118406717176308	0.167042934989567	0	0.0976934536543915	0	0.0164893692403517	0	0	0	0	0.0520561137059669	0.0260274389176991	0	0	0.0323353946152082	0.0745156510352678	0.0258656074571247	0	0	0.545575913245191	0.842160356534796	GSM981686
0.069581007757409	0.1404993727633	0.193790147692588	0.214375913086005	0	0.0226775092505937	0	0.00174232982717246	0	0	0.00710394711246391	0	0.084628048078659	0.0182057051933862	0.00540519744442421	0	0.0273939279334341	0.185460539200473	0.0198204494505922	0.00931590520949993	0	0.396664362570577	0.930062738563532	GSM981687
0.437838631676202	0.0456976607995191	0.0495595252293027	0.132260359062116	0	0.0674794020126993	0	0.00557392655892918	0	0	0	0	0.0303747965827237	0.0054783220844484	0	0	0.0250479281636407	0.193187847498414	0.00750160033200479	0	0	0.747971414257332	0.666408937053898	GSM981688
0.0754711682127703	0.199996572262574	0.302251164157277	0.176449715576716	0	0.125424999132632	0	0.0192910476990711	0	0	0.00385252675977516	0	0.00747359149591034	0.0394509083432572	0.00194243019414991	0	0.0177505297619234	0	0.0306453464039429	0	0	0.578858156039562	0.814371078033055	GSM981689
0.201283254245223	0.216820746199202	0.140791640604362	0.165596449339317	0	0.133334098797306	0	0.0175971060231269	0	0	0.00241469329134543	0	0.0292898316235987	0.00102792084630964	0	0	0.0579442822124272	0.0227383722569051	0.0111616045608767	0	0	0.699894353368909	0.713822259871884	GSM981690
0.134247473106408	0.179413805237419	0.174550307269874	0.180028150435449	0	0.0626004039258422	0	0.00895865444804718	0	0	0	0	0.0205707121536997	0.0357257527715928	0	0	0.020421879850134	0.14581823524759	0.0253207303574243	0.0123438951965195	0	0.612933422727839	0.789286538217143	GSM981691
0.00874892581364657	0.130816723641721	0.183346572508562	0.292099992495413	0	0.135907615258197	0	0.0223393694527183	0	0	0.000550140794724784	0	0.0636569342455978	0	0.0514175830260202	0	0	0.0137464966407241	0.0973696461226753	0	0	0.396352881777318	0.924474611688774	GSM981692
0.106727651773525	0.201868501743932	0.284893601981686	0.228681282733039	0	0.0535112327917403	0	0.00760508684567481	0	0	0	0	0.0276444741994027	0.00567592247275654	0	0	0.0156827924252799	0.0305196462534774	0.0195114758146008	0.017678330964885	0	0.47149958230569	0.888694141984487	GSM981693
0.0456682487854499	0.171339334604701	0.259982938944092	0.246085489002032	0	0.181544332102091	0	0.013776797280661	0	0	0	0	0.0355353909307402	0	0.0165868895011112	0	0.00962119854617376	0	0.0198593803029479	0	0	0.602758691483041	0.797985962294845	GSM981694
0.133100311306106	0.188083391325392	0.167931045287548	0.225560959069597	0	0.0814501365259282	0	0.0190714587608339	0	0	0.00531568945207859	0	0.0223931018571082	0.032006219826726	0	0	0.0525706729680054	0.0644763667236617	0.00804064689701561	0	0	0.549747227715847	0.835862323198899	GSM981695
0.150752102637859	0.122605045219702	0.160143262704739	0.174027601443422	0	0.0619302048557192	0	0.0127905275854621	0	0	0.0204529247941007	0	0.0367309459879325	0.0265793142476351	0	0	0.0640640353105872	0.114175409960078	0.034916465297894	0.0208321599548688	0	0.508022973290403	0.86111673090635	GSM981696
0.0262143868087928	0.172809290897002	0	0.268564844722063	0	0.378246329559562	0	0.0143105389987677	0	0.0217093250172757	0	0	0.0293272916191652	0.00161742894552617	0.039003481709186	0	0	0.0227321327264355	0.0254649489962235	0	0	0.637489627925486	0.77083960083562	GSM981697
0.0810941800744827	0.169472115850266	0.0224350167781175	0.211379011072407	0	0.236333390112486	0	0.0154519635847355	0	0	0	0	0.0336841036136177	0.100319749127805	0.0471073464580983	0	0	0.0576127286562956	0.0251103946716884	0	0	0.519673216004312	0.857681161501738	GSM981698
0.283166173606369	0.144929212172069	0.0140600013444943	0.132655313677855	0	0.126199181647211	0	0.0144451608963956	0	0	0	0	0.138187985859535	0.0502499929794773	0	0	0.0320650445828342	0.0597634581499157	0	0.00427847508384292	0	0.663149995269709	0.757341973818771	GSM981699
0.0555515438446653	0.206894211340214	0.0852685698155109	0.189127775335439	0	0.306116903774944	0	0.00682758978877446	0	0	0	0	0.0753936770295057	0.0167386519746364	0.00384725160357168	0	0	0.0508592521414136	0.00337457335132511	0	0	0.515560919968133	0.865342086811654	GSM981700
0.127097111430681	0.195772451036231	0.0950720023605226	0.180366239392274	0	0.227882917959336	0	0.0205051826001561	0	0	0	0	0.0470342254587621	0	0	0	0.0219647494768355	0.0537963104240472	0.00507434782512391	0.0254344620360306	0	0.568121199850763	0.823997727730805	GSM981701
0.0482518063218401	0.212251075589674	0.112429037590243	0.168497238552749	0	0.299429466809217	0	0.0166138131573071	0	0	0.0131081663109112	0	0.0814119819649699	0	0.0149795009118141	0	0	0.0207932245904491	0.0122346882008263	0	0	0.489122788850001	0.885062392645361	GSM981702
0.0865036489924441	0.217857395977294	0.0505883551073146	0.238837178458631	0	0.294092754878094	0	0.0176215073493094	0	0	0	0	0.0447266424651246	0.0182821243455198	0.0299142471030891	0	0	0	0.00157614532317871	0	0	0.529213589258734	0.855223124360556	GSM981703
0.0943184204471646	0.208682950301643	0.159386148719248	0.167479397461007	0	0.0929018147113933	0.00118963788217134	0.0178824252683847	0	0	0	0	0.11248352694727	0	0	0	0.0168825263533142	0.111999668342079	0.0167934835663257	0	0	0.57354248839386	0.82371661474112	GSM981704
0.121998338269585	0.200441127425682	0.13986675173592	0.135090870268467	0	0.13240273024879	0	0.010698561316544	0	0	0	0	0.081476775689401	0.0179047421546775	0	0	0.0152730801345961	0.130797883329745	0.0140491394265929	0	0	0.513160632698054	0.870476513852265	GSM981705
0.268528812251003	0.109155071690815	0.0174697368674293	0.114569921561368	0	0.123653400484137	0	0.00849153827928368	0	0	0	0	0.159030306290307	0.0324210217734694	0	0	0.0138045034690275	0.143586912561149	0.0092887747720118	0	0	0.583763785377452	0.829162487655817	GSM981706
0.184415249174376	0.22180495795177	0.0302338065465728	0.169326003529205	0	0.193046086341437	0	0.012911433454988	0	0	0	0	0.0992801357706664	0	0	0	0.0432379443735078	0.0359168888910405	0.00982749396643583	0	0	0.515484885209063	0.881903094874733	GSM981707
0.124804072776609	0.149968713913606	0.128343721987782	0.184699800506472	0	0.143862319713924	0	0.0122523151177891	0	0	0	0	0.0270365782990656	0.0159452565585686	0	0	0.0432759118530853	0.162171284712342	0.00764002456075545	0	0	0.553727892838506	0.83168356705082	GSM981708
0.121049948620074	0.242503298782372	0.20439416922	0.188905157330405	0	0.137643422057831	0	0.0174455563110589	0	0	0	0	0.0348458091908275	0	0	0	0.0293261782449512	0.00491163066036992	0.0102589403652853	0.00871588921682488	0	0.708055817441844	0.706788717260878	GSM981709
0.10282349391825	0.209781302066959	0.0589361331898522	0.282513760703033	0	0.208438536358454	0	0.0213250020363748	0	0	0	0	0.0564177051552193	0	0	0	0.028842496782687	0.0165761494777034	0.0143454203114675	0	0	0.47908750877959	0.889040936380709	GSM981710
0.12863762862017	0.159986298945548	0.14987508256767	0.139021283490151	0	0.198779598341858	0	0.0139933512927283	0.00758876660483557	0	0.024837937897907	0	0.109515819823196	0.00702632271378126	0.0248689954842702	0	0	0	0.0013826705862135	0.0344862436316721	0	0.467096965430786	0.898102979589094	GSM981711
0.0397363583552699	0.180688777968606	0.148330213577623	0.229044535840458	0	0.291124230471977	0	0.0120412290803845	0	0.0436008481470658	0	0	0.0113647588397795	0.0230737331298671	0	0	0.0145905369940407	0.000680732980906165	0.0057240446140218	0	0	0.664947137279566	0.749509193782565	GSM981712
0.0664323299113607	0.291496122149846	0.153698023161921	0.157990945886663	0	0.178261153539338	0	0.0185990233055463	0	0	0	0	0.0254195908294403	0.0146766776853501	0	0	0.0667588508024937	0.0264182711563836	0.000249011571657048	0	0	0.581442790176935	0.820170195409952	GSM981713
0.284306144989992	0.108329530828139	0.0409366214301577	0.14194546487078	0	0.126358026708296	0	0.00801954190733508	0	0	0	0	0.136821142186951	0.0438932830134537	0	0	0.0222832254142792	0.0871070186506151	0	0	0	0.659181090229063	0.755980523731162	GSM981714
0.147069127667248	0	0.158193349983055	0.139302020714962	0	0.0878387187033225	0	0.0116281932654234	0	0	0.00761300856659705	0	0.117883925105928	0.0250628315865405	0.0100144326965474	0	0.0118924021838127	0.174781106184694	0.0312020322460344	0.0775188510958346	0	0.434570134713789	0.901763017718357	GSM981715
0.16483084975883	0.115214193457017	0.00666090389509662	0.201175958143491	0	0.161325388766291	0	0.00652874325587446	0	0	0	0	0.118483934675908	0.0305657378737988	0	0	0.0202828065430172	0.140090234292915	0.0307656538803195	0.00407559545744121	0	0.448451355954963	0.912054103274816	GSM981716
0.17136318053562	0.168251933892905	0.0456062379146621	0.221451240002883	0	0.231823917182973	0	0.016003143173637	0	0	0	0	0.0322049214750275	0.0121452269254779	0.0220549708711174	0	0.00149529400899629	0.0716630986564945	0.00593683536020665	0	0	0.612528285712028	0.789424552622201	GSM981717
0.129054282725296	0.163995432267385	0	0.270223110522949	0	0.35697607288354	0	0.0115432957733436	0	0	0	0	0.0174919105251633	0	0.0318059000053464	0	0	0.0142240672216638	0.00468592807531292	0	0	0.66807607493284	0.745168469232823	GSM981718
0.164260424147694	0.131517860920068	0.154263163567985	0.16752587381801	0	0.125864515486812	0	0.0154525708846589	0	0	0	0	0.0558837861159745	0.0365212188526812	0	0	0.046137356406191	0.0957670323648604	0.00680619743506381	0	0	0.492468999612348	0.875381393855147	GSM981719
0.267378961080005	0.0589962231030561	0.112831079659773	0.146551456028592	0	0.107971291930384	0	0.0164316000499404	0	0	0.00136316127269939	0	0.0972529683047327	0.0240398129830343	0.0418270863999878	0	0	0.116571670738329	0.00868272470121576	0.000101963748250454	0	0.508576720668033	0.866868142359973	GSM981720
0.0950879284485734	0.235593459365716	0.12765391418181	0.23443457840112	0	0.112250827551317	0	0.0196390105772589	0	0	0.00141743088273918	0	0.0749789878141142	0	0	0	0.0508896694147754	0.015980563542864	0.032073629819712	0	0	0.74519875919382	0.672645053162953	GSM981721
0.223035803292764	0.151394280273259	0.0548772299392883	0.0953646286419929	0	0.146269010176146	0	0.016431916076622	0	0	0	0	0.0778718824611042	0.0178634728970448	0	0	0.0101097837828566	0.201013934538616	0.00576805792030604	0	0	0.677852742695009	0.73625265822416	GSM981722
0.161166252420774	0.216410290482577	0.0523068466919345	0.158629690605341	0	0.245270748943458	0	0.0151882705433633	0	0	0	0	0.04820130481083	0.0302568006953762	0	0	0.0466959628548645	0.0198735645931791	0.00600026735830303	0	0	0.580910112671887	0.820559591237654	GSM981723
0.235831209346321	0.158923283541728	0	0.204496538775938	0	0.167393818135101	0	0.0106994038229897	0	0	0	0	0.0680795335812971	0.0511965843910724	0	0	0.0447260513895851	0.058653577015968	0	0	0	0.594355238450256	0.80879469979813	GSM981724
0.0797078601500565	0.0619600160609265	0.090948927919883	0.177277592182307	0	0.158018835344819	0	0.00996323921430611	0	0	0	0	0.112291479672291	0.0385544532624709	6.69830960669191e-05	0	0.0121436919308938	0.238844050953647	0.014743411475558	0.00547945873677381	0	0.538498335685982	0.841820632431311	GSM981725
0.182006666458655	0.198896142421567	0.104972654502156	0.179942999179892	0	0.19349729351598	0	0.0120558256990032	0	0	0	0	0.0331792099289177	0	0	0	0.0444600594397897	0.0509891488540393	0	0	0	0.649331718611454	0.759668431348694	GSM981726
0.172406770773006	0.174396978500929	0.0719591074328873	0.15796090306405	0	0.166536502616084	0	0.0148756382132049	0	0	0.00616439775622888	0	0.105532731444962	0.0175657218303002	0	0	0.0272403618438819	0.0853608865244669	0	0	0	0.680215844146595	0.733323910504056	GSM981727
0.190922165026108	0.213391886996868	0	0.247929140406185	0	0.210234875799955	0	0.0134280901923383	0	0	0	0	0.0223951872942809	0.00681827184763848	0	0	0.0373362585416406	0.0453552754138953	0.01218884848109	0	0	0.631355554109544	0.775656473370508	GSM981728
0.181507382976562	0.185008129155154	0	0.233851942146277	0	0.24425613581007	0	0.0163514519351913	0	0	0	0	0.0415590673139128	0.0369343767403041	0	0	0.0407112816418323	0.0146292269442484	0.00519100533644848	0	0	0.601860168836819	0.799736372428143	GSM981729
0.121839354936352	0.0775948381612007	0.0165226994556787	0.220673235909045	0	0.0957898684161239	0	0.00464613825959832	0	0	0	0	0.138869408810704	0.052062955138713	0	0	0.0396350258775717	0.232164177575902	0.000202297459109871	0	0	0.540450822020662	0.844289693644303	GSM981730
0.160666039647269	0.189847741842429	0.110062495246827	0.17693617645315	0	0.0516932119127973	0	0.0188451775918842	0	0	0.0151877168514256	0	0.070751524073537	0.00551013116840054	0	0	0.0709540773588758	0.100491534953372	0.0290541729000324	0	0	0.64393703799962	0.764901652288973	GSM981731
0.0607910015823745	0.162798714210083	0.155699980599811	0.242657656328035	0	0.228037922690144	0	0.0182521475665643	0	0	0.0270571088362043	0	0.0160794715084481	0.037218018132351	0	0	0.0466977995496454	0.00471017899633926	0	0	0	0.535685408014872	0.843621888996109	GSM981732
0.118144626727337	0.22541383113509	0.160540029539446	0.163502352392703	0	0.205628366461118	0	0.00790499996258159	0	0	0	0	0	0.0313197395323929	0	0	0.0534368988080235	0.0219704817235071	0.0121386737177993	0	0	0.676134507074454	0.736348472289693	GSM981733
0.125187262892737	0.160482439843617	0.041742377318044	0.263248990727532	0	0.229943295838733	0	0.0184856652822218	0	0	0	0	0.0361697975031994	0	0.00535381819241768	0	0.013190558834644	0.0700374164665457	0.0361583771003075	0	0	0.546880506135037	0.836817147967345	GSM981734
0.148261232999381	0.135748482433387	0.104589806010549	0.150194046114407	0	0.101965136822845	0	0.0151920699898918	0	0	0.011360396562244	0	0.127463335543308	0.00633544070344577	0	0	0.0167146045308885	0.151109555495024	0.0310658927946296	0	0	0.521284196676378	0.861695183441451	GSM981735
0.136988936670946	0.20307763161638	0.117285934331391	0.212842521278786	0	0.157979295015384	0	0.0177038791839078	0	0	0	0	0.0328568710676501	0.0282805269739207	0	0	0.0227746232845057	0.0609120868124636	0.00929769376466564	0	0	0.501046569853938	0.874831783926488	GSM981736
0.124615975604499	0.120457057171998	0.159480307306256	0.210101153321944	0	0.120150125809587	0	0.0184576240622483	0	0	0.0190598308153393	0	0.0800155160065897	0.0188317017623065	0	0	0.0289217323624685	0.094145267456296	0.00576370832046803	0	0	0.461255940608025	0.892443079200138	GSM981737
0.0151387894311819	0.231724388260622	0.30545985323237	0.188210815499267	0	0.126797728288924	0	0.015581537509353	0	0	0	0	0.0387143352714041	0	0	0	0.0561770269598949	0	0.0221955255469833	0	0	0.55266219834838	0.833510190893502	GSM981738
0.0638990858716547	0.270905717831111	0.292130697373341	0.180216637966827	0	0.0936309280465572	0	0.0288030922361264	0	0	0	0	0.0158645203991312	0.023760896834459	0	0	0.0292720379691884	0	0.00151638547160382	0	0	0.634901122574038	0.771947099205966	GSM981739
0.101719678167208	0.355233924461777	0.185272897699961	0.154870716946718	0	0.0841828057910771	0	0.00931582382287398	0	0	0.00155420137324871	0	0.00713598485336814	0	0	0	0.0171337084418083	0.0656387538279455	0.017941504614014	0	0	0.588697133060316	0.827824360020613	GSM981740
0	0.23256863993011	0.229269562449685	0.264181782357486	0	0.114374935073312	0	0.0178934737540743	0	0	0	0	0.0238118418711508	0	0	0	0.0401204404909654	0.0556082220636687	0.0221711020095478	0	0	0.584347981791603	0.810315348482582	GSM981741
0.0621939287314355	0.209017916474419	0.26976169629127	0.191554675962645	0	0.103043512500329	0	0.00697056725740657	0	0	0	0	0.0246919163632572	0.035489120774199	0	0	0.025046483689602	0.06013413102935	0.0120960509260878	0	0	0.590902700118646	0.805512272896939	GSM981742
0.079775194704315	0.273694224802583	0.264295216490693	0.201308902172342	0	0.0635048074854328	0	0.0159023292698508	0	0	0	0	0.0289038106223416	0.0243252703005021	0	0	0.0224832726687911	0	0.0258069714831485	0	0	0.583190933656726	0.815997045515809	GSM981743
0.0209042267887312	0.307592311846897	0.195239875322446	0.269405827492563	0	0.115611246462715	0	0.00554275909043758	0	0	0	0	0	0.0218559199049882	0	0	0.0218779966992106	0.0311377727811693	0.0108320636108422	0	0	0.690345479016478	0.723230035320696	GSM981744
0.0139860408374882	0.227409301149777	0.294246581445583	0.176673305862339	0	0.145062879152606	0	0.00302549405350779	0	0	0	0	0.0299249040924916	0.0029737437344478	0	0	0.0317820200433315	0.0458163126411756	0.0268575285591915	0.00224188842806126	0	0.59771927517203	0.80046700417797	GSM981745
0	0.192967773414427	0.328674604141526	0.189012342363305	0	0.16777769178164	0	0.0110587924934491	0	0	0	0	0.0200426237397454	0.00244393666983936	3.93159856291351e-05	0	0.0216863404412413	0.0341079029634302	0.0268757933865603	0.00531288261920775	0	0.489569059588655	0.873377671867562	GSM981746
0.0144109865796023	0.206403390088708	0.319509881537072	0.138627519636802	0	0.136740764301534	0	0.00596447968721101	0	0	0.0120916442043227	0	0.0220026591675294	0.0339654883121494	0	0	0.0163266553874005	0.0699559087145661	0.00126389872040997	0.0227367236626929	0	0.521090404281095	0.853705704025549	GSM981747
0.0365302510532481	0.198867500685067	0.272172200112994	0.253757782443959	0	0.114142115928029	0	0.0128547032169213	0	0.000380597457356398	0	0	0.0293814982802192	0	0	0	0.0393832101482657	0.0150739601329404	0.0274561805410007	0	0	0.50896663642013	0.861242046187617	GSM981748
0.0753789105905958	0.230422014108473	0.216014362795234	0.180320842119037	0	0.204387115806719	0	0.00485773333661805	0	0	0	0	0.0112488343788101	0.0059594980330584	0	0	0.0348089605073113	0.0313955178517574	0.00520621047238601	0	0	0.638187001904263	0.768764860713656	GSM981749
0.119802962035874	0.286736571483116	0.185263173836402	0.146219963379864	0	0.114228193086007	0	0.0186777929718492	0	0	0	0	0.0537596386248995	0	0	0	0.0526957860612011	0	0.0226159185207883	0	0	0.69391139919061	0.720633392801135	GSM981750
0.0144810277962528	0.270188269659939	0.265768175464677	0.255997155496035	0	0.112153409071303	0	0.0158563724457254	0	0	0	0	0.000264637741190215	0.0146348702105644	0	0	0.0224402801887079	0.0220518068879442	0.00416647643926483	0.00199751859839694	0	0.58431353515382	0.810865665858162	GSM981751
0	0.151034595842718	0.397018956828167	0.214366653048714	0	0.127868258174879	0	0.00659695655417325	0	0	0	0	0	0.0129585364214966	0.0163212994865571	0	0	0.0382710242173837	0.0205431072409402	0.0150206121849702	0	0.530006643517271	0.847707238582609	GSM981752
0.0393411335924684	0.238718598795453	0.259957163682425	0.258061764329095	0	0.139687096260886	0	0.0162256261683258	0	0	0	0	0.0208468445673405	0	0.0133680834400068	0	0	0	0.0137936891639984	0	0	0.69248620919644	0.725439210845784	GSM981753
0.0573956692622924	0.172468377044626	0.360844935325222	0.236663009049852	0	0.0962306923450398	0	0.00958097412421067	0	0	0.00170876241697591	0	0.00574642850406395	0.00355706303521527	0	0	0.0213576216677972	0.00131845707397654	0.0262593560841076	0.00686865406662083	0	0.6714088827989	0.751163333485599	GSM981754
0	0.27039107409461	0.23266457765722	0.232064709496155	0	0.116545776239526	0	0.0143739942205006	0	0	0.00102654112888884	0	0.0256951202403805	0	0	0	0.0411077817586097	0.0434646401977391	0.0226657849663706	0	0	0.5765411681172	0.816695307524012	GSM981755
0.0555344754010572	0.232906301494815	0.160955082076952	0.230787313202566	0	0.131740891432225	0	0.016598677845613	0	0	0.0105206340292468	0	0.0259847046816055	0.000461969898451031	0	0	0.0514660651611443	0.06062936031823	0.0224145244580941	0	0	0.499489227255912	0.87131649370558	GSM981756
0	0.15813075794605	0.263853580065977	0.257867517356936	0	0.154587358732748	0	0.0155849178529585	0	0	0	0	0.0172186279543798	0.00227179070596347	0.0273195926719169	0	0	0.0550427376055139	0.0209868447393672	0.0271362743681885	0	0.446317950717829	0.895746572037603	GSM981757
0.0568973629513084	0.296575314651077	0.14525704362747	0.198524529661964	0	0.104874800674804	0	0.0193282239636054	0	0	0	0	0.024240359841546	0	0	0	0.0751021820231444	0.0601585418234141	0.0190416407816667	0	0	0.645676427150618	0.763503522930033	GSM981758
0.0238312206470497	0.161200857701357	0.318402574670586	0.229305196861218	0	0.147958301014586	0	0.010292573495866	0	0	0.00961280923651481	0	0.028829766272949	0	0	0.00521681355833285	0.0298057348998789	0	0.0355441516416611	0	0	0.515641954993613	0.856055004436232	GSM981759
0.0121541742062414	0.249167862896654	0.285022094938871	0.229499150370604	0	0.123877474241559	0	0.0150398138911565	0	0	0	0	0.0215263022417938	0	0	0	0.0226932914240107	0.0135274675486955	0.0274923682404142	0	0	0.632917080481996	0.773539738042661	GSM981760
0.0461443462582741	0.197259301764572	0.244457768868385	0.221418384046383	0	0.137912505120901	0	0.00672351120738434	0	0	0	0	0.00732297627209914	0.0126928913430985	0.0101022648497828	0	0	0.0951275582013189	0.013531889500405	0.00730660256739596	0	0.601875964254279	0.798431682083129	GSM981761
0	0.216311357475414	0.26629412586183	0.309790801434026	0	0.0964733192282414	0	0.0170160452546007	0	0	0	0	0	0.0255767277030971	0	0	0.0320234226363789	0.0223629024763276	0.0141512979300844	0	0	0.652514577281855	0.763578318627839	GSM981762
0.0297442783742164	0.253641790618628	0.247569517577623	0.233343857355871	0	0.128276210205842	0	0.0156027028272304	0	0	0.000296531704967779	0	0.0104943571791036	0.0231273890458628	0.0169774221207126	0	0.00172075381867643	0.0109858148132869	0.0282193743579794	0	0	0.662973331841567	0.748901974558795	GSM981763
0	0.276596301748685	0.206577398208128	0.304853917781571	0	0.139761672057146	0	0.0171525158140183	0	0	0	0	0.0289576440677775	0	0	0	0	0.0172685900757228	0.00883196024695128	0	0	0.667836674755832	0.744537136655143	GSM981764
0	0.275164739188009	0.227505281910018	0.259738190514176	0	0.145093822179696	0	0.0183869948137349	0	0	0	0	0.0174512988255789	0	0	0	0.0212830763056672	0.00701585242869595	0.0283607438344239	0	0	0.650691705686946	0.758685499289266	GSM981765
0.0691114194032846	0.248763668608844	0.1327769793493	0.202281142539905	0	0.145296036701146	0	0.0151005277351053	0	0	0	0	0.0255764312576689	0.0183311344165461	0	0	0.069588756565812	0.0586253970585296	0.0145485063638583	0	0	0.618737192150491	0.784860702849243	GSM981766
0.0188351469671178	0.195078155156134	0.296429363352366	0.261045939651023	0	0.13577017847472	0	0.00258963486697311	0	0	0.0031569075678521	0	0.0238432974999803	0	0.0185950693930203	0	0.00308267863118093	0	0.0415736284396341	0	0	0.552621310662495	0.832346664574479	GSM981767
0.0444219387806365	0.345404101660966	0.252747725969075	0.174607604037983	0	0.104515647572619	0	0.00684024475474765	0	0	0	0	0.0230074419391528	0	0	0	0.0150119399209346	0.0145454447383891	0.014015602498059	0.00488230812743738	0	0.579726225366444	0.826799916886327	GSM981768
0.161935806901846	0.261349694046398	0.218550290231576	0.187038813808607	0	0.0764940491077088	0	0.0207531407191272	0	0	0	0	0.0204231890417091	0.000356125706196583	0	0	0.0241838373644081	0.0140563118029758	0.0148587412694476	0	0	0.706499500711641	0.707067961441194	GSM981769
0	0.318011581368406	0.197015522515346	0.218117142918665	0	0.166701421213305	0	0.0133752445558519	0	0	0	0	0	0.0166031873899997	0	0	0.0207400356366394	0.0471598092155487	0.00227605518623839	0	0	0.688601238445569	0.724480461578601	GSM981770
0.0397516305139229	0.232583236856495	0.174613009638348	0.29592931261644	0	0.161690687717378	0	0.020515374393033	0	0	0	0	0.00412638269171318	0.0190834798872527	0	0	0.0196747212854665	0.0266815091452625	0.0053506552546891	0	0	0.629859948604992	0.776305582661079	GSM981771
0.0598533101309022	0.235989934208722	0.267579221464853	0.180357448998677	0	0.120319594036939	0	0.0155104532400954	0	0	0	0	0.0361253307621563	0	0	0	0.04623407550955	0.000828213121890155	0.037202418526216	0	0	0.53714968612405	0.846727634397938	GSM981772
0.0615543345186346	0.23690973422049	0.169347435928328	0.210332403450191	0	0.137903108286889	0	0.0151224738795815	0	0	0	0	0.0044401480536841	0.0338202336986795	0	0	0.0184929890012767	0.0721352572948	0.038846319876962	0.00109556179048305	0	0.59931126129183	0.799537382626891	GSM981773
0.131356424695182	0.180852345736514	0.204138741860546	0.149624004216225	0	0.0543403525522747	0	0.017595870620451	0	0	2.69333715766027e-05	0	0.0104226616336079	0.0638502382170924	0	0	0.0608812815855394	0.117611569789355	0.00929957572163601	0	0	0.6242767094428	0.780481853121302	GSM981774
0	0.26414243446962	0.320425541689808	0.170988863096588	0	0.120577015924423	0	0.00846091787545777	0	0	0.0188347215563439	0	0.0193763029761471	0.0105233701939134	0.0107032018826131	0	0.00198155929369369	0.031708782492014	0.0222772885493777	0	0	0.573578188819243	0.819106629152788	GSM981775
0.0362450831596523	0.221317038385557	0.288358077913833	0.205410538262725	0	0.116877359528844	0	0.0131620492592578	0	0	0	0	0.0160766721615516	0.0102289503112085	0.00532077824797648	0	0.0109065618409864	0.0495908409458285	0.0265060499825795	0	0	0.612878157326504	0.789357929625808	GSM981776
0.0733095459449916	0.31184164683333	0.152372729558184	0.181496507837753	0	0.199510229462603	0	0.00929848389056813	0	0	0	0	0.00827496530270684	0.00822635534167643	0	0	0.0162965612497774	0.0262821846376667	0.0130907899407427	0	0	0.760045186491773	0.651327164297265	GSM981777
0.0705528978546357	0.224679251936282	0.171455864235581	0.240775492298876	0	0.177262731620229	0	0.0160979764462311	0	0	0	0	0.0185925992583416	0.0184668570741415	0	0	0.0261367775666977	0	0.0359795517089836	0	0	0.641447022810983	0.766402048082132	GSM981778
0.120070647664088	0.247955073198514	0.22698673799341	0.17813814540856	0	0.117208870875463	0	0.0264012350225705	0	0	0	0	0.000333687120175015	0.0382514498587573	0	0	0.0377208931590615	0.00430778123655739	0.00262547846284215	0	0	0.709250528244771	0.705389493477854	GSM981779
0.000209584733241767	0.188243782490903	0.37967373439998	0.218391973982363	0	0.100001319234276	0	0.0123506481518992	0.0049500991597016	0	0	0	0	0.0334054592069858	0	0	0.0162029794684275	0.019421272972628	0.0198896600855553	0.00725948611403827	0	0.531019032413046	0.846396921452805	GSM981780
0.134805420689635	0.173168223232229	0.257754739304225	0.196608453918457	0	0.0919935499763219	0	0.0195247924360577	0	0	0.000241057181037054	0	0.0269850375558833	0.011162538112481	0.00718525451920284	0	0.00804271739168995	0.0479884892317402	0.0245397264510403	0	0	0.516161215310999	0.858590938310643	GSM981781
0.0192782300807888	0.175196249405862	0.365473740381242	0.236596321982261	0	0.092944862939084	0	0.0137932943256302	0	0	0	0	0.0247495082800655	0	0	0	0.0415106089735421	0.00730985872416929	0.0231473249073553	0	0	0.555350998177637	0.830789700826253	GSM981782
0.0045278912075882	0.187748506363354	0.340676651641895	0.189378662930731	0	0.168412695682132	0	0.00780290036834095	0	0	0	0	0	0.0233576175364466	0	0	0.0338604433717552	0.0316781674499716	0.0119775382682042	0.000578925179582001	0	0.534175082781432	0.844516413402054	GSM981783
0.0179247825189825	0.281565152048644	0.250506950717918	0.205074694853205	0	0.159606610361356	0	0.0157874567925139	0	0	0	0	0.0237495985623672	0	0	0	0.0339893180704657	0	0.0117954360745483	0	0	0.722420576588606	0.694456059423193	GSM981784
0.0207749653181289	0.184945110945673	0.291847272778606	0.269266066680819	0	0.144916536470484	0	0.0134077329932015	0	0	0	0	0.0152811533400318	0.00483893872805798	0.00822848874472329	0	0.0117112371798425	0.0101622764593422	0.0246202203610893	0	0	0.60787334318981	0.795422012829545	GSM981785
0.0480593192617938	0.221887589951414	0.266766470011696	0.285929057222301	0	0.0969483083946675	0	0.0164973424619787	0	0	0	0	0.000857132216959405	0.0320188799190149	0.00263801705694768	0	0	0.0139487871258992	0.0144490963773283	0	0	0.665191407246534	0.749904322944442	GSM981786
0.0286198467816652	0.213477451282696	0.255680915247075	0.256582361276634	0	0.0809346224365472	0	0.0111934252057644	0	0	0	0	0.0207595336432108	0	0	0	0.0485165699948672	0.0599357491231708	0.024299525008369	0	0	0.587263416435388	0.808543667548269	GSM981787
0.130507203185382	0.270243903278498	0.22354199746502	0.129606282808231	0	0.0861061721167994	0	0.0119125298515269	0	0	0	0	0	0.0687673018813466	0	0	0.0189060665114123	0.0340174268251001	0.0263911160766822	0	0	0.723361705644728	0.690489441621443	GSM981788
0.0264604057015897	0.174395346346918	0.180487529951537	0.1889914999585	0	0.155237757170582	0	0.0107998935929025	0	0	0	0	0.013861831192147	0.0718170906588271	0	0	0.0229301539180827	0.141527377273349	0.0134911142355654	0	0	0.576720540947154	0.815991407705317	GSM981789
0.0469853133803012	0.250096498053757	0.217585579620612	0.220886643524854	0	0.163013814070521	0	0.00316694587252887	0	0	0	0	0.00478901006050478	0	0	0	0.0586521764053886	0.0197477548967697	0.0150762641147633	0	0	0.684888102799734	0.730576178737035	GSM981790
0.0377246001273393	0.176759199067593	0.153883633761687	0.203878900660428	0	0.128080811365348	0	0.0150082777803511	0	0	0	0	0.00898939635317461	0.0529187876240479	0	0	0.0334826478134488	0.164024774971805	0.0252489704747767	0	0	0.545304768837606	0.836990117714809	GSM981791
0.109406142603652	0.187977991097663	0.188833135576819	0.108760232944466	0	0.0552850305164159	0	0.0103782420742137	0	0	0	0	0.0239101564997532	0.047152036163593	0.0034574196762443	0	0.00807858908262789	0.225831889047295	0.015137881419368	0.0157912532978884	0	0.544339324531282	0.841172864242117	GSM981792
0.150456303225856	0.191944793043535	0.112277925616675	0.121300872360789	0	0.0864225356077785	0	0.00275986258227667	0	0	0	0	0.0237361759478683	0.0302949489569326	0	0	0.0360723874844079	0.227574999258644	0.0171591959152371	0	0	0.616926099797029	0.787288311332014	GSM981793
0.0264545556575284	0.212679797179486	0.314926295937987	0.189219879039383	0	0.133226662987329	0	0.0166441609836091	0	0	0	0	0.00498052935956363	0.0194163750635237	0	0	0.0190285828202624	0.057093573266348	0.00632958770497985	0	0	0.558922684943445	0.828148241694979	GSM981794
0.138008042019027	0.148655124602177	0.286065240480661	0.178040045305561	0	0.0862720941370247	0	0.0073173882205284	0	0	0.00143643510500083	0	0.00773578562331287	0.0217647514668526	0	0	0.0624530075012038	0.0428639103898911	0.013878210510998	0.00550996463776228	0	0.644181114572953	0.768126575328488	GSM981795
0.225580914456925	0.0590418706258538	0.211050154055262	0.150789259731274	0	0.0647539577319404	0	0.0199908288678678	0	0	0.0467744723828086	0	0.0457054942180417	0.0612316859953062	0	0	0.0133661751419542	0.100706445394496	0.00100874139826951	0	0	0.469307906228659	0.886737520047152	GSM981796
0.127279281948483	0.179566674306801	0.157527550880384	0.216928917955802	0	0.180020293353724	0	0.0122164303114922	0	0	0	0	0.00882002468277783	0.0303435201630464	0	0	0.0526084222054104	0.0316017226898959	0.0030871615021822	0	0	0.602991769826809	0.796507309576071	GSM981797
0.0899280729346708	0.132950997385989	0.193774854019984	0.18510206549497	0	0.0195233835226503	0	0.0121923534906899	0.00556791043285256	0.0215288522002381	0	0	0.00535878186125723	0.0663018514264951	0	0	0.00444702946332799	0.120339816655106	0.0298471336354018	0.113136897476367	0	0.386898943809632	0.926581524414887	GSM981798
0.206554309602283	0.0325769245176003	0.094991777288194	0.136999187803985	0	0.0789271392226716	0	0.0155280761067926	0	0	0.0242837612227082	0	0.057885459267303	0.0352918961787008	0.0145412933490822	0	0.0106580617583232	0.142227805058475	0.0897991618784667	0.0597351467454143	0	0.555572177511521	0.831117151123845	GSM981799
0.040215059840614	0.230371458477762	0.205987953048454	0.277261669686037	0	0.115904167513864	0	0.0141215806947652	0	0	0	0	0.0225530492767459	0	0	0	0.058435101269193	0	0.0351499601925652	0	0	0.509424141276052	0.862997395488755	GSM981800
0.141679039722631	0.0925643926501716	0.315202187157778	0.182458481434707	0	0.0509174460925722	0	0.0144659149080243	0	0	0	0	0.0601528461591499	0	0.0202059131465937	0	0.010981378999831	0.0406121914058753	0.0229950619433259	0.0477651463793399	0	0.539946089964039	0.840898597925728	GSM981801
0.176233661741602	0.109671722015212	0.136190660624531	0.136863829418106	0	0.0976337430915437	0	0.0196487746873947	0	0	0.0289566440964375	0	0.0231614981677349	0.0672991462883587	0	0	0.0410499264072168	0.139061574237632	0.0242288192242307	0	0	0.469690897568898	0.888012863706618	GSM981802
0.204535643805855	0.1288725880474	0.15512645950422	0.167843645842919	0	0.0818151659826717	0	0.0128256778604572	0	0	0.00179314678098962	0	0.00486070034061571	0.0288074947981252	0	0	0.0415577781104224	0.133144863234825	0.0388168356914988	0	0	0.591842225992518	0.804945571718045	GSM981803
0.135532748458687	0.11953905610319	0.21206602665707	0.17136012686141	0	0.11480863762495	0	0.0120825807519539	0	0	0	0	0.0261996816138105	0.0717812908043192	0	0	0.0529739244664212	0.0831467763390338	0.000509150319154318	0	0	0.628279864960417	0.779669467627929	GSM981804
0.0199647615485997	0.217161659773478	0.313244688489887	0.15535105440922	0	0.180498085031449	0	0.0229599096850091	0	0	0	0	0	0.0365525126514233	0.0131793686508179	0	0	0.0363010906548442	0.00478686910527218	0	0	0.557253118853722	0.829971797086842	GSM981805
0.167382212522654	0.132258002074757	0.183781650565932	0.11418783650659	0	0.110401009434373	0	0.00658974054098516	0	0	0.01043210540893	0	0.015001782363391	0.0450295053864471	0	0	0.0260958756618973	0.155333277068576	0.0234227502400139	0.0100842522254543	0	0.496025708399187	0.87129826193964	GSM981806
0.0129339199988339	0.290265224264353	0.28400391536014	0.238676759860016	0	0.0570258766099821	0	0.016227118225725	0.00641919151174916	0	0	0	0.0154275025487927	0.00547607782438334	0	0	0.051235682964351	0	0.0223087308316747	0	0	0.47101881787334	0.895930648020086	GSM981807
0.203549676885132	0.135054301222167	0.209271713329484	0.117954633993055	0	0.0577224096749657	0	0.0154965320220165	0	0	0	0	0.0570402154769907	0.0020081433257075	0.0470551384822017	0	0	0.0890323058610128	0.00580440126207298	0.0600105284651942	0	0.488388148542251	0.877619283529443	GSM981808
0.018063666673926	0.208318953154748	0.271070472195194	0.197514281452576	0	0.182940119360228	0	0.0189978893571751	0	0	0.0111559181560861	0	0	0.0371329393582793	0	0	0.0330711781658821	0.015483579689599	0.00489469350304856	0.001356308933257	0	0.543439540585269	0.839019979956581	GSM981809
0.0764246384348944	0.167056695972236	0.241929908526789	0.193393807045762	0	0.106037612280349	0	0.0129809275448875	0	0	0	0	0.0334004282453309	0.0278286162645582	0	0	0.0584714968730485	0.0779323101343215	0.00454355867782228	0	0	0.557931468446952	0.828593571831724	GSM981810
0.275720913927453	0.112492883215371	0.156772538433805	0.155433545942922	0	0.0491021115049916	0	0.00734039861877143	0	0	0	0	0.106800984295142	0.0237335180473854	0.0194588093434549	0	0	0.0662467472556693	0.0225473514818224	0.00435019793321197	0	0.553227707026703	0.841647165653705	GSM981811
0.0184945688742949	0.247021430662215	0.218318205830745	0.150364079506639	0	0.24475692037359	0	0.0109525422408376	0	0	0	0	0.00322137999700791	0.0168694428920689	0	0	0.0116610360962197	0.0509891770927688	0.0273512164336133	0	0	0.674200268231098	0.738932726723955	GSM981812
0.119670974646956	0.220498457205045	0.19745114442858	0.184120335406534	0	0.0648810948024333	0	0.0161101652673711	0	0	0	0	0.0318694046207959	0.00699303858920134	0	0	0.0284098296695782	0.0903109711258296	0.0396845842376754	0	0	0.519728014643649	0.860851403314322	GSM981813
0.0743249024836933	0.182553963851272	0.235782837827343	0.184629329460312	0	0.125814448567768	0	0.0154420722032115	0	0	0	0	0.0578300516825766	0.0117792579956799	0.00195969110447789	0	0.0136902537021726	0.0639005792881832	0.0322926118333089	0	0	0.525258367170037	0.852174244823328	GSM981814
0.13409850309025	0.276538603027467	0.12797616959275	0.247479510675513	0	0.0489664713509518	0	0.0143564573113754	0	0	0	0	0.0150686930104495	0.0167461417096159	0	0	0.0560072562534233	0.0376283272531254	0.0251338667250784	0	0	0.670275683763734	0.741756480218323	GSM981815
0.231374623365391	0.18865755028598	0.0705690811525996	0.189953905581263	0	0.0442868567036787	0	0.0176412201728848	0	0	0	0	0.0117881341769246	0.0679815819508434	0	0	0.0629717578615241	0.0885545320485873	0.0262207567003237	0	0	0.681192991905631	0.731927040192138	GSM981816
0.222411642738445	0.103730607420218	0.19102308168644	0.120321679661557	0	0.0889410446975435	0	0.00641981605557749	0	0	0	0	0.00525070522604906	0.0977719923206366	0	0	0.0319776048579536	0.116650850108265	0.015006627425233	0.000494347802081714	0	0.601568101712943	0.797807044398269	GSM981817
0.0222877039122091	0.172218875690141	0.397136355663524	0.212481505958615	0	0.103666534168053	0	0.0112235423877999	0	0	0	0	0.0216459674243021	0	0.0250866390237929	0	0.00203390994412294	0.0254684131406483	0.00675055268679165	0	0	0.504582464391773	0.863020074203281	GSM981818
0.066888688704746	0.183409505886856	0.255806155452959	0.171302854110219	0	0.192138101553959	0	0.014845018780084	0	0	0.00510012313171682	0	0.00652163765973188	0.0319579658815339	0	0	0.0301305655770382	0	0	0.0418993832611562	0	0.463271972213255	0.891530290098714	GSM981819
0.219942124577913	0.030541671445603	0.117341990326897	0.0920585437963607	0	0.0321953543891718	0	0.00555408783007749	0	0	0.00080522545543697	0	0.0189347304764103	0.0629458620733857	0.00520911598415284	0	0.00654702091734321	0.360638045552703	0.0296999631348047	0.0175862640397403	0	0.521466736228125	0.853239149892195	GSM981820
0.139758179752577	0.263371654639207	0.1070532018389	0.151536522730532	0	0.145532949770687	0	0.0155168740137764	0	0	0	0	0.0114512533727622	0.0316506481848909	0	0	0.0590463368262262	0.055048555633029	0.0200338232374126	0	0	0.661924520898785	0.750162610584688	GSM981821
0.14133009470916	0.185335102746698	0.140500449232408	0.203051572969847	0	0.161605026285295	0	0.00516666309675729	0	0	0	0	0.0452356003651022	0.0319680290839009	0	0	0.0282802255776342	0.0413532359346221	0.0150754123030215	0.00109858769555389	0	0.573332400558039	0.820028542148338	GSM981822
0.280206428505489	0.132967459676704	0.113943070337396	0.132284189304355	0	0.0778428495541394	0	0.00481991891866652	0	0	0	0	0.0488308124427428	0.0410151035064474	0	0	0.0393778797932872	0.101244154041838	0.0208472847057488	0.00662084921318583	0	0.574990705941203	0.823160610633947	GSM981823
0.283868166578243	0.0734255259369273	0.160841384811685	0.190198758074757	0	0.0346128827445147	0	0.016700458345427	0	0	0	0	0.0504992045752141	0.02590292714641	0	0	0.0496537414810792	0.111309305178998	0.00298764512674309	0	0	0.500299711497071	0.8702063743739	GSM981824
0.281549691246572	0.102846967893174	0.157013552574875	0.155290984067034	0	0.0977963753003272	0	0.0132761119066802	0	0	0	0	0.0138651264305114	0.0255847094386912	0	0	0.0540973875443662	0.0767611682162366	0.0219179253815331	0	0	0.682139985231087	0.733732378043383	GSM981825
0.248460053718059	0.00310249360990735	0.125380444740754	0.163034815965598	0	0.0366082265094705	0	0.0115016072653658	0	0	0	0	0.0342584321990101	0.0620705941437408	0	0	0.0755386889579697	0.216712851549695	0.02333179134043	0	0	0.636575132685519	0.777976610162268	GSM981826
0.230971751537072	0.0552496664033392	0.106359561883829	0.19682392325063	0	0.0881127239778434	0	0.0105311094160396	0	0	0.00150052242718934	0	0.0420470214516573	0.0879917032440172	0	0	0.0897216552166792	0.0661936733921503	0.0165466371594194	0.00795005064013453	0	0.540951066758206	0.840057242842639	GSM981827
0.218076005493708	0.230746985893011	0.0867180019224141	0.214395949568253	0	0.108686860912956	0	0.0137615289744363	0	0	0	0	0.016812659031595	0.0126865579095871	0	0	0.062485689546292	0.0129530723485115	0.0226766883992356	0	0	0.649214751700877	0.761625597382003	GSM981828
0.163093346667024	0.160576675243318	0.154190023509614	0.151177864363473	0	0.0787650242513103	0	0.00770424065349811	0	0	0	0	0.0442377326201096	0.0393991464236294	0	0	0.0223164784911009	0.149342002940655	0.0291974648362677	0	0	0.528346659150077	0.853342529638439	GSM981829
0.325843438522954	0.186017081866561	0.102004868007297	0.120701401498197	0	0.0988377672403408	0	0.00492828476571025	0	0	0	0	0.00822243365490328	0.0259572365462626	0	0	0.0142600203623561	0.0980550028288669	0.015172464706552	0	0	0.717715335785641	0.696913222682459	GSM981830
0.216679917981438	0.108569673680342	0.247305553488018	0.147180213256335	0	0.111099896987326	0	0.0149656004992643	0	0	0	0	0.00502865538062672	0.0375141172507635	0	0	0.0517524381367894	0.0393799263432552	0.0205240069958417	0	0	0.600517317458444	0.798691980722715	GSM981831
0.242550286129484	0.082609983161635	0.317511401016874	0.11122493741735	0	0.0654746096446097	0	0.0128683256350306	0	0	0.0174238105629375	0	0.0452721528710645	0	0.0150372777727936	0	0.0198535830166652	0.00794958622868091	0.04174641811716	0.0204776284257142	0	0.569641077918051	0.820597940705366	GSM981832
0.174170531966312	0.00386113365304015	0.114194812120002	0	0	0.0600513629239762	0	0.0259260924237274	0	0	0.0470640010709582	0	0.0439198535192393	0.122864451684987	0.00702558338840364	0	0.0151110249040196	0.250368261669695	0.0909441322958578	0.0444987583797811	0	0.484540837691535	0.876486701491394	GSM981833
0.0875722430619218	0.235794751337156	0.189181877299209	0.20344433628213	0	0.136138087751654	0	0.013629583714719	0	0	0	0	0.0200265742990867	0	0	0	0.0651880654072273	0.0490244808468968	0	0	0	0.59567852468967	0.802628271540037	GSM981834
0.34647420770521	0.0748646770778404	0.0567337618163854	0.0337418712343649	0	0.0668803917629783	0	0.0181363610699974	0	0	0	0	0.0439351976313442	0.0737789851885489	0	0	0.0651330724978879	0.19744935234912	0.0228721216663223	0	0	0.576057542760929	0.826421202131236	GSM981835
0.103800561841004	0.120528959434095	0.212463539232905	0.16128332330294	0	0.134340208885501	0	0.0134391293170913	0	0	0.015836490449747	0	0.036682876430884	0	0.0405367474118155	0	0	0.0744429233887952	0.0490337548145318	0.0376114854906911	0	0.451681897529888	0.893393728180182	GSM981836
0.265130897862565	0.0804658962007824	0.0852264397419863	0.0928144672729458	0	0.0446112111472764	0	0.00437591657979086	0	0	0	0	0.016897722325289	0.0794568283530932	0	0	0.0143996748944394	0.292793843986334	0.0220113989051154	0.00181570273038215	0	0.6716061651683	0.741985817718912	GSM981837
0.205191021709964	0.0855112366628574	0.209496767784871	0.141752965261184	0	0.0682097178700133	0	0.0165467257146292	0	0	0	0	0.0376584695348856	0.0704616389629532	0	0	0.0279315896564901	0.108487259230391	0.0287526076117623	0	0	0.482825502602004	0.879510714072991	GSM981838
0	0.178189023106666	0.29655803031802	0.197046055477686	0	0.126413573136581	0	0.0181344246433005	0	0	0.00659213181526518	0	0	0.0285228491813405	0.0515575155983175	0	0	0.0685683962714506	0.0247549593148653	0.00366304113650731	0	0.544532381055942	0.837752274483949	GSM981839
0.195811159779449	0.120234812304176	0.129639359322269	0.141424064006056	0	0.142519939058215	0	0.0133753156835574	0	0	0	0	0.0831590175563791	0.0353593736987669	0	0	0.0154774187722268	0.0730741999812257	0.0393677988550394	0.010557540982641	0	0.603075809931351	0.797371705966059	GSM981840
0.0588460210920401	0.182904526570348	0.167190949054581	0.266876634444911	0	0.233709049222909	0	0.0158415841465411	0	0	0	0	0.018166121318668	0.0276968446072391	0.0117287870962611	0	0	0.00709404776382653	0	0.00994543468267489	0	0.63534442205728	0.773287143641797	GSM981841
0.225334130405639	0.0577496322033604	0.167050771287358	0.154557740886684	0	0.0440571717347808	0	0.0146265574129324	0	0	0	0	0.0198451630585209	0.069631343433849	0	0	0.036904964163442	0.168201772377135	0.0401358918724156	0.00190486116388348	0	0.500448401483845	0.865976088686722	GSM981842
0.0310372400540511	0.141466618409687	0.188526679818673	0.211625057886687	0	0.18174925609461	0	0.0159884909684453	0.00085447769402041	0	0	0	0.0350255308209124	0.021502650572038	0.011397967643694	0	0	0.14509349439031	0.0147768581772552	0.000955677469617003	0	0.579951983696996	0.815114721712767	GSM981843
0.266978680798865	0.230516301239426	0.117416981020016	0.181983715384473	0	0.0288767450862085	0	0.00226245868940001	0	0	0	0	0.0226262151903556	0.00835240737210584	0	0	0.0461575259672467	0.0809564886761487	0.0138724805757551	0	0	0.678005251238013	0.737644539438709	GSM981844
0.0401810663271848	0.0939477172059035	0.206868778583406	0.270160259937338	0	0.222497609783293	0	0.00534223168465994	0	0	0	0	0.0155571219097966	0.0210087901373806	0	0	0.020601701115032	0.00394381401383868	0.0262829637336572	0.0736079455685098	0	0.530697886334839	0.849216313041915	GSM981845
0.137665493927057	0.263210098673024	0.144385245249608	0.160110342348644	0	0.0754810594827987	0	0.00647473341048893	0	0	0	0	0.0078980795442007	0.0370260280406592	0	0	0.039445674002828	0.11388044484914	0.0144228004715517	0	0	0.672803663708142	0.739900903372072	GSM981846
0.0622206110944524	0.20052237748755	0.21478679531311	0.25425499454723	0	0.171250456792789	0	0.0148184704789039	0	0	0	0	0.00837119891204418	0.019500050980577	0.0113790003487859	0	0.00998642068095481	0	0.0329096233636018	0	0	0.521624468417674	0.854111158664008	GSM981847
0.115635575585537	0.0393142679501414	0.0862936014452566	0.201230874608302	0	0.0876214656632146	0	0.00698250704384512	0	0	0	0	0.176327720997164	0.0498402875207086	0	0	0.0453212746954056	0.176750888692694	0.0146815357977315	0	0	0.535316038251094	0.847820190687399	GSM981848
0.169490368291738	0.241699000354715	0.138467187933099	0.155592393152504	0	0.0754711370815411	0	0.0140776451551597	0	0	0	0	0.0171151719989733	0.0362703229791856	0	0	0.0738113165200396	0.0605382588408047	0.0174671976922395	0	0	0.68567657732564	0.727692082852443	GSM981849
0.109431371815585	0.212040985082983	0.135954223995008	0.163369898783332	0	0.0892654565830561	0	0.0154480359674935	0	0	0	0	0.0891587496644625	0.015920474556367	0	0	0.0668155856854171	0.0776431726184853	0.0249520452478104	0	0	0.570286526588422	0.825922523329836	GSM981850
0.157156697351591	0.144026759343388	0.191713537450496	0.262721014954503	0	0.118915432966039	0	0.0157733790503238	0	0	0.0133006450287479	0	0.015158472322309	0.0278657236318153	0.00274633410456466	0	0.0159937581238544	0.0200793942067777	0.01454885146559	0	0	0.548197030620136	0.835323418393112	GSM981851
0.0255873547001809	0.262341943592485	0.189677719152821	0.231231028029372	0	0.198483434555118	0	0.00654020379973533	0	0	0	0	0	0.0166434446314508	0.00240005268282613	0	0.00919644912159348	0.0409056190024406	0.0169927507319757	0	0	0.668335717941628	0.743925390758194	GSM981852
0.051222400361309	0.193967822448592	0.231443618466829	0.207232055284542	0	0.147232920838791	0	0.0133170465415934	0	0	0	0	0	0.033071064812059	0	0	0.0422649853328241	0.0173072975256623	0.0329362653489119	0.0300045230388857	0	0.66814577046343	0.75053524460582	GSM981853
0.138169109691259	0.233395524795115	0.125180733586143	0.226017228771018	0	0.154923403725916	0	0.0150484810384625	0	0	0	0	0.0281245226464892	0.000410076639214323	0	0	0.0461627063765607	0	0.0325682127298227	0	0	0.60077991996491	0.800380417862811	GSM981854
0.0791566541573575	0.146266140080577	0.261408389216981	0.193118789768425	0	0.0895908551413621	0	0.0145952645559266	0	0	0.0243362238804316	0	0.0245922000209714	0.0467586328845353	0	0	0.0775033217457853	0.0377070929848944	0.00496643556275235	0	0	0.591998578137119	0.806072636826968	GSM981855
0	0.0926540640592722	0.277816087749749	0.213384789384305	0	0.128555207867359	0	0.00770449346918447	0	0	0	0	0.0441957963370229	0.0174059426534285	0.0127219955065545	0	0.0276936822898201	0.136549244418906	0.0413186962643981	0	0	0.418169694325065	0.908773574589573	GSM981856
0.152154424363298	0.125857499627158	0.168808655527347	0.186685634555012	0	0.186486750050177	0	0.0121752968785072	0	0	0.00502858476251531	0	0.01788516748018	0.0172155415672958	0	0	0.0531345941999207	0.0688761432818308	0.00569170770675736	0	0	0.574832106257404	0.817077586053035	GSM981857
0.164148917599403	0.191972703376585	0.228630766921032	0.224765115492433	0	0.0583115932945996	0	0.0143933312731848	0	0	0.00539739638814356	0	0.0319238446725027	0.0127727093393721	0	0	0.0305303760357128	0.00707529477821712	0.0300779508288146	0	0	0.599798374377224	0.799370449811825	GSM981858
0.127906179155152	0.250218424371815	0.196507968976413	0.112079662973541	0	0.163121992261369	0	0.00630776541828207	0	0	0	0	0.00115944555275625	0.0091557111116972	0	0	0.066446824979506	0.0437859577990066	0.0233100674004621	0	0	0.696331634772286	0.717339899397252	GSM981859
0.234973529930683	0.138553000822697	0.0984573422651456	0.093131121592151	0	0.035729147772041	0	0.00809107018428764	0	0	0	0	0.120720184655344	0.0413279730865531	0	0	0.0818061623085617	0.11056569610327	0.0366447712792664	0	0	0.569421693058266	0.834996176842719	GSM981860
0.109384752536496	0.196515576712891	0.184411701803839	0.222275797480181	0	0.0923131201422246	0	0.00806293739068469	0	0	0	0	0.0509488577828414	0.00669256776329641	0	0	0.074046241125587	0.0249146884043293	0.030433758857629	0	0	0.619483346842385	0.783975336026581	GSM981861
0.15121845527959	0.23298068719057	0.112923890664395	0.181893619014621	0	0.0571616956627736	0	0.0194108318016049	0	0	0.00307281268611803	0	0.0937153790132259	0	0	0	0.0691096845239228	0.0581166713592891	0.0203962728038895	0	0	0.657643466479161	0.754945554672637	GSM981862
0.0535725383148222	0.192590106528013	0.176112864563764	0.269621156134565	0	0.163881344576914	0	0.0147907755277296	0	0	0.000138295690458414	0	0.0210087138640468	0.0064295546092292	0.0111923459621421	0	0.00365171570452519	0.0160931269828237	0.070917461540968	0	0	0.564951257701038	0.823863824902951	GSM981863
0.122364668491976	0.0992443375376105	0.170707241567622	0.260795066016843	0	0.0515326471354323	0	0.00812047751807169	0.00802177903148962	0	0	0	0.0370288716885119	0.0107610972536731	0	0	0.0278615695118963	0.139511761819152	0.0640504824277208	0	0	0.421693295704107	0.909315446260038	GSM981864
0.0319747281612728	0.134209550988978	0.114020355265402	0.35866525073705	0	0.216743896951962	0	0.0113141262881026	0	0	0	0	0.0432673208612235	0	0.0462414287060689	0	0	0.00011651643109006	0.0200368969865919	0.0234099286222592	0	0.512705822475422	0.857833314630843	GSM981865
0.129345154754409	0.201616490917109	0.219928380228329	0.220720241579864	0	0.0906802673792569	0	0.0157293505275989	0	0	0	0	0.0191900436508512	0.0188517778257999	0	0	0.0613799648186902	0	0.0225583283180931	0	0	0.550355860435309	0.836050473535862	GSM981866
0.0471395886056587	0.262848181715887	0.111335507485645	0.212311229745828	0	0.0913257800732157	0	0.0166327127350272	0	0	0	0	0.0629198421665845	0.028054510609054	0	0	0.0745656833511393	0.0433382716645689	0.0495286918473922	0	0	0.645624845455592	0.763456347260137	GSM981867
0.128459777337663	0.179769003408681	0.22086303998388	0.193434853865644	0	0.0907832524209525	0	0.0142319042736466	0	0	0.00163482047037701	0	0.0891076706281534	0	0	0	0.0521349987394714	0	0.029580678871531	0	0	0.553455947033664	0.835018278246429	GSM981868
0.0524885962362274	0.215331824675454	0.256376295499785	0.152429674454375	0	0.0718287152614421	0	0.0131868696400119	0.00388118817082205	0	0	0	0.028313065153026	0.0418185431792651	0	0	0.0406922312194816	0.113619614456419	0.0100333820536915	0	0	0.656630862914648	0.755345082680399	GSM981869
0	0.181414317292761	0.157444796808837	0.29484998736103	0	0.228447021731535	0	0.0136473468860483	0	0	0.00849543188557285	0	0.0344944976065711	0	0.00802414974543307	0	0.00979674474054095	0.0236736210026817	0.0397120849389891	0	0	0.548764969633798	0.834791747020791	GSM981870
0.141936245879446	0.16122273888724	0.146147795219352	0.204641133034572	0	0.0342459059351163	0	0.0178537300102439	0	0	0	0	0.0601232337059963	0.0363609625610587	0	0	0.0476027509264458	0.0618775921710955	0.0879879116694323	0	0	0.634106192096485	0.772914275526974	GSM981871
0.116501499925069	0.180388553465501	0.239609382491775	0.163123701347649	0	0.15243575555923	0	0.0145956726737815	0	0	0	0	0.0471073215830392	0.00869834826541885	0	0	0.0324252021040058	0.00932027146871383	0.0200954108400811	0.0156988802757349	0	0.548135147252382	0.837058265075204	GSM981872
0.0912420998995259	0.26271373314333	0.192619943605633	0.190824685996151	0	0.0840001250214093	0	0.0081441493903516	0	0	0	0	0.0069028132379074	0.0311053550144189	0	0	0.0417735178243097	0.0675210445853964	0.0231525322815667	0	0	0.513013036503653	0.869079344640344	GSM981873
0.0545906900277274	0.149614270939334	0.21636270883878	0.190884948708285	0	0.0741174234766357	0	0.00593976173558542	0	0	0.0123150380690615	0	0.0369754321380958	0.0396222855919761	0	0	0.0278007042568074	0.123339375498307	0.065567286545025	0.00287007417437982	0	0.448129018920987	0.897007095449438	GSM981874
0.067234480139968	0.298659783836254	0.191239243324014	0.184957042963163	0	0.0737308036708909	0	0.0166368020766435	0	0	0	0	0.07550766443069	0	0	0	0.0720348407016683	0	0.0199993388567079	0	0	0.520598831193833	0.873697899521897	GSM981875
0.0928029178967026	0.221383585969477	0.264511777447968	0.122613591084098	0	0.112589045296767	0	0.0137667372937385	0	0	0	0	0	0.048060368595503	0	0	0.0440539357645685	0.0681815609570361	0.0120364796941421	0	0	0.666516582915224	0.745608247213839	GSM981876
0.0940491956198236	0.0980467583239479	0.226701379390941	0.257896308318567	0	0.18560147331108	0	0.012859060010249	0	0	0.0130316866712996	0	0.0196715515720738	0.0275814632447096	0.0121464367962228	0	0.00450735050806721	0.0177444497068689	0.0301628865261499	0	0	0.590095970788645	0.81001538678466	GSM981877
0.192626051158056	0.145672701309147	0.146173229926414	0.242022696733006	0	0.0678584743531839	0	0.00944644282494637	0	0	0	0	0.0347660046647801	0.0384174089285925	0	0	0.00726185247601456	0.0826174733863984	0.0144468194363153	0.0186908448031458	0	0.634604852117564	0.772539184502491	GSM981878
0.128785821524145	0.188164600700622	0.176092195371818	0.182503799936173	0	0.0815820080184963	0	0.00973994266174434	0	0	0	0	0.0330278054550667	0.0309129487933937	0	0	0.0200103015753165	0.128366592939325	0.020813983023899	0	0	0.698031225271236	0.720234927013082	GSM981879
0.0785889975995066	0.209209365980096	0.268647631796356	0.150691566907263	0	0.0472951493372934	0	0.00676293104251644	0	0	0	0	0.0212237169107411	0.0718266959644831	0	0	0.0385693667468641	0.0838542742521442	0.0233303034627362	0	0	0.553261805542969	0.834119096620468	GSM981880
0.095354373369128	0.31230865611831	0.186784728783486	0.205997541110187	0	0.0717482560450526	0	0.0178704819002319	0	0	0	0	0.0498669419897598	0	0	0	0.0183089118979332	0	0.0417601087859114	0	0	0.667601391762661	0.746699722428877	GSM981881
0.0978162712863828	0.134973131483246	0.0831279445659701	0.15477636241424	0	0.0465392076734251	0	0.0124170263014085	0	0	0.0149842669779538	0	0.0602443409203739	0.121419622796203	0	0	0.0857136601736892	0.173993802790762	0.0139943626163458	0	0	0.529985770289028	0.851340887365721	GSM981882
0.114945574759604	0.258019768512201	0.216475028913087	0.168182903556236	0	0.111429437391097	0	0.00590228673041293	0	0	0	0	0.00181479895225021	0.0270210886294547	0	0	0.0300952815546273	0.045234794806219	0.0208790361948102	0	0	0.580866609768041	0.81753507239598	GSM981883
0.0349156813918586	0.186851377135163	0.182087787845315	0.214775785969164	0	0.208453247158248	0	0.011156437603099	0	0	0.0185799523780532	0	0.0228525775423637	0.00865989382820943	0.0253455355523838	0	0	0	0.0442024385632285	0.0421192850329135	0	0.559018011174838	0.827939296709201	GSM981884
0.033746460115996	0.204310612998428	0.226650667267101	0.239104996963263	0	0.138426161327987	0	0.0122038629263632	0	0	0	0	0.0203592892893683	0.0328922008229632	0	0	0.0766765801744966	0.0121126902933572	0.00351647782067619	0	0	0.641914367411773	0.768472112001428	GSM981885
0.219768034016983	0.272312687448504	0.11639210121722	0.104382093880783	0	0.0585128015076141	0	0.0175806469459095	0	0	0	0	0.0244846562376331	0.0355905967376885	0	0	0.0317173121463371	0.0870794396256239	0.023836190751871	0.00834343948383321	0	0.714179091278076	0.703844514001241	GSM981886
0.0704699863166619	0.145804238913607	0.389203405267319	0.149281005346607	0	0.110585729041604	0	0.00981126288940738	0	0	0.0132048843339882	0	0.0379539756166367	0	0.0429876695920342	0	0	0	0.030697842682134	0	0	0.527623374557727	0.848584742652229	GSM981887
0.0676850013934016	0.18492252543661	0.174620140228545	0.234209937604914	0	0.173755035031207	0	0.00560039746788801	0	0	0	0	0.0250545348764288	0.0207718393008594	0	0	0.0228019363468058	0.0584290945397164	0.0256382948732816	0.0065112629003432	0	0.575429274807313	0.816571051625488	GSM981888
0	0.146675261686447	0.339000764257824	0.19666805130936	0	0.143695131057413	0	0.0112065936864299	0	0	0.0276265236266574	0	0.00717950692034498	0.0155167651687103	0	0	0.0569338765240339	0.0224435897250758	0.0330539360377039	0	0	0.518814997687331	0.853954731142342	GSM981889
0.00627729226826073	0.125979993842198	0.183152490869098	0.233823281291568	0	0.278810391813364	0	0.0020659600399921	0	0	0	0	0.0109917796942982	0	0	0	0.0709355792699814	0.0109545308888999	0.0667059654345111	0.0103027345878284	0	0.605378382108171	0.799034394739745	GSM981890
0.180693390693427	0.108199870011172	0.10185509310948	0.207414091938382	0	0.0660457787867896	0	0.00495324268583367	0	0	0	0	0.0875335142956196	0.0281987614996218	0	0	0.0284930468869308	0.163652275860949	0.0133367149964213	0.0096242192353726	0	0.560290017075107	0.828362026223656	GSM981891
0.0828312460088559	0.228983144683791	0.14284082377998	0.182669555536092	0	0.208934230780163	0	0.0139872138268345	0	0	0.00876632026973103	0	0.033763710775451	0.0390913256192459	0	0	0.042146421586364	0.0159860071334924	0	0	0	0.581335684587608	0.81519478071941	GSM981892
0.0700032526064273	0.12052365551077	0.230826552611084	0.217029862476481	0	0.191463829161896	0	3.59019128780373e-06	0	0.013189142127201	0.0180458520234109	0	0.000152609667350826	0.0299435775608951	0	0	0.0377773866019893	0	0.0308532669355006	0.0401874225257059	0	0.574096555725209	0.820511026168821	GSM981893
0.0256764845366808	0.166877175903896	0.17959424541179	0.231946097382381	0	0.28912106058302	0	0.0129325042823841	0	0	0	0	0.018370213292726	0.00373288267409235	0.0113712544835614	0	0.0037276251536175	0	0.0193509154755865	0.0372995408202644	0	0.572201254915802	0.819316237014183	GSM981894
0.0597461396052061	0.220065184414119	0.135588474079896	0.163363229615782	0	0.253838501991329	0	0.0116027260360213	0	0	0	0	0.0314355876279644	0.0141750648554006	0.0282442876912638	0	0	0.0632926647721389	0.0186481393108785	0	0	0.474350067497148	0.891867183255909	GSM981895
0.0898442367000747	0.150692366420491	0.157954415294273	0.131966935400804	0	0.262135199113043	0	0.0127350676961045	0	0	0.00349419698801249	0	0.0839957060677741	0.0189007926449075	0.0320136154803053	0	0	0.0255661607929216	0.0307013074012894	0	0	0.529321422381084	0.851446203570983	GSM981896
0.0732524858740535	0.219343871489954	0.068296960482033	0.321562355635539	0	0.236173346489375	0	0.00745845268210658	0	0	0	0	0.0116826063833509	0.0104191722369298	0	0	0.00673026696078991	0.0191996424706267	0.0172388038350614	0.00864203546018101	0	0.532915544869823	0.847820433483691	GSM981897
0.132266168184146	0.120320231682449	0.0668115953064357	0.20052667835989	0	0.273776672521239	0	0.00747489447643943	0	0	0	0	0.00582268716550056	0.0430925399169422	0	0	0.00108505497933266	0.116452780465784	0.0123049664432117	0.0200657304986308	0	0.537163727844841	0.84238112542937	GSM981898
0	0.198793560280457	0.163434334021878	0.232021847847803	0	0.150670177890428	0	0.0179220851561663	0	0	0.0261667910469423	0	0.0645882848492805	0	0.0202726715248397	0	0.00400507212286938	0.0325101493439547	0.0804836983161635	0.00913132759921682	0	0.437628652106885	0.907238211050258	GSM981899
0.188157074839415	0.119768574504211	0.0449141378651305	0.233076616543919	0	0.228080141819382	0	0.0164873331099518	0	0	0	0	0.0634118433121822	0.0194211197535224	0	0	0.000656235136115646	0.0591687222743029	0.0268582008418672	0	0	0.45244856120319	0.903517577332781	GSM981900
0.171714117850237	0.202102439937316	0.0470899245199316	0.120580006518101	0	0.0860607610777397	0	0.00259831942239503	0	0	0	0	0.0458984067402171	0.0140581614433667	0	0	0.0119298392188617	0.288720711563366	0.00924731170846747	0	0	0.593813511277879	0.811265734906427	GSM981901
0.0862281364024521	0.211056575691758	0.0471575884092724	0.178814221004833	0	0.194954873917807	0	0.0177245150914206	0	0	0.00491145187329957	0	0.0926856643628713	0.0247015436038367	0	0	0.0366676442775523	0.105097785364896	0	0	0	0.499972874336648	0.88048911606366	GSM981902
0.239739384113208	0.165065030090959	0.0753683891409323	0.0913011259132278	0	0.111395807236757	0	0.00935133868137117	0	0	0	0	0.0234909908276884	0.0526059204688549	0	0	0.0167433652688362	0.202910133404041	0.0120285148541239	0	0	0.589039319564081	0.814247228749573	GSM981903
0.173292985938462	0.150857317674563	0	0.20112932571187	0	0.281631683078687	0	0.0173986870332715	0	0	0	0	0.0569665125079997	0.0221079790542497	0	0	0.0321576268603197	0.0578921947931413	0.00656568734743698	0	0	0.598522212933549	0.80096254579939	GSM981904
0.20235037523132	0.211972100142732	0.0234878010145021	0.188451796771409	0	0.138719049092045	0	0.0125780761983809	0	0	0	0	0.0353913702114504	0.0465024555484795	0	0	0.0799943420062723	0.0571240558775283	0.00342857790588054	0	0	0.703044987775433	0.711203743472434	GSM981905
0.11859625493799	0.153497534107492	0.209240362454226	0.220307581891494	0	0.125402745430531	0	0.0152173383522001	0.0242935461077413	0	0	0	0.0347464291740631	0.0297226557931997	0.0501477929834274	0	0	0	0.0122330339663357	0.0065947248012994	0	0.466207904578181	0.888982700466097	GSM981906
0	0.187528565494881	0.270240483523066	0.243697714580829	0	0.135861092850476	0	0.0175610632245453	0	0	0	0	0	0.0386008905949266	0	0	0.0304255413590726	0.0643473409152124	0.000591190701210551	0.0111461167557798	0	0.541788256639181	0.83939701554623	GSM981907
0.0570696201965277	0.249186443866271	0.282088228469795	0.164396114052147	0	0.079819994746592	0	0.0156566986523989	0	0	0	0	0.0352503354557939	0	0	0	0.0494667841849889	0.036479623616035	0.0305861567594509	0	0	0.574168723946415	0.819609956356539	GSM981908
0.07433515582412	0.196708776162426	0.069983285142055	0.255802852794169	0	0.268479457452472	0	0.0114993135054172	0	0	0	0	0.0356263007567725	0.0121251440712066	0.0160099828466886	0	0.00565171515936355	0.0537780162853091	0	0	0	0.544063135254514	0.839923542096979	GSM981909
0	0.136395965654809	0.305468095866995	0.179425248879907	0	0.224938976375369	0	0.00788937740123502	0	0	0	0	0.0132889236538269	0.0378144125955768	0	0	0.00456247548143959	0.0813915664459453	0	0.00882495764489626	0	0.58925074270538	0.809400739417649	GSM981910
0.0146345053045458	0.249177226507426	0.0261764542469113	0.358943707798298	0	0.261014324835672	0	0.01379224227236	0	0	0	0	0.0559823522117531	0	0	0	0.0202791868230343	0	0	0	0	0.600933664565064	0.798420237135084	GSM981911
0.00719365019752949	0.231630136759172	0.126020628372641	0.305354800782034	0	0.269352012372963	0	0.0117707115075375	0	0	0	0	0.00936183725487254	0.00433432077099111	0.0165092962195959	0	0.00145840246709989	0.0167957826112571	0.000218420684305003	0	0	0.690351852757252	0.728454439146452	GSM981912
0	0.157030312819169	0.086264701561463	0.395077838658421	0	0.177044821816621	0	0.00465217794906987	0	0.000108443603261984	0.0139193879695536	0	0.0209102175820746	0	0.0609790726443268	0	0	0	0.0759957474679806	0.00801727792805838	0	0.510788483469887	0.85903507919805	GSM981913
0.176207564846192	0.2014656186146	0.0680709129196858	0.18363585974825	0	0.19166753254924	0	0.0112439601642123	0	0	0	0	0.0489661289684317	0.00984635439247179	0	0	0.0228158886749514	0.0681556812219575	0.00448280447126597	0.0134416934287422	0	0.51766594758947	0.867168881138542	GSM981914
0.0297870931646425	0.168582259444115	0.0374043846218727	0.308031324139307	0	0.298271908892616	0	0.00654459325337381	0	0	0	0	0.0492971849427116	0.00345134774473845	0	0	0.00225497853668769	0.0735072853176077	0.0202027569047754	0.00266488303755251	0	0.481906918490579	0.878757074012479	GSM981915
0.0571750241563708	0.198628255585988	0.218792660965813	0.157487046265767	0	0.209269763348811	0	0.0153933301610105	0	0	0	0	0.0205168755999047	0.0388769587360682	0	0	0.0116355577304848	0.0187572569018966	0	0.0534672705478852	0	0.55296318405307	0.832625143826341	GSM981916
0.087539770939065	0.197057286050191	0.124131544343585	0.199286316253826	0	0.244333584262163	0	0.00618782924453472	0	0	0.00406999094548731	0	0.0402049836727759	0.0155444421666164	0.02755695431363	0	0	0.0393892332211687	0.0146980645869571	0	0	0.520090915738743	0.858091318600582	GSM981917
0.136171366069458	0.136188708155726	0.12733900495916	0.11765241279043	0	0.0969501583345534	0	0.0237450998542248	0	0	0.0181785718160216	0	0.112726319088764	0.0215270409336052	0.0121271166167749	0	0.013226530320914	0.0944056609478611	0	0.0897620101125068	0	0.478212939602887	0.885907733527479	GSM981918
0.199760292513924	0.0919711391630344	0.0811004298984321	0.145183323143003	0	0.134524964236405	0	0.0278475302906259	0	0	0.00570646679473753	0	0.0929882279270861	0.0196556567055529	0	0	0.0455951214231953	0.155666847904004	0	0	0	0.556026112613126	0.832349676859223	GSM981919
0.067276883979486	0.157859922744416	0.114618380355511	0.20099926757846	0	0.315008837644212	0	0.00716336489398836	0	0	0.00673161798091192	0	0.0229961667379275	0.008669217302506	0.0175540492176065	0	0	0.0657896807672969	0.0102815485733981	0.0050510622242796	0	0.426976913857567	0.914973282820327	GSM981920
0.0837195991543304	0.237597540910296	0.112967514162491	0.227986692921473	0	0.233496179662826	0	0.0144462027326916	0	0	0	0	0.020697358619011	0.0286963208314214	0	0	0.0169860759548908	0	0.0234065150505684	0	0	0.655746743665784	0.753941904320657	GSM981921
0	0.0993869582422163	0.139316890369915	0.156991693412072	0	0.0441374896627365	0	0.0136660560701033	0	0	0.0622418506346799	0	0.0386366895621019	0.0122572630715548	0.158495768214047	0.0895980913291256	0	0.0331439085141127	0.03938905735793	0.112738283559405	0	0.480917505924085	0.876683202082476	GSM981922
0.0372393917735894	0.112617332010249	0.0771383987316591	0.302184090996987	0	0.373727458690811	0	0.0126674426834046	0	0.00447304782575509	0	0	0.0282361134262434	0	0.00389853141929133	0	0	0.0115496086298418	0.00453500566449111	0.0317335781476769	0	0.539375846650891	0.841471806210478	GSM981926
0.275016382589116	0	0	0.0776745756037295	0	0.0298657514609013	0	0.015367335518046	0	0	0.0392578849624319	0	0.0590330627133081	0.153731293140061	0	0	0.0499283066640318	0.28400103901188	0.0161243683364942	0	0	0.596968391373422	0.804291942781323	GSM981927
0.158536229109079	0.176483184651075	0.0183134695045207	0.257277455330596	0	0.258410496905908	0	0.0175726372316069	0.00389468885439433	0	0	0	0.0346500901104076	0.025635324540188	0	0	0.0105235055232196	0.0344287574012147	0.00427416083779039	0	0	0.710346866039429	0.707229913550201	GSM981928
0.00262633547555967	0.189429729543122	0.149631234113242	0.192705516677342	0	0.141858657760701	0	0.00729389550775142	0	0	0	0	0.133321998355152	0.0429241156204488	0	0	0.0207831797417637	0.106447641640921	0.0129776955639957	0	0	0.499113054424384	0.876261641218521	GSM981929
0.133809967511303	0.190482500236422	0.171501253875582	0.193575854007182	0	0.123331107279681	0	0.025421655552467	0	0	0.0084452351591229	0	0.112922367275573	0	0.0138292169921211	0	0.00272926152660951	0	0.0239515805839363	0	0	0.481573795108735	0.894164939798696	GSM981930
0.0103174676590183	0.236223850225598	0	0.279242681958361	0	0.271958501237999	0	0.0144579492943669	0	0	0	0	0.0476859179872929	0.00598173858889161	0.014733140518954	0	0.00210768868806897	0.0890700820946457	0.0282209817468041	0	0	0.514261752492148	0.862006628166125	GSM981931
0.0670598192676685	0.171567441398345	0.0492860651057593	0.242665112603847	0	0.209435653134416	0	0.00562713448207798	0	0	0	0	0.0577024926125745	0.0137538185954693	0.00820816242898195	0	0.00300785062984036	0.0916682361825134	0.0676501117707609	0.0123681017877462	0	0.56744572595451	0.822293320736061	GSM981932
0.138528216708658	0.217571201926627	0.0184093704002542	0.188161554704254	0	0.16056364008119	0	0.0160042360165641	0	0	0	0	0.0794485911938787	0.0242427422031265	0	0	0.0449410245681652	0.0959366229094624	0.0161927992878201	0	0	0.55604381007242	0.840943048789514	GSM981933
0.0304188379771064	0.205956490415147	0.168885818313662	0.211210960283166	0	0.199941428632118	0.000370386287761153	0.00678959096040262	0	0	0	0	0.0485275112617107	0	0.0261066528979583	0	0	0.07534601192173	0.026446311049238	0	0	0.499696822808612	0.869167052208971	GSM981934
0.20271971916892	0.0304927357736007	0.0386592572652372	0.16876221296654	0	0.116096067388847	0	0.0130517521601308	0	0	0	0	0.0481386374373633	0.079224890668321	0	0	0.0275169639177589	0.26935589253654	0.00598187071674143	0	0	0.533968228914694	0.844941937623435	GSM981935
0.269245367196676	0.0107405882483227	0.0302840829965309	0.0813858622222573	0	0.0625709130320145	0	0.0160551523741466	0	0	0.0225425834148156	0	0.0509758635806853	0.149697962454862	0	0	0.055643836854599	0.231956245535981	0.0189015420891102	0	0	0.639196713342528	0.769518449945097	GSM981936
0.138465905730895	0.143442417509635	0.0433608015546825	0.249602450684279	0	0.282877871497951	0	0.0155488071492115	0	0	0	0	0.0373664787295649	0.0201006450394505	0.00518848414649707	0	0.00833367525061968	0.0348666001028928	0.0208458626043216	0	0	0.553279358510251	0.832704289667491	GSM981937
0.218881802263172	0.0820466563283179	0.0414499986513585	0.139938014314362	0	0.0950876871008681	0	0.0130404556028426	0	0	0.00663133436126447	0	0.0661082998121223	0.0640973529691824	0	0	0.0320590288151155	0.233707356146263	0.00489396332574558	0.00205805030938619	0	0.583003268206001	0.813121466473924	GSM981938
0.13573535018472	0.244496988515213	0.100592783434918	0.242574626299603	0	0.182416270771802	0	0.0139551713891199	0	0	0	0	0.00975693105083436	0.030120311364125	0	0	0	0.0284487836144487	0.0119027833752157	0	0	0.702607889842371	0.711384474740301	GSM981939
0.18672657794327	0.182411113418475	0.0695387006991282	0.208854928127001	0	0.187743547128341	0	0.0150839761894167	0	0	0.00666073708274904	0	0.033108816258621	0.0225780976574426	0	0	0.0478888146367385	0.0313326350422972	0.00807205581652006	0	0	0.681541886159108	0.731839099197499	GSM981940
0.220380755679389	0.130305096258089	0.0669447909840423	0.17761053863261	0	0.14064016721238	0	0.00998356881192655	0	0	0	0	0.0500887571042711	0.0394052854062596	0	0	0.0158698819048835	0.0792419978526753	0.0438114994974172	0.0257176606560571	0	0.561844349284898	0.828413843766915	GSM981941
0.0755960092490919	0.0721557504947978	0.046208852185896	0.295862279800852	0	0.195782593199587	0	0.00455821273155594	0	0	0	0	0.151427481494246	0.00024721579765317	0.0185892781643982	0	0	0.0608795217474782	0.0681998808140125	0.0104929243204309	0	0.463729827767443	0.889720978980577	GSM981942
0.133190834835747	0.295573144789371	0.0102533586095277	0.182359287269663	0	0.252921865734321	0	0.0168174703976274	0	0	0	0	0.0486297318268175	0	0	0	0.0379225037798841	0.0123001749092286	0.0100316278478124	0	0	0.681264215726646	0.735356629888633	GSM981943
0.0323338155290241	0.160135915679212	0.133578519591944	0.180437298943551	0	0.029996354171914	0	0.00645243440707155	0	0	0	0	0.131874727795639	0.0523939616231578	0	0	0.0379103075413997	0.202471908740865	0.0324147559762214	0	0	0.531189270971148	0.85262284045367	GSM981944
0.144998522968749	0	0	0.132671162637146	0	0.131693737132626	0	0.0137852688741376	0	0	0	0	0.108177648063698	0.115109642158549	0	0	0.0259371986921109	0.31407454166833	0.000739338749052597	0.0128129390556015	0	0.529465052131674	0.850889466825795	GSM981945
0.155926943251771	0.164472049178261	0.0702552245246252	0.174012341401505	0	0.12289164908133	0	0.0145794641086224	0	0	0.0171807579668089	0	0.0573264709139016	0.0121530216384672	0	0	0.0385659154299994	0.118296907532553	0.0543392549721559	0	0	0.510689193768888	0.865740864135475	GSM981946
0.203972543163827	0.13488997222934	0.103333216581165	0.0982040214528866	0	0.0977370595350553	0	0.00817335036886059	0	0	0	0	0.141332445867339	0.0158886345639629	0.00936368002485506	0	0	0.146028421456372	0.0184261605352847	0.0226504942210526	0	0.527493042321569	0.866013527814658	GSM981947
0.0845174998525604	0.188986055866851	0.116299497014591	0.175457721098569	0	0.107772790124578	0	0.0187795933277488	0	0	0	0	0.0559133180153063	0.0680138291929425	0	0	0.026368148164843	0.111802770936348	0.0460887764056618	0	0	0.510279853755565	0.866646771663379	GSM981948
0.11016535676195	0.129656398430601	0	0.245249694036915	0	0.328215390568959	0	0.00525084532957733	0	0.0458517252296164	0	0	0.0557365433619675	0.00116496126656194	0.00529452977763815	0	0	0.031456934320368	0.0195896441221057	0.0223679767937403	0	0.573607162469693	0.817868368481454	GSM981949
0.0713716447885501	0.283912112864789	0.0822832834711795	0.160360692252025	0	0.204660706522315	0	0.0131739963645734	0	0	0	0	0.0495832161797543	0.0208532782279489	0	0	0.016355088034757	0.0884325178622769	0.00901346343183117	0	0	0.63635345025921	0.774277541479487	GSM981950
0.260533446449573	0.115941132564201	0	0.159329282416983	0	0.0918771058709756	0	0.0124710493512654	0	0	0.0181508954519773	0	0.111523940967823	0.0504813125135328	0	0	0.0425211006285744	0.106127979892691	0.0310427538924042	0	0	0.663096489024597	0.750265725532445	GSM981951
0.0868643304242398	0.192493080348741	0.0923934716034054	0.196819705295087	0	0.173191728458321	0	0.0153853517937527	0	0	0	0	0.0588892732516815	0.0682828973957796	0.00995083695396439	0	0.00978857608828581	0.0690076400996737	0.0269331082870676	0	0	0.608609522352202	0.793127599252883	GSM981952
0.249049751121613	0.182946679542508	0.0492617047738236	0.151905430096961	0	0.0797506995588096	0	0.0150620889823088	0	0	0.00156929376225294	0	0.128974152337904	0.013981337438548	0	0	0.0445478106125829	0.0735808052458905	0.00937024652679763	0	0	0.677068739127604	0.741531405430949	GSM981953
0.0963903009685408	0.154031409947526	0.0817437499140319	0.288519330439599	0	0.259497103812762	0	0.0137563674870825	0	0	0	0	0.0219312611775458	0.021862418203384	0.0361473603651622	0	0	0	0.0261206976843659	0	0	0.599050761375981	0.800062189238199	GSM981954
0.0754227822293952	0.108265666805032	0.140975698555805	0.322349270656241	0	0.186473868480493	0	0.011869446626409	0	0	0	0	0.0468449077312455	0	0.0279419671824433	0	0	0.0573763940223679	0.0224799977105681	0	0	0.476082637315955	0.878815898893188	GSM981955
0	0.119643244342141	0.0165641238744395	0.382240983141185	0	0.420383432538649	0	0.00552064457636704	0	0	0	0	0.00289716084801659	0.00853630748830085	0	0	0	0.0123716262957113	0.0249195142049662	0.00692296269022305	0	0.722679561330405	0.712668442162864	GSM981956
0	0.252417028822828	0.116000164824077	0.273660315086434	0	0.224725956241649	0	0.0139796298196175	0	0	0	0	0.0207858898045606	0.00106614878610486	0.0329198349731987	0	0	0.00473031319446409	0.0597147184470665	0	0	0.643020571724932	0.765359603018889	GSM981957
0.0799140475136586	0.223715444615905	0.0741497060218474	0.17082362821477	0	0.13971347721434	0	0.0163769073308032	0	0	0.0157531907301479	0	0.12227739979527	0.0178259336378022	0	0	0.0460091690886823	0.0736403637605083	0.0198007320762645	0	0	0.65132184469646	0.760129140970229	GSM981958
0.0981876575530065	0.187288014852732	0.0842156360034218	0.177367452931634	0	0.194553373469389	0	0.0140845445048193	0	0	0.0139209426654254	0	0.0929495186081363	0.0275906794871302	0.0123260184941762	0	0.00803880268077979	0.0663784980413229	0.0230988607080267	0	0	0.511844826324745	0.868463155234188	GSM981959
0.108167416490429	0.205735984808123	0.1915296536272	0.182397906985942	0	0.240696697712619	0	0.0118052396746334	0	0	0	0	0.0139212033444428	0.0243392032001512	0.00472316915757819	0	0	0	0.0166835249988822	0	0	0.721414843680234	0.696936128404694	GSM981960
0.0986637339049657	0.156672191103181	0.176971627261431	0.110483589476802	0	0.0619895043376094	0	0.0169455635131148	0	0	0.0292992853216971	0	0.16540247644708	0.0529319106998468	0	0	0.0652937722439842	0.0653463456902878	0	0	0	0.508105436963011	0.880924804605539	GSM982065
0.255839108168121	0.150863030682989	0.126945204455076	0.0915871528355953	0	0.0592409619157459	0	0.00399916710493007	0	0	0	0	0.0775852877303302	0.0178800049596223	0	0	0.0187203450099351	0.184572357018647	0.0103715163081588	0.00239586381084818	0	0.598204354821479	0.808390759054003	GSM982066
0.118920232238998	0.2033799986686	0.221676056656121	0.198416899975351	0	0.152696635587483	0	0.0146295827351947	0	0	0	0	0.0485582897496984	0	0.00577933991524189	0	0.0132352492073701	0	0.0227077152659423	0	0	0.486200230191622	0.884216388246784	GSM982067
