Macs_IFN_B1a_Macs_IFN_y	Macs_IL_10	Macs_IL_4_Macs_IL_13	DCs_IFN_B1a	DCs_IFN_B1a_DCs_IFN_y	DCs_IL_10	Monos_IFN_B1a_Monos_IFN_y	Monos_IL_10	Monos_IL_4_Monos_IL_13	PMNs_IFN_B1a	PMNs_IFN_B1a_PMNs_IFN_y	PMNs_IL_4_PMNs_IL_13	P.value	Correlation	RMSE	sample
0	0.117652979296434	0	0	0.217425566247901	0	0.00353946080194499	0	0	0.443992428868911	0	0.217389564784809	0.02	0.388610965056732	0.93872581330582	GSM914353
0	0.0702706267753952	0	0	0.428318392847792	0	0.0348208969328323	0	0.0504973875305989	0.34873453854042	0	0.0673581573729617	0.03	0.293689535259336	0.991696726983615	GSM914354
0.0114718686733091	0.0179751513757658	0	0	0.27500005700441	0.00288544802624515	0.00181006004364588	0.000981689965636865	0	0.523070300385074	0	0.166805424525913	0.01	0.436108826711997	0.909709111687611	GSM914355
0.0440484925807999	0	0	0	0.432051426989671	0.00215897188644426	0	0	0	0.325646865839018	0.156687426998174	0.0394068157058924	0.02	0.358839373750462	0.976339947170644	GSM914356
0.0249113873935854	0.0155018035846812	0	0	0.497392070347046	0	0	0	0	0.289175267698808	0.124803850873321	0.0482156201025581	0.02	0.354717404982141	0.970754011045903	GSM914357
0.00934249199400503	0.030828471279201	0	0	0.551763910386088	0	0	0.0064883546834671	0	0.161620280796439	0.0694818416557584	0.170474649205042	0.03	0.323081309943313	0.970433470948872	GSM914358
0.0321118670736026	0.0185598053711402	0	0	0.497480436777991	0.000395122013436195	0	0	0	0.337411557785583	0.0261011051033819	0.0879401058748655	0.03	0.325432649840742	0.979079184486656	GSM914359
0	0.0806483962536352	0	0	0.292629517310209	0	0.0079600103081496	0	0	0.563122920087174	0	0.0556391560408317	0.02	0.376888098875752	0.959617472389759	GSM914360
0.00897596852382618	0.0236669179483513	0	0	0.404296254000134	0	0	0.000620391238307732	0	0.362264940739313	0.186367538358833	0.0138079891912351	0.01	0.465595165626349	0.906998360310847	GSM914361
0.00882731067699159	0.0276904402075476	0	0	0.685597405948796	0	0.00298252288464684	0.0201376446823486	0	0.146488049579982	0.0313034317850886	0.0769731942345986	0.04	0.287466374506641	0.996207889680693	GSM914362
0	0.0540116296254769	0.0205833261753871	0	0.341472553072304	0	0.0292756798444637	0	0	0.551720589071154	0	0.00293622221121403	0.01	0.456816794471651	0.905246503874685	GSM914363
0.0135648776309867	0.0280971439546301	0	0	0.546736995197315	0	0.0141171915409873	0	0	0.311319613358734	0	0.0861641783173468	0.02	0.359555478348777	0.954010281944035	GSM914364
0.00779782610808548	0.0367863477872052	0	0	0.187920977946364	0.00697076836663867	0	0	0	0.633897700961382	0	0.126626378830325	0.02	0.377605165160465	0.958275113723286	GSM914365
0	0.0463139892979992	0	0	0.235699929555221	0	0.0037234927719755	0	0	0.606018138808441	0	0.108244449566363	0.01	0.463218274114229	0.898710092794907	GSM914366
0.016821523183943	0.0176648885482331	0	0	0.496714754313073	0	0	0.00759096313514677	0	0.323916576482598	0.0214488761882698	0.115842418148736	0.01	0.402374533228784	0.927107032713466	GSM914367
0.000764552849909442	0.0251079657565718	0	0	0.38118195871399	0	0.0105069055455287	0	0	0.556860568903174	0	0.0255780482308269	0.01	0.435603746485317	0.918297588878139	GSM914368
0.0222983270611348	0.0120724326788236	0	0	0.484097435930528	0	0.00733060111305638	0	0	0.366746236460722	0.0662117076761742	0.0412432590795613	0.01	0.405974195500639	0.934903139639695	GSM914369
0	0.0488328544668166	0	0	0.390025590341008	0	0	0	0	0.486350088764188	0	0.0747914664279865	0.02	0.370762066541601	0.9547886234658	GSM914370
0	0.0754929850841735	0	0	0.525755096850082	0	0	0	0	0.263483554792923	0	0.135268363272821	0.04	0.267566460544989	1.00708229238518	GSM914371
0.000301933652074548	0.0313763527949959	0	0	0.511190464387321	0	0	1.88342931328336e-05	0	0.127088520423321	0.304017010480942	0.0260068839682121	0.01	0.431365077300103	0.930893080896104	GSM914372
0.0361290993619304	0.0217488674260879	0	0	0.452827939724829	0	0	0	0	0.12242542519317	0.209563277270817	0.157305391023166	0.02	0.394027401894235	0.940297721575878	GSM914373
0.0330853163828152	0.00701030986703963	0	0	0.405061584534345	0	0	0	0	0.298784280225864	0.225199842139411	0.0308586668505246	0.01	0.467143084989851	0.906854709833952	GSM914374
0.0199752127626305	0.0313111774813587	0	0	0.492052618427437	0	0	0.00231224481183971	0	0.244508606196918	0.0703450409292897	0.139495099390527	0.02	0.345365865664148	0.962963381767204	GSM914375
0.00452239554254863	0.0191477863410719	0	0	0.440551891782472	0	0	0.00549601123187129	0	0.226576880129256	0.206821106822896	0.0968839281498844	0.01	0.472360338310468	0.891261664749519	GSM914376
0	0.0560936152402281	0.018625037685782	0	0.338403263505844	0.0485566187112121	0.0871699052284	0	0	0.339234123369493	0.0132393883089589	0.0986780479500822	0.02	0.382801258988824	0.937829720485154	GSM914377
0	0.156019568524514	0	0	0.309172065465368	0	0.00162704933792382	0	0	0.362757007212812	0	0.170424309459382	0.02	0.354171870613792	0.967260397171085	GSM914378
0.00227047044839584	0.0619081113033488	0	0	0.200875440568205	0.0665658665046032	0.00609635165268943	0	0.0412066019225947	0.439335406895262	0	0.181741750704901	0.02	0.363138081686881	0.945545484240024	GSM914379
0.00270428886240313	0.0353171657270875	0	0	0.452737388983407	0	0	0	0	0.285660799095119	0.142766653163838	0.080813704168146	0.01	0.415055420662687	0.929039041103912	GSM914380
0.0386933884828521	0.00301625899672804	0	0	0.258877038639845	0.0952725578637822	0.0162540737694002	0	0	0.473839024386377	0	0.114047657861015	0.02	0.349001290097055	0.960934696123938	GSM914381
0	0.0602722893756623	0	0	0.306181694522308	0.0225918441696364	0.0166077418393396	0	0	0.36369018805063	0	0.230656242042425	0.03	0.325099542514663	0.966048376685452	GSM914382
0	0.0456179668282779	0	0	0.408378127732162	0	0.0118280803551858	0	0	0.362380449757787	0	0.171795375326587	0.02	0.363833145664809	0.946990486849388	GSM914383
0.0228917148415276	0.0133448737815504	0	0	0.43248362111972	0	0	0	0	0.34046013470045	0.0331011063493271	0.157718549207425	0.02	0.379467827383201	0.940601574015077	GSM914384
0.0105982660223833	0.0431143650384535	0	0	0.392920707690391	0	0	0	0	0.362783923167449	0.0737611599768435	0.11682157810448	0.01	0.426573310192923	0.917837182480499	GSM914385
0.0220893428286803	0.0105749553356272	0	0	0.513324377181729	0	0.0033760663317461	0.000123916065182482	0	0.188973389804594	0.124734700551053	0.136803251901388	0.01	0.413576136554653	0.922366731919424	GSM914386
0	0.0632867420154266	0	0	0.480635391733446	0.00525159037698387	0.0514692276998347	0	0	0.370215997728914	0	0.0291410504453951	0.05	0.236182238355381	1.03508985175974	GSM914387
0.0217597280424736	0.0215023576358728	0	0	0.534047483773003	0	0	0	0	0.153432873713994	0.212921137364616	0.056336419470041	0.02	0.38249868622895	0.955334040680118	GSM914388
0.00849176748701583	0.0386037320433347	0	0	0.484366068306098	0.0286880732590419	0.0477094967474258	0	0	0.349383975299373	0	0.0427568868577111	0.03	0.296302778724524	0.994192059487935	GSM914389
0	0.103169779249944	0	0	0.422869614974482	0	0	0	0	0.147077678073069	0.18780733635776	0.139075591344745	0.01	0.403478508151469	0.938023339436046	GSM914390
0	0.0620194774811283	0	0	0.344302154428623	0.0188242189910327	0.0734002907408634	0	0	0.407934981016631	0	0.0935188773417219	0.02	0.38459250684374	0.940409180091534	GSM914391
0.0324675965708678	0.00507693162933944	0	0	0.469609545264956	0.00650342503985593	0.00143967959394247	0	0	0.204193740712648	0.13838976653478	0.14231931465361	0.01	0.439582323340045	0.90712379813051	GSM914392
0.0214503348348295	0.0235422537358409	0	0	0.442496561054552	0	0	0	0	0.318177347273083	0.154445928983248	0.0398875741184466	0.01	0.451276763482485	0.91089364167585	GSM914393
0	0.0410290493986838	0	0	0.322642090818871	0.0594305614451488	0.0400906011388692	0	0	0.423007000483725	0	0.113800696714702	0.02	0.347570940546883	0.958774410132883	GSM914394
0.0144803980065205	0.025421481590903	0	0	0.473232624640446	0	0	0.00472864818743145	0	0.16049465951626	0.187431500287192	0.134210687771247	0.01	0.407498329973593	0.929963025496762	GSM914395
0	0.100049718536066	0	0	0.234807162098498	0.033392259622519	0.0828498441099864	0	0	0.409241854702641	0	0.139659160930289	0.01	0.433009652034989	0.910139435596059	GSM914396
0	0.0458811669664521	0	0	0.53462915934499	0	0	0.0015796703619194	0	0.194355053506524	0.155379861364676	0.0681750884554387	0.03	0.317580940778247	0.990513494888232	GSM914397
0.000741483461083594	0.0477494911362668	0	0	0.288103237044846	0	0.00178946871485709	0	0	0.474590779463327	0	0.187025540179619	0.02	0.348426067076449	0.960737452860034	GSM914398
0	0.0638741409823865	0	0	0.445098468242868	0	0	0	0	0.144052559085856	0.179385785930702	0.167589045758187	0.02	0.398948074168038	0.933963752615918	GSM914399
0	0.0571714349758836	0	0	0.445279194436589	0	0	0	0	0.347205676075785	0.0825523010197057	0.0677913934920369	0.01	0.414824523106816	0.928651666191481	GSM914400
0.00949662855924101	0.0227337563158186	0	0	0.531520453902793	0	0	0	0	0.230936885196382	0.0989171232576007	0.106395152768164	0.02	0.395546293817986	0.934432887379445	GSM914401
0	0.0407600904139997	0	0	0.543271343641874	0	0	0.0052962153845009	0	0.204891148145889	0.119756005946461	0.086025196467275	0.02	0.344916786776628	0.968201026157855	GSM914402
0	0.0611210365880965	0	0	0.412470408594514	0	0	0	0	0.118057599199597	0.190264215555836	0.218086740061957	0.01	0.454812657562415	0.895752892138525	GSM914403
0.0206737932741464	0.00362408267545342	0	0	0.520510125192405	0	0	0.00482463949033984	0	0.301593842099505	0.148773517268151	0	0.01	0.420701023895483	0.932385112364678	GSM914404
0.0265558372499758	0	0	0	0.476504587296794	0	0	0.00802757287797662	0	0.251794076146061	0.237117926429193	0	0.01	0.453624420533155	0.916292145789425	GSM914405
0.0122532905204963	0.0299152068693764	0	0	0.306237643485231	0	0	0	0	0.47551909682306	0.0769029296798337	0.0991718326220027	0.01	0.510232664422855	0.865582086468377	GSM914406
0.0314668844778052	0.00493562046917106	0	0	0.425505122303741	0.00535032165041846	0	0	0	0.307741928950101	0.184353428430888	0.0406466937178752	0.01	0.489024328866759	0.885534397333665	GSM914407
0	0.0563407916938533	0	0	0.351187040510167	0	0	0	0	0.529620882637016	0.00872569943529263	0.0541255857236707	0.01	0.444981445625474	0.910970670380979	GSM914408
0.0110487824903067	0.0263742462259992	0	0	0.415291599969587	0	0	9.2387594778186e-05	0	0.278255059904285	0.252797515436765	0.0161404083782787	0.01	0.428590409545783	0.937412257158775	GSM914409
0.0346465442127613	0.0111727052953911	0	0	0.339900887148005	0	0	0.00114544754062644	0	0.503089417097628	0	0.110044998705588	0.01	0.472598602132152	0.888085368244006	GSM914410
0.0134308857851195	0.0161461292036737	0	0	0.406736582154227	0	0	0.00557443267728736	0	0.250039736286837	0.224151314213934	0.0839209196789217	0.01	0.473402645022157	0.89430869397525	GSM914411
0	0.057588025017703	0	0	0.358087171839061	0	0	0	0	0.257839170277753	0.305684092878442	0.0208015399870405	0.01	0.519138024967108	0.873501951144185	GSM914412
0.0260939760091232	0.0161521174579476	0	0	0.504217231541206	0	0	0	0	0.117056041808021	0.321354941539522	0.0151256916441797	0.02	0.361812793101172	0.985414933561996	GSM914413
0.0216361403161222	0.038147553581406	0	0	0.450829354652005	0	0	0	0	0.238204629703122	0.145248689480346	0.105933632266998	0.01	0.45441352344428	0.901809622014359	GSM914414
0.00954059551738487	0.0210964823147275	0	0	0.493198959592731	0	0.00302380257915523	0.00172767006364744	0	0.33232355326372	0.000155394864243926	0.13893354180439	0.01	0.415279669417102	0.916952277441915	GSM914415
0	0.059847214980233	0	0	0.332836804688928	0	0	0	0	0.347332513328668	0.224302152884596	0.0356813141175744	0.01	0.449265188752519	0.922402372433881	GSM914416
0	0.0321470428641018	0	0	0.64403684453156	0	0.0262901895121213	0	0	0.174784862547195	0.0552562200592563	0.067484840485766	0.05	0.233745557516442	1.02818804974668	GSM914417
0.0143850257548601	0.0218844930071509	0	0	0.396737082148566	0	0	0.00463034134998744	0	0.263029956196222	0.212031030062743	0.0873020714804693	0.01	0.481345346452021	0.888255723221874	GSM914418
0.0272306290653583	0.0328276395552055	0	0	0.26311971843812	0.00319382984902102	0	0	0	0.587399049364736	0	0.0862291337275589	0.01	0.495107926031797	0.877234273976353	GSM914419
0.0187354287564458	0.0229256186104383	0	0	0.441657764478791	0	0	0.00615278386660017	0	0.201471803885444	0.270009644486494	0.0390469559157862	0.01	0.469484362223604	0.903108263990432	GSM914420
0.00543134968067997	0.0318266743097685	0	0	0.472501404946112	0	0.00247709139941326	0	0	0.250777274900088	0.148681719461842	0.0883044853020967	0.02	0.394222936541202	0.941239029298949	GSM914421
0.0155124634384774	0.0179758550242819	0	0	0.442613839428283	0	0	0	0	0.475662317851224	0	0.0482355242577337	0.02	0.395572122341818	0.939976343227413	GSM914422
0.0372881155996261	0.0157404400915895	0	0	0.38511570269853	0	0	0	0	0.30267123731336	0.204545820624742	0.0546386836721517	0.01	0.497589530046508	0.881211400282764	GSM914423
0.00521711671321633	0.0637476779826719	0	0	0.316156111026085	0.0224633484995854	0	0	0	0.434567634983534	0.0459326848112011	0.111915425983706	0.01	0.493721813844934	0.873505348384837	GSM914424
0	0.0568003981100509	0	0	0.428103437957301	0	0	0	0	0.139379006901956	0.339165682533434	0.0365514744972586	0.01	0.489454226281579	0.893117033185483	GSM914425
0	0.0615026516292082	0	0	0.352792902341655	0	0	0	0	0.264950494016795	0.228967025774305	0.0917869262380362	0.01	0.50520672601257	0.872963049430532	GSM914426
0.0124958086289282	0.0348945792131394	0	0	0.343444580627472	0	0	0	0	0.342755260919432	0.186889537248861	0.0795202333621677	0.01	0.511038696796628	0.868818043150478	GSM914427
0	0.0683575130716699	0	0	0.42503097870531	0	0	0	0	0.0947983289348507	0.304850472802241	0.106962706485929	0.01	0.460009505168655	0.90558076822602	GSM914428
0.0295207798831942	0.0301430166514861	0	0	0.478501162407927	0	0	0	0	0.202072317958275	0.225383868788701	0.0343788543104174	0.01	0.442079674353886	0.921160841086726	GSM914429
0.0189921317995265	0.0315567238736544	0	0	0.197307813180013	0.0989740894615024	0	0	0.0738502221414786	0.509850151457761	0	0.0694688680860643	0.02	0.395096012600963	0.931516809991237	GSM914430
0.0316422398598587	0.0134213588767998	0	0	0.477958153495031	0	0	0	0	0.38891361467578	0	0.0880646330925302	0.03	0.321598225001757	0.980408163923389	GSM914431
0.0271040589111658	0.0244756765318351	0	0	0.476801532675	0.00249180436134524	0	0	0	0.330341045721708	0.0101813688957912	0.128604512903154	0.03	0.322799763332144	0.975368432341353	GSM914432
0.0292915211307245	0.00249342331249318	0	0	0.40156919713325	0	0	0.00592852286605275	0	0.413199866153864	0.122776179378689	0.0247412900249269	0.01	0.429346139363215	0.928785111017419	GSM914433
0	0.101539812405723	0	0	0.431919878558539	0	0.0584836403064243	0	0	0.269086294105588	0	0.138970374623727	0.05	0.210401374232514	1.04142869701366	GSM914434
0	0.0833994799695835	0	0	0.4986885116562	0	0.08948922381411	0	0	0.155737531835051	0.130517207939716	0.0421680447853393	0.02	0.381100014559683	0.953120265918596	GSM914435
0.0250421806303889	0.00863132551247481	0	0	0.489605085071942	0	0	0	0	0.181537060066949	0.194406155447603	0.100778193270643	0.01	0.485926672912668	0.88064550491257	GSM914436
0.0206900193141969	0.0252308404973717	0	0	0.399225522973167	0	0	0.000717954833774095	0	0.21698877419933	0.268353658273187	0.0687932299089736	0.01	0.478225397439622	0.895818690288498	GSM914437
0.0241223095543695	0.0133454255403002	0	0	0.429401836208334	0	0	0	0	0.261146417316061	0.164106531695253	0.107877479685683	0.01	0.491747476561261	0.876718668830477	GSM914438
0.014808360021664	0.0248578556373842	0	0	0.415382681131942	0	0	0.00145540064119689	0	0.300961154160286	0.184496084070009	0.058038464337518	0.01	0.467657882498396	0.899376927835409	GSM914439
0	0.0385572914935568	0	0	0.498956953368317	0	0	0.00202887879150059	0	0.153193048807533	0.229439245576808	0.0778245819622836	0.01	0.423574797762914	0.925962784087526	GSM914440
0.0310117784822025	0.0143141762619836	0	0	0.433128202438863	0	0	0.00120293675489698	0	0.279286396383407	0.126822928015796	0.114233581662851	0.01	0.468397907095545	0.891237141621935	GSM914441
0.0221899292118628	0.00500634454333682	0	0	0.406047368046666	0	0.00034701755390359	0.00988076169770634	0	0.298178296376954	0.154181558287054	0.104168724282517	0.01	0.477474090046465	0.886578824513218	GSM914442
0.021772950291153	0.0293915144420978	0	0	0.550187112961511	0	0.00669156011886331	0	0	0.135757560108926	0.170554578270626	0.0856447238068239	0.01	0.402143882821643	0.936442378993095	GSM914443
0	0.0470581862852938	0	0	0.465306159567026	0	0	0	0	0.316069321722406	0.0124029036213239	0.15916342880395	0.01	0.444833672791028	0.899109968973146	GSM914444
0	0.0589694245258635	0	0	0.415870767073289	0.027866128162099	0.0832061285582915	0	0	0.247643722466927	0.0951023778773786	0.0713414513361516	0.02	0.388190277488249	0.94084964445012	GSM914445
0.0298450224141852	0.0261375552266515	0	0	0.423181677224857	0	0	0	0	0.207914761122616	0.275563759138456	0.037357224873234	0.01	0.440585255149181	0.927523714772055	GSM914446
0.0354488613812791	0.0111848689742994	0	0	0.318973443264303	0.0102596246745504	0	0.00560112358862218	0	0.446475807457312	0	0.172056270659634	0.01	0.443568048326939	0.902284471544045	GSM914447
0.025209443770313	0.0154507235441913	0	0	0.435751971176613	0	0	0.00626201767710848	0	0.0769250450789765	0.31412957063727	0.126271228115528	0.01	0.499921605586118	0.874516444765394	GSM914448
0	0.0906759929766618	0	0	0.139796421464996	0.0543441526015813	0	0	0.0432165171862686	0.451893962018798	0	0.220072953751695	0.01	0.455088612039526	0.891954950709624	GSM914449
0	0.0437812808184196	0.00507141019997858	0	0.447236722349861	0	0.0609566461398727	0	0	0.390974842468744	0	0.0519790980231239	0.02	0.333601594747036	0.973278740438768	GSM914450
0.0199691505678155	0.0194571983153015	0	0	0.493146489640227	0	0	0.00407814191328225	0	0.383537334414831	0.0296747273113617	0.0501369578371813	0.03	0.298671538274583	0.998978841858863	GSM914451
0	0.0550566770220671	0	0	0.447117438298782	0	0.038318083055082	0	0	0.417272500299648	0	0.0422353013244216	0.03	0.325006755261801	0.982248877813725	GSM914452
0	0.043297427364359	0	0	0.31832128050073	0	0.00326148826857701	0	0	0.55192559485781	0	0.0831942090085246	0.02	0.385424047804973	0.948613526899717	GSM914453
0	0.0419620995862314	0	0	0.298701799735696	0	0.000808103834551152	0.00212254095557438	0	0.598962627824628	0	0.0574428280633193	0.02	0.367545064988988	0.965764659303774	GSM914454
0.0193796301262596	0.00704161343474971	0	0	0.498165358033774	0	0.00132068061275228	0.00927779656266063	0	0.400207135075671	0	0.0646077861541333	0.03	0.328520115094552	0.975720776398594	GSM914455
0	0.0439206584828058	0.0208560032854518	0	0.380955312265987	0	0	0	0	0.510552888266355	0	0.0437151376994006	0.02	0.375613959210414	0.954386132392457	GSM914456
0.0225670424136255	0.013316163099101	0	0	0.60464953028296	0	0.00525736030922815	0.00496751492607059	0	0.307907155874727	0	0.0413352330942883	0.05	0.205523371331734	1.04752023858013	GSM914457
0.0141549427404355	0.0243898467310375	0	0	0.476487198766216	0	0.00657972487811553	0.00410338253236698	0	0.387440338915194	0	0.0868445654366348	0.01	0.401230966697555	0.930122388108794	GSM914458
0	0.0515040113182605	0	0	0.333760550416905	0.041313339480499	0.0188658444010106	0	0	0.533484922933302	0	0.021071331450022	0.01	0.408819463791603	0.934421158955671	GSM914459
0.0453108567643045	0	0	0	0.284335779546388	0	0	0.000990606203919544	0	0.52946393753616	0.0748832459535645	0.0650155739956635	0.01	0.440809889081107	0.922100440660106	GSM914460
0	0.0285477993161557	0	0	0.511991702014574	0	0	0	0	0.293173831143894	0.0715285730630295	0.0947580944623465	0.02	0.363147001782368	0.954360781932634	GSM914461
0.0358400953989674	0	0	0	0.586845965103281	0	0	0.00461370431103501	0	0.339014953197846	0	0.0336852819888706	0.04	0.258334316298961	1.02041066984843	GSM914462
0	0.0414207268016037	0	0	0.538889840287093	0	0.0715880228899079	0	0	0.341514036487602	0	0.00658737353379356	0.03	0.324454001647204	0.981301886066208	GSM914463
0.021344225519086	0.0112089685652146	0	0	0.487198089596456	0	0	0.0120603365351774	0	0.30720450907409	0.0631843215050962	0.0977995492048794	0.03	0.309900385770928	0.986374977911187	GSM914464
0.0161531951379289	0.011344335418148	0	0	0.439063494619194	0	0	0.00935280383067589	0	0.304674000972222	0.189875858185881	0.02953631183595	0.01	0.409804107562583	0.942058634925782	GSM914465
0	0.0694239333418723	0	0	0.240802798619052	0	0.00105388891948458	0	0	0.565889072953627	0	0.122830306165963	0.01	0.455365309800825	0.902015864548705	GSM914466
0.0158831551266676	0.0195111442502627	0	0	0.252787573296749	0	0	0	0	0.69027051725672	0	0.0215476100696012	0.01	0.482364323068136	0.895757642092716	GSM914467
0.00821669928843241	0.0395981467555003	0	0	0.544836546948604	0	0	0	0	0.236212876905383	0.114365718489638	0.0567700116124423	0.04	0.289414741624383	1.00717437393756	GSM914468
0	0.0303611492224211	0	0	0.622676191368305	0	0.00842128154948099	0	0	0.281117608938256	0.057423768921537	0	0.03	0.3286964165237	0.982664022054526	GSM914469
0	0.079016938430591	0	0	0.236055773987655	0	0.00645589077309245	0	0	0.609826239496246	0	0.0686451573124152	0.01	0.437707395337717	0.920328895334648	GSM914470
0	0.058251238297546	0	0	0.303133493559888	0	0	0	0	0.469636432878234	0.0668956605437706	0.102083174720561	0.01	0.508743841139737	0.865768702079502	GSM914471
0	0.045968578192199	0	0	0.434975817864641	0	0	0	0	0.419727291950566	0	0.0993283119925938	0.02	0.355418942554933	0.958976911466265	GSM914472
0.00765194225836322	0.0294557168460188	0	0	0.405314864255513	0	0	0	0	0.528776474523711	0	0.0288010021163944	0.02	0.379645064764418	0.954810897997707	GSM914473
0.0210504916460727	0.0194459576633346	0	0	0.476230365396171	0	0	0.00173034252504905	0	0.259335695782839	0.108522522382251	0.113684624604282	0.02	0.396375668597946	0.935866424978358	GSM914474
0.0394484055749853	0.00385817162456729	0	0	0.357210414864663	0	0	0	0	0.46551469706336	0.0416398110072583	0.0923284998651663	0.01	0.411129533603761	0.932153885372861	GSM914475
0	0.0336284451773208	0	0	0.427565535763757	0	0	0.0633556456099282	0	0.193295434884823	0	0.282154938564171	0.04	0.241772852024741	0.998167097300814	GSM914476
0	0.130335869054006	0	0	0.0217121855970353	0	0	0	0.0872998831545296	0.513405967187498	0	0.247246095006931	0.01	0.434637465804227	0.906764790169144	GSM914477
0.0252302674510855	0.0225654306388787	0	0	0.479205057977237	0	0	0.00394195565526349	0	0.221402437993692	0.126942099239469	0.120712751044375	0.02	0.36800936392721	0.9540435244675	GSM914478
0.0347716200775154	0.00434762183695905	0	0	0.514696830064976	0	0	0	0	0.267533242532755	0.178650685487795	0	0.02	0.375856593991654	0.967232031103534	GSM914479
0.00491063772909712	0.0466858981663615	0	0	0.429271605653988	0	0	0	0	0.428762645110097	0	0.090369213340457	0.02	0.355866761007698	0.960456956961528	GSM914480
0	0.0691986820777921	0	0	0.468430624469743	0	0.0183279926295888	0	0	0.307621699118694	0	0.136421001704183	0.03	0.292955799252931	0.991175756974751	GSM914481
0.00766858428292685	0.0268642500731028	0	0	0.247002757474647	0	0	0	0	0.633085027884471	0	0.085379380284853	0.01	0.468488163563629	0.89788678727433	GSM914482
0.0186745086137006	0.0165064234685544	0	0	0.342150420136729	0	0	0.00233240951703167	0	0.499148291168671	0.0474608686432714	0.0737270784520418	0.01	0.487278516819868	0.881866942445727	GSM914483
0.0204572797391182	0.0162459291840011	0	0	0.453483085974261	0	0	0.00272261678863622	0	0.262362269513288	0.160539491582835	0.0841893272178609	0.01	0.423495142283772	0.924327382130366	GSM914484
0	0.129092637851924	0	0	0.303237036398167	0	0	0	0.0342203127493869	0.457975615852243	0	0.0754743971482788	0.02	0.394648305562879	0.943066133122177	GSM914485
0	0.0685926905785874	0	0	0.461408813480386	0	0.0139206222899458	0	0	0.265028860908947	0.0632771028461113	0.127771909896022	0.01	0.412858670113935	0.923177492056201	GSM914486
0	0.126638844425439	0	0	0.146088705885057	0	0.0012106502440112	0	0	0.532388006160654	0	0.19367379328484	0.01	0.464453959265994	0.894649566105509	GSM914487
0.0121456187131093	0.0169882866903288	0	0	0.559446830048677	0	0	0.00598317196347649	0	0.251215172960485	0.0285976799035056	0.125623239720419	0.02	0.356930151361061	0.95210042637399	GSM914488
0.0103156197313146	0.0385597197951723	0	0	0.374349108429142	0	0	0	0	0.286671001043977	0.0938863247414806	0.196218226258914	0.01	0.41634849083925	0.918969206164463	GSM914489
0	0.0551230604158714	0	0	0.462406915671208	0	0	0	0	0.240704693976936	0.101534721364426	0.14023060857156	0.02	0.345419365304396	0.964804460056714	GSM914490
0.0299813580904086	0.0113778733186081	0	0	0.525179430061287	0	0	0.0020931529322136	0	0.353632895946852	0.0553324273840003	0.0224028622666312	0.02	0.339858767353095	0.978674372138905	GSM914491
0	0.0701992289479834	0	0	0.461826106925267	0.02817484880911	0.0351491177720126	0	0.0559251698093184	0.284516162359286	0.035015706816309	0.0291936585607132	0.03	0.293058656612187	0.994675456344662	GSM914492
0.0160450427883859	0.00967810798943763	0	0	0.58305454430814	0	0	0.0142151805184776	0	0.0703312595910189	0.169687370918458	0.136988493886082	0.02	0.345673035918652	0.962990398445914	GSM914493
0.00471435237077148	0.023658428092234	0	0	0.377972878000215	0	0	0.00541602717783583	0	0.263298938324323	0.163083351821746	0.161856024212875	0.01	0.506098696377695	0.863932165370284	GSM914494
0	0.0342460109260059	0	0	0.398400308522956	0	0	0	0	0.429000013135201	0.0105192669816405	0.127834400434197	0.01	0.472312662189323	0.884497051946073	GSM914495
0	0.0432575840577112	0	0	0.484912187708531	0	0.000727769005670348	0	0	0.24171074863768	0.183435676521617	0.0459560340687898	0.01	0.474878095223953	0.892172480683948	GSM914496
0.0209839115118401	0.0117140085202188	0	0	0.488879886049131	0	0	0.00559504001330565	0	0.29786244597824	0.169206091665448	0.00575861626181642	0.01	0.400745832930744	0.948327588616485	GSM914497
0	0.0418258208211767	0.0209205485142577	0	0.272589505726363	0.0435521990529767	0.0558108623328684	0	0	0.533510263183279	0	0.0317908003690781	0.02	0.379422265949606	0.95105437134272	GSM914498
0	0.0616417526261919	0	0	0.537017911622645	0	0.00045766489851431	0	0	0.0335939085222584	0.218811708805772	0.148477053524619	0.02	0.379845693376124	0.947960584221019	GSM914499
0	0.0461273491629586	0	0	0.465547852837261	0	0.092291538399619	0	0	0.295245284635748	0	0.100787974964413	0.04	0.285986267387705	0.993428959114965	GSM914500
0	0.0544397760215078	0	0	0.186617363700113	0	0	0.000513589832170886	0	0.661957376775711	0	0.0964718936704972	0.01	0.478450406077515	0.892379269240091	GSM914501
0.0328889605871201	0.00677349586734293	0	0	0.37181373398244	0	0	0.0051848414639054	0	0.351641299783774	0.152418379084672	0.079279289230746	0.01	0.451336850443576	0.909699042816051	GSM914502
0.00649360301217978	0.0223649692340086	0	0	0.487153489071955	0	0	0.00623373017461599	0	0.235372624436199	0.225439861767956	0.0169417223030845	0.01	0.412980982089117	0.940872763762172	GSM914503
0.00438983359288129	0.0208879022553632	0	0	0.42603634552064	0	0	0	0	0.361477639802099	0.0818791761994735	0.105329102629543	0.01	0.40058198076532	0.934079308414665	GSM914504
0	0.102989605362647	0	0	0.161985664429892	0	0.00399975650996185	0	0	0.664139234871278	0	0.0668857388262204	0.01	0.501178343608395	0.879098487492537	GSM914505
0	0.0440419771421951	0	0	0.377154700544329	0	0	0.00203882564358468	0	0.387369521496811	0.123705501453493	0.0656894737195876	0.01	0.520444497614016	0.858841479187962	GSM914506
0	0.0487314382334566	0	0	0.321721748910993	0	0	0	0	0.526221858626493	0	0.103324954229057	0.01	0.505675699431503	0.865527325553153	GSM914507
0.0045601373247674	0.0329473395340988	0	0	0.341286680705306	0	0.00405429873819041	0	0	0.413576556770766	0.150464348499533	0.0531106384273389	0	0.560034432982419	0.831721696221618	GSM914508
0.00412811419142748	0.0306081126059231	0	0	0.521561136245762	0	0	0	0	0.257965270091864	0.141180881842856	0.0445564850221675	0.03	0.326263638763464	0.987795759747665	GSM914509
0.0028548593072061	0.045860932019386	0	0	0.44775185505298	0	0.00258244865695254	0	0	0.149007347561397	0.276010949269668	0.0759316081324098	0.01	0.469485765643045	0.898873035486021	GSM914510
0	0.0457244657424225	0	0	0.311477852674596	0	0	0	0	0.512705058173981	0.105853572641808	0.0242390507671922	0.01	0.491161710328526	0.88783465995227	GSM914511
0.0274528702321118	0.00574136236449716	0	0	0.281884745740228	0	0	0	0	0.609310665455908	0	0.075610356207255	0.01	0.455353924569159	0.906845004265741	GSM914512
0.00593794439693216	0.0188811095215878	0	0	0.433404640748798	0	0.00681964722592018	0	0	0.250314671100892	0.106011753442279	0.17863023356359	0.01	0.441098365787158	0.902701446644557	GSM914513
0	0.0969372244545732	0	0	0.217936548198465	0	0.00664032794336967	0	0	0.592186549163079	0	0.086299350240513	0.01	0.511355731967196	0.866440659878002	GSM914514
0.0190614891977866	0.00236695350252485	0	0	0.460783082616855	0	0	0	0	0.332750005953584	0.174927444764857	0.0101110239643921	0.01	0.477190354297644	0.895644641583206	GSM914515
0.0234456002299531	0.0285296755635064	0	0	0.687135404666426	0	0	0	0.00225186192767938	0.13810014246499	0.103204113111952	0.0173332020354935	0.05	0.231469137930422	1.04594721216879	GSM914516
0	0.040174851089738	0	0	0.307859654460422	0	0.00844352507737871	0	0	0.489930543824356	0	0.153591425548105	0.01	0.481890297208699	0.87877693144405	GSM914517
0.00279964791301021	0.0309385966217963	0	0	0.446196173937127	0	0	0.00268267631471416	0	0.263363593904613	0.165397470828019	0.0886218404807203	0.01	0.42330411542719	0.923727033574593	GSM914518
0	0.0388286898286819	0	0	0.494495577043364	0	0	0	0	0.240949998888422	0.1750213601603	0.0507043740792331	0.01	0.425998676825251	0.924892838906065	GSM914519
0.0182159310492717	0.0220742146187721	0	0	0.42540959279084	0	0	0	0	0.213617859310988	0.237657303936665	0.0830250982934625	0.01	0.474890131096117	0.893854409465417	GSM914520
0.0123883329575316	0.0147454117376934	0	0	0.537554714946364	0	0	0.00604476554844409	0	0.355784922950531	0.0174774489231341	0.0560044029363015	0.03	0.313190702949233	0.985357804963105	GSM914521
0	0.0716392277214168	0.0377605308580747	0	0.167564690443728	0.0673936614619097	0.0475422018586471	0	0	0.484431001030821	0	0.123668686625403	0.01	0.430608578636923	0.911324738431878	GSM914522
0	0.0751791743405156	0	0	0.325610657770103	0	0	0	0	0.344990036666595	0.0895199390457784	0.164700192177008	0.01	0.501559465120885	0.866975292372551	GSM914523
0	0.0468123822134738	0	0	0.381786382042751	0	0	0	0	0.488082334979213	0.0351998261971526	0.0481190745674097	0.01	0.429880960664864	0.921410071262945	GSM914524
0.0207643919079953	0.00482213975378043	0	0	0.471683752846234	0	0	0.00311693548590585	0	0.359862614830035	0.107158719764736	0.0325914454113139	0.01	0.450629325185661	0.908079621273563	GSM914525
0.00362361071715077	0.0417482768029195	0	0	0.48318249797657	0	0	0	0	0.195352459372541	0.205306303931045	0.0707868511997741	0.02	0.377870973122714	0.957254056283451	GSM914526
0.0163795555307836	0.0196269085350764	0	0	0.548773931309642	0	0	0.00205399442770791	0	0.285240053189503	0.111602995762025	0.0163225612452616	0.03	0.308952633065344	1.00036255302689	GSM914527
0.0371249529517401	0.00852764759633626	0	0	0.326162810816921	0	0.000245281105552419	0	0	0.433844044815304	0.0752310068123789	0.118864255901767	0.01	0.474759759610359	0.888980150449282	GSM914528
0	0.0405258757318525	0	0	0.378499462801281	0	0	0.00368106700053866	0	0.3291661503236	0.174743039156765	0.0733844049859632	0	0.543760870768713	0.842156597969859	GSM914529
0	0.0445107574882494	0	0	0.412390075547714	0.0614150741416902	0.0671221465184709	0	0	0.391421727874285	0	0.0231402184295904	0.02	0.355550789557964	0.959192590770694	GSM914530
0.0326820779914474	0.00356577068350857	0	0	0.326169963017101	0	0	0.0013763008824602	0	0.576859727684641	0.0593461597408411	0	0.01	0.470405679287401	0.905334769422595	GSM914531
0.0151203318403522	0.0162744300711066	0	0	0.452678665794573	0	0	0.00540346996739624	0	0.257289015543298	0.190533004621902	0.062701082161371	0.01	0.440584731895352	0.916033110868232	GSM914532
0.0146324358693947	0.0163969006571698	0	0	0.500913742881329	0	0	0.0103984049920807	0	0.353215355711053	0	0.104443159888972	0.04	0.28504766827644	0.995685240054647	GSM914533
0.0264077457187514	0.012132979002767	0	0	0.465300275720667	0	0	0.00333416994892146	0	0.307166375453337	0.0787446876544997	0.106913766501056	0.02	0.36206695896276	0.957020593022242	GSM914534
0.00614860964128638	0.0426508534198205	0	0	0.567762739128811	0	0	0	0	0.279671584456815	0.0233624471493332	0.0804037662039343	0.04	0.243853043410551	1.02410399557671	GSM914535
0.0213377933420411	0.0102658010334982	0	0	0.450726901453104	0	0	0.0104689825337596	0	0.328739714334569	0.103635750171973	0.0748250571310552	0.01	0.399555755582428	0.937676360205788	GSM914536
0.0279418892808786	0.00410678076336742	0	0	0.296676291875961	0	0	0.00300991440613381	0	0.64465079719666	0	0.0236143264769989	0.01	0.421679159247887	0.936551322218745	GSM914537
0.0185705324638916	0.0140885143446338	0	0	0.483071830431937	0	0	0.00562112697834168	0	0.338195364058904	0.0792676790439307	0.0611849526783616	0.03	0.32451277716311	0.98445974661076	GSM914538
0.00162930790911096	0.0271508930095146	0	0	0.261288135300606	0.0825374259589258	0.0116185557508026	0	0.000482730669432343	0.504992538240771	0	0.110300413160837	0.02	0.355317750244725	0.957699730129213	GSM914539
0	0.0402998257828254	0	0	0.452541360253408	0	0.0628656129672906	0	0	0.36907016351872	0	0.0752230374777553	0.03	0.302117117111898	0.988654181955024	GSM914540
0.024083147029992	0.0120967991105153	0	0	0.365538785013894	0	0	0.00516068126858563	0	0.4873319354422	0.0453389308741212	0.0604497212606917	0.01	0.439804739982382	0.915061507366907	GSM914541
0.0152097518929054	0.0185186978209135	0	0	0.55172503123362	0	0.00323949263218112	0.00180897361872214	0	0.280742183146581	0.0996892107074437	0.0290666589476325	0.03	0.299814287926383	1.00258055529294	GSM914542
0.0206229498644069	0.0119229811274592	0	0	0.591077112528987	0	0	0.0121866214378775	0	0.150463389605823	0.118974094775872	0.094752850659575	0.04	0.265349318605037	1.01277482932137	GSM914543
0.00384375151750398	0.0283845028637345	0	0	0.599061235308225	0	0	0	0.00244692283911151	0.232447112621245	0.0722016211634939	0.0616148536866861	0.05	0.233769968456272	1.03222009080143	GSM914544
0.0158258548917615	0.0181234218125261	0	0	0.310999543889353	0	0	0	0	0.593772264691576	0.0612789147147828	0	0.01	0.519797067942397	0.867871900445015	GSM914545
0.0310183444620789	0.00469264901394712	0	0	0.295009133654374	0	0	0	0	0.540134561891877	0	0.129145310977723	0.01	0.426790863524079	0.919384885869557	GSM914546
0.0145024146931271	0.0214012622934928	0	0	0.449033015896283	0	0	0.00232779581146115	0	0.431831454395167	0	0.0809040569104684	0.02	0.332688535539603	0.974446125348468	GSM914547
0.00590478184370467	0.0578450401343678	0	0	0.226744608997005	0.0643800509397974	0	0	0.089307888579287	0.440372058289452	0	0.115445571216386	0.02	0.334486640164419	0.961601874347762	GSM914548
0	0.0593996513491875	0	0	0.464824085537694	0	0.00576281602235234	0	0	0.344052103121413	0	0.125961343969354	0.04	0.246485280617415	1.01832046084715	GSM914549
0.010009537849057	0.0226773318366895	0	0	0.379421240728636	0.0683226266177609	0.0246671428907222	0	0	0.417606544789695	0	0.0772955752874394	0.04	0.290330667985167	0.993869239785063	GSM914550
0.0160758865747135	0.0368312903472738	0.00607051498517689	0	0.23514949351176	0	0	0	0.0830703112748395	0.514530065000886	0	0.10827243830535	0.02	0.388990180457545	0.936716041708948	GSM914551
0.0121071882711051	0.0236483628281089	0	0	0.270369210435334	0.085894456383032	0.0154348306274295	0	0.00705948059018623	0.458927568183482	0	0.126558902681323	0.03	0.316066248399786	0.976818277134047	GSM914552
0	0.0284145072140863	0	0	0.674704907190113	0	0	0.0109288639042144	0	0.167861332488854	0.0286162521519582	0.089474137050774	0.05	0.22035107791713	1.03104260216486	GSM914553
0.0155869724333743	0.0423459416612899	0	0	0.337494995052384	0.000482963033944598	0	0	0.02447403239889	0.458745418629565	0	0.120869676790552	0.03	0.299128256735981	0.991978197777908	GSM914554
0	0.082227909227773	0	0	0.296088035311534	0.0543583137685639	0.0500675338938791	0	0.0755373517409914	0.370441934659008	0	0.0712789213982506	0.04	0.262500408193242	1.00482403066223	GSM914555
0.0273327164614016	0.0421062449992455	0	0	0.271974306769213	0.0125681114535065	0	0	0.0689223069700553	0.483828642689175	0	0.0932676706574023	0.05	0.229474622701441	1.03160224777569	GSM914556
0.0181499003481132	0.0213886001802994	0	0	0.405235352488711	0	0	0.000785419913242711	0	0.408919084009456	0	0.145521643060177	0.02	0.336722187141925	0.966721691333235	GSM914557
0	0.0742601891629924	0	0	0.393571259698718	0	0.00669110466272719	0	0	0.431221945937499	0	0.0942555005380634	0.03	0.306262615210953	0.992317303273952	GSM914558
0.0103569227919472	0.0359547690186087	0	0	0.282611385126541	0.0850154414832698	0.0103777222657876	0	0.0613051653603855	0.414103439974129	0	0.100275153979331	0.03	0.293665693408831	0.984120546983413	GSM914559
0	0.0892194870347358	0	0	0.532912767157687	0	0.0114230930486691	0	0.0484161093378011	0.26673502603139	0	0.0512935173897176	0.05	0.214472833601317	1.04192319885694	GSM914560
0.025258503910516	0.0027325407584084	0	0	0.470067524459838	0.0289548309010005	0.012809163869548	0	0	0.426121366264126	0	0.0340560698365635	0.05	0.213932532412822	1.04606056061184	GSM914561
0.0287095539407027	0	0	0	0.241794132777416	0.0270939451178008	0.00434164375663099	0	0	0.60555098051074	0	0.0925097438967095	0.02	0.338299001163968	0.982605174007388	GSM914562
0.0243002335142632	0.0059740392056561	0	0	0.363562118463342	0.0267302069283294	0	0	0.00476587832792085	0.560414735984508	0	0.0142527875759809	0.04	0.264973446398493	1.02976167269209	GSM914563
0	0.038538187833348	0	0	0.425311936011159	0	0.0243312637507339	0	0	0.42066378311228	0	0.0911548292924792	0.04	0.278372501020655	1.00401201612185	GSM914564
0	0.0448805814604613	0	0	0.424900263104072	0	0.0144048010570843	0	0	0.333065274909132	0	0.18274907946925	0.04	0.257887943267209	1.00443086723076	GSM914565
0	0.0374578310495998	0	0	0.636017638633002	0	0.00165993910055878	0	0	0.228121925682951	0	0.0967426655338887	0.04	0.267111914360361	1.00506153081124	GSM914566
0	0.0726489051286644	0	0	0.207761697920359	0	0.000184924649981367	0	0	0.630647023252157	0	0.0887574490488384	0.02	0.357667971872291	0.974832711029851	GSM914567
0.00526686867231966	0.0426664415080035	0	0	0.276588837766541	0.0421491018670166	0.0361994292315278	0	0	0.532536314200005	0	0.0645930067545856	0.04	0.282629045293647	1.01025893766265	GSM914568
0	0.0739669786045068	0	0	0.31036307445751	0	0.00385352530156576	0	0	0.532298699478089	0	0.0795177221583284	0.03	0.304418441882032	1.00112740675046	GSM914569
0	0.0283985935491144	0	0	0.316774208479142	0.011297904758724	0.0221601092841386	0	0	0.482848479949694	0	0.138520703979187	0.03	0.315888875541039	0.981315531152417	GSM914570
0.0217484155840638	0.00579636834927533	0	0	0.369848879533882	0	0	0.00280540016271205	0	0.532138280121143	0	0.0676626562489236	0.02	0.342441836007183	0.975998834760902	GSM914571
0.00458304309607044	0.028286086730668	0.0252952590454543	0	0.237147287275046	0.0333490780378996	0.0215311991175858	0	0	0.624926781266094	0	0.0248812654311812	0.01	0.409268194802415	0.938957286446765	GSM914572
0.0077491343310135	0.0482629635059311	0.000197668798863823	0	0.229955766763004	0.0457212329041089	0	0	0.049755395422625	0.565203959419553	0	0.0531538788549016	0.02	0.378242279613095	0.950281039877209	GSM914573
0	0.0821138423231562	0	0	0.304574762126613	0.0537978994744439	0.0277430355998552	0	0.0921217421876745	0.316467401022681	0	0.123181317265576	0.04	0.260874581967786	0.998070290308706	GSM914574
0.00956370538450195	0.0255635666407825	0	0	0.397476801786243	0.032731906883098	0.0481734176272095	0	0	0.433788199743945	0	0.0527024019342201	0.04	0.267841709411482	1.01212454852042	GSM914575
0.0182566952874452	0.00787146474376998	0	0	0.111501765008356	0.0737727701321189	0.00193753898270202	0	0	0.567843967582763	0	0.218815798262845	0.02	0.384790322410995	0.941193973554285	GSM914576
0	0.0650212799533205	0	0	0.2179258102608	0.00571099929997669	0	0	0	0.538583383551203	0	0.1727585269347	0.01	0.418270516110204	0.92253761697749	GSM914577
0.0247153159780948	0	0	0	0.221879312718932	0	0	0.00826285821602704	0	0.657408958112561	0	0.0877335549743855	0.01	0.464921360401142	0.902480962142545	GSM914578
0.00925701329426155	0.033163869121148	0	0	0.272312053933276	0.047632653774856	0.0188677614372769	0	0.0111986048439339	0.531488299412273	0	0.0760797441829747	0.03	0.32950360063868	0.979232591467622	GSM914579
0	0.0528462518337931	0	0	0.152832524980607	0	0.00688571869625845	0	0	0.50976926086368	0	0.277666243625661	0.01	0.521820098876214	0.851112368235566	GSM914580
0	0.0774116305302215	0	0	0.390995954721539	0	0.0347399946013169	0	0.0446750946137929	0.317182807669071	0	0.134994517864058	0.05	0.204682973471503	1.03478676448499	GSM914581
0	0.101791212877687	0	0	0.311099052675196	0	0.0211281221931454	0	0.121362172237613	0.333105201247977	0	0.111514238768381	0.05	0.208855126513945	1.02961926028697	GSM914582
0	0.0745119991095629	0.00398749101220205	0	0.0292817591296284	0.0817883709274402	0.00320690496249335	0	0.0683995964824851	0.649918561064742	0	0.0889053173114463	0.01	0.507008687728618	0.865502069824806	GSM914583
0	0.0759220323389154	0	0	0.350029526804244	0	0.00462461043460039	0	0.0812260080951392	0.381842100509385	0	0.106355721817716	0.04	0.290131265075556	0.989093162524818	GSM914584
0	0.0502157669304415	0	0	0.365880234547224	0	0.00526069479208091	0	0	0.425538593125149	0	0.153104710605104	0.02	0.356544818058024	0.955194374709265	GSM914585
0	0.0573303742652705	0	0	0.137899686101554	0.0241974317573535	0	0	0.00160447977317731	0.631352276707786	0	0.147615751394858	0.01	0.415513975065293	0.930734470386831	GSM914586
0.0079283986268611	0.0318985941846776	0	0	0.247750034294548	0.0163156601135945	0	0	0.00371728856564079	0.563983290749675	0	0.128406733465004	0.01	0.399915645436501	0.936655219816841	GSM914587
0	0.079876967334519	0	0	0.116461355075435	0.0139332107313093	0	0	0.0544764437075501	0.563375095583291	0	0.171876927567896	0.01	0.449567753479775	0.90058456729108	GSM914588
0	0.0912265447877684	0	0	0.373513605636076	0.0621362791982825	0.051030792578482	0	0.0663025065979255	0.259719384412191	0	0.0960708867892743	0.05	0.216054412653311	1.02755257202055	GSM914589
0	0.056719537568347	0	0	0.197130057874833	0.10540557275142	0.0672345744960808	0	0	0.494472844282921	0	0.0790374130263995	0.01	0.41879354580571	0.91965954095903	GSM914590
0	0.0697003772218027	0.0299111785562563	0	0	0.109401122616678	0.00627904076158551	0	0.0493958072239905	0.634531948625403	0	0.100780524994284	0.01	0.465770656433164	0.892387757331669	GSM914591
0	0.0694031819298187	0	0	0.303837633192345	0.0604067206671311	0	0	0.123929973721166	0.36028233342204	0	0.0821401570674992	0.04	0.275866746807414	0.98982527290601	GSM914592
0	0.090450793826769	0	0	0.168890018783648	0.034027342670608	0	0	0.0188990485207761	0.508444099359029	0	0.179288696839171	0.02	0.345486144335743	0.96460564368731	GSM914593
0	0.084985049522071	0	0	0.271459101999661	0	0.0126950707900596	0	0	0.436646309376573	0	0.194214468311635	0.02	0.36621233244284	0.950118371460139	GSM914594
0.0207397278117136	0.0174582087732141	0	0	0.370054696828146	0	0	0	0	0.501339783502192	0	0.0904075830847346	0.01	0.464522539516566	0.893632791855206	GSM914595
0	0.0719429694220811	0	0	0.38320844837596	0.0236965847314108	0	0	0.0288642811317057	0.427411872852264	0	0.064875843486579	0.03	0.299514581539156	0.993722779263465	GSM914596
0	0.075139817712073	0	0	0.305729035098607	0	0.009767996603193	0	0	0.421889277239197	0	0.18747387334693	0.02	0.354808827247644	0.955907988414076	GSM914597
0	0.0622374173042243	0	0	0.28269151029419	0.0730748711459893	0.00162446576833506	0	0.0889904599560542	0.401645858941059	0	0.0897354165901483	0.03	0.308450629017717	0.975236679842251	GSM914598
0	0.0719100821756621	0	0	0.195574397069905	0.0211914784703548	0	0	0.0335770845275543	0.486518617568598	0	0.191228340187926	0.02	0.383149588695564	0.938190208584966	GSM914599
0.00301913337677089	0.0469365209498536	0	0	0.23499308657947	0.067541989114976	0	0	0.077357331614324	0.418940105781271	0	0.151211832583334	0.02	0.350850806226495	0.949656114874774	GSM914600
0.0402657901599973	0.0114310902044456	0	0	0.141551099575582	0.0358720855855052	0	0	0.0532959044011017	0.596621361509191	0	0.120962668564177	0.01	0.490708352841779	0.876039551838074	GSM914601
0.0240797008538739	0.0198804746776493	0	0	0.400560837860711	0	0	0	0	0.445383942551038	0	0.110095044056728	0.02	0.355451814155442	0.960354252354015	GSM914602
0.0175483965308204	0.0357036925646615	0	0	0.424889413129394	0	0	0	0	0.358640096702315	0	0.163218401072808	0.03	0.313132341617231	0.97826645598085	GSM914603
0.000247677606698172	0.0419045494514147	0.0179325735937009	0	0.242974582153103	0.0695188527482086	0.0141738421513616	0	0.0134981537789815	0.489687196558825	0	0.110062571957707	0.01	0.413360650226625	0.921019477099993	GSM914604
0	0.100540562941633	0.0436755712528997	0	0.0784610409294668	0.0632210525126002	0.0714881759086479	0	0	0.512212233476448	0	0.130401362978304	0.01	0.401955749439813	0.932526807523646	GSM914605
0.0149617401769938	0.0279334835861775	0	0	0.445388526771687	0	0	0	0	0.344474434199598	0.052677645947976	0.114564169317567	0.02	0.357254113312586	0.958631575037024	GSM914606
0	0.0470979077561787	0.0161290950240211	0	0.234981481086576	0.0761569562285891	0.0348152216605242	0	0	0.491073526624478	0	0.0997458116196335	0.01	0.41840516803162	0.919113100444058	GSM914607
0.0140972843859674	0.0489786841703755	0	0	0.169530708446717	0.0947136592292104	0	0	0.0990732678526609	0.496660394996604	0	0.0769460009184643	0.02	0.337498073105794	0.963255714483991	GSM914608
0.000735389301039034	0.0353411415803343	0	0	0.540337375193306	0	0	0	0	0.35453646804389	0	0.0690496258814302	0.03	0.294609663816475	0.994231282898317	GSM914609
0	0.169292957601522	0	0	0.151960315453219	0.0289192315831029	0.0174378183477542	0	0.0481852178088818	0.273046185401246	0	0.311158273804275	0.02	0.357314125830309	0.95119747900386	GSM914610
0	0.0565304693001328	0	0	0.265451460810222	0.145798763327303	0.0411716928938	0	0.0535689254384794	0.354579410791112	0	0.0828992774389504	0.02	0.375319563094989	0.936184484474336	GSM914611
0	0.0813138112097311	0	0	0.253734861070998	0.075099497344522	0.0231338342767009	0	0.0883302341750654	0.368857285320863	0	0.10953047660212	0.04	0.291969325526294	0.983299333184987	GSM914612
0	0.0683720416591092	0	0	0.309953755842549	0.0491061847725085	0.0260645829093724	0	0.0576634066490874	0.325925573827228	0	0.162914454340145	0.04	0.289889351832883	0.982064548185483	GSM914613
0.00921262822834348	0.031011830159074	0	0	0.112669204169881	0.00612607765194178	0	0	0.00857227996448452	0.718063213262127	0	0.114344766564149	0	0.550352561767367	0.840397852041702	GSM914614
0.0307511352594495	0.0213468211834396	0	0	0.396368578534226	0	0	0.00366283429471101	0	0.319995383355183	0.165513207462312	0.0623620399106799	0.01	0.477182337514498	0.892549417518168	GSM914615
0	0.0607890553547297	0	0	0.335086041928672	0.00277673717328994	0.0191699750581361	0	0	0.357577013361773	0	0.2246011771234	0.04	0.285255896137914	0.988952245554156	GSM914616
0	0.0734647717680283	0	0	0.291124294330906	0.0480774610200843	0.0292332906763709	0	0.014534740937457	0.333115570388166	0	0.210449870878988	0.02	0.337301111053073	0.958100018536587	GSM914617
0	0.0683559985947816	0	0	0.299817786732053	0.0509746438796347	0.0288057478175722	0	0.0551348985314059	0.372145284974851	0	0.124765639469702	0.02	0.345139957930563	0.955566310991509	GSM914618
0	0.0755286374427222	0	0	0.42881728022873	0.0205121092204955	0.0379814215552883	0	0.0411409880105915	0.382676128649929	0	0.0133434348922432	0.03	0.322691482517585	0.981619814044447	GSM914619
0	0.0213419497896387	0	0	0.250860294445766	0.115954852255277	0	0	0.0321195043080451	0.425581137390222	0	0.154142261811052	0.03	0.294072465046343	0.980898724624863	GSM914620
0	0.0821872303592359	0	0	0.380366857899644	0.0209696410996245	0.0163021636996611	0	0.083424621131354	0.270702537124863	0	0.146046948685618	0.04	0.244709940961334	1.00680293128437	GSM914621
0	0.0680164174993746	0	0	0.269266951522549	0.053698726991223	0.0428776399952261	0	0.0353951243381026	0.438825888010806	0	0.091919251642718	0.04	0.291160591495745	0.992890562769725	GSM914622
0	0.0783716977952374	0	0	0.323502332314364	0.0425146499981343	0.00816270833782239	0	0.104482210088574	0.339529698228732	0	0.103436703237136	0.02	0.33663889077831	0.958314467398479	GSM914623
0	0.0552987911252023	0	0	0.222668598714681	0.0443659109575094	0.00708326634033926	0	0	0.556809899330899	0	0.113773533531369	0.02	0.334988405755522	0.977121102310308	GSM914624
0	0.0884613296558924	0	0	0.340981479718746	0.0511903737212847	0.0209302377075861	0	0.126538630115976	0.307374811844967	0	0.0645231372355475	0.04	0.271174701300068	0.994959238838267	GSM914625
0	0.0568512675653091	0	0	0.203856814267958	0.0392058670623497	0	0	0.0140288434092976	0.582483935217528	0	0.103573272477558	0.01	0.40259154435782	0.935966904068645	GSM914626
0	0.0494355595988264	0	0	0.269894394881856	0.0779770576052331	0.00507892871843526	0	0.0596209512953786	0.457480457975751	0	0.0805126499245195	0.03	0.302669565870445	0.983274491287356	GSM914627
0	0.027544665925787	0	0	0.486512561353696	0.00662760196889454	0.0203817225009941	0.00139742210225041	0	0.3728862914876	0	0.0846497346607777	0.04	0.261574299112714	1.01011697654789	GSM914628
0.0258475508197986	0.030231126363864	0.00219415869201614	0	0.201499189721875	0.0907135468635236	0.00680262390125804	0	0.0408954529218193	0.518925613688067	0	0.0828907370277785	0.03	0.319888286203666	0.979959251499386	GSM914629
0	0.0790488806965078	0.0136320136085342	0	0.122243953458387	0.0572883894236839	0.039573388595782	0	0	0.585158957992342	0	0.103054416224763	0.01	0.431406543573019	0.917924392239626	GSM914630
0.027530220853393	0.00863021492040826	0	0	0.502764184345752	0	0	0.00287807091230337	0	0.431956082348243	0	0.0262412266198999	0.03	0.297679707168925	1.00158672564676	GSM914631
0	0.0409347323476631	0	0	0.413985366875886	0	0	0	0	0.425395231486313	0	0.119684669290138	0.05	0.213582459965986	1.03916588019729	GSM914632
0.00432831856176978	0.0490695175546765	0	0	0.355023774901965	0.0228657291739255	0.0353962904208889	0	0.0360763727612954	0.497239996625479	0	0	0.02	0.345459687040574	0.972399340654964	GSM914633
0.027507642680339	0.00928519042775061	0	0	0.526485480932855	0	0	0.00327758210917438	0	0.35824625877885	0.0302666785497032	0.0449311665213278	0.04	0.26088305104393	1.02113211470659	GSM914634
0.0243880427745405	0.0161279002723349	0	0	0.421335543433213	0	0	0	0	0.464113544548313	0	0.0740349689715987	0.04	0.267059001272738	1.01746739691143	GSM914635
0	0.0423374784392209	0	0	0.150654662057525	0.0899826248656233	0.0389085745809661	0	0	0.54148738703456	0	0.136629273022105	0.01	0.409031897890462	0.92575574251526	GSM914636
0	0.0306239824381856	0	0	0.588228637517044	0	0	0.0150466611075481	0	0.317573168833145	0	0.0485275501040766	0.04	0.251052614215972	1.01833365337858	GSM914637
0	0.0561982566071352	0	0	0.305992336833248	0	0	0	0	0.565450700421418	0	0.0723587061381993	0.03	0.30654166596401	1.00172148067826	GSM914638
0	0.0469473121159638	0	0	0.21467126966759	0	0	0	0	0.629877390604999	0	0.108504027611447	0.03	0.296704658577053	1.01121660151851	GSM914639
0	0.0341923308801629	0	0	0.297264791298823	0	0	0.00808495870502288	0	0.550996288548621	0	0.109461630567369	0.02	0.351845608407458	0.967380864255759	GSM914640
0.0162816550629933	0.0170165879476821	0	0	0.430126028314337	0	0	0.00829962335968628	0	0.442327522346402	0	0.0859485829688993	0.03	0.315297146488829	0.984501057361868	GSM914641
0.0168687847634546	0.023837885258469	0	0	0.556631308082356	0	0	0.00233907050009498	0	0.299148702766723	0	0.101174248628902	0.04	0.253548597958368	1.01404414852685	GSM914642
0	0.0323127452767161	0.0382169715136288	0	0.253408070066425	0.0310999608205563	0.0595246910778946	0	0	0.550353210737675	0	0.0350843505071039	0.02	0.396274066008891	0.940527136933645	GSM914643
0.0216391726653308	0.0201692893845801	0	0	0.266229490399468	0	0	0	0	0.587554497059823	0	0.104407550490798	0.02	0.343020779056684	0.978718300311387	GSM914644
0.0229772621775955	0.0182788508036602	0	0	0.562691680383566	0	0	0.00944825279108666	0	0.329955777584758	0	0.0566481762593331	0.04	0.237534424456948	1.02875035072024	GSM914645
0	0.0423437399137234	0	0	0.264058602703374	0	0	0	0	0.629527837273941	0	0.0640698201089618	0.01	0.47584616172724	0.893201204628691	GSM914646
0.0276580000997184	0.010031643291133	0	0	0.4486460359494	0	0	0.0106041708969368	0	0.423541550207593	0	0.0795185995552189	0.03	0.32925592361581	0.976459501503236	GSM914647
0	0.0648319965026217	0	0	0.604346730965832	0	0.049331089115437	0	0	0.247585743684203	0	0.0339044397319067	0.04	0.252591894892814	1.02374071766787	GSM914648
0.0260642072229498	0.00238818463510301	0	0	0.192320422447257	0.00891018367422006	0	0.00142158382592566	0	0.635964442387373	0	0.132930975807171	0.01	0.438767755208545	0.917315624959484	GSM914649
0.0315613257473454	0.011663399406251	0	0	0.509060994974086	0	0	0.00171938186715926	0	0.367017998614518	0	0.0789768993906405	0.02	0.331457973465952	0.97417346506549	GSM914650
0.0166123612240441	0.026801623285659	0	0	0.255858167217372	0.0161154213805249	0.00191217596442077	0	0	0.582339020005667	0	0.100361230922312	0.02	0.338843104751922	0.979878381633456	GSM914651
0	0.0738528155148783	0	0	0.374174723338888	0	0.0324462999938388	0	0.0726130932168241	0.383796145368582	0	0.0631169225669888	0.04	0.262335315791442	1.00892026063319	GSM914652
0	0.0367189807899619	0	0	0.51177018291935	0.0171130873620701	0.0384615539555761	0	0.00535933487901741	0.366100082898495	0	0.0244767771955295	0.04	0.279988706479463	1.00479214877225	GSM914653
0	0.0555506353734861	0	0	0.38764422317499	0.0557802553153487	0.0639426422065941	0	0	0.378735338937317	0	0.0583469049922631	0.03	0.325623749384956	0.975158494059579	GSM914654
0.0312773524332318	0.00529457017110041	0	0	0.479697864260289	0	0.008452607960796	0	0	0.421087745828661	0	0.0541898593459218	0.03	0.30735399751913	0.992535604621014	GSM914655
0	0.0522264227439335	0	0	0.234088654987339	0	0	0	0	0.626612341021309	0	0.0870725812474191	0.02	0.376931821756017	0.960644993111189	GSM914656
0.0230638509086231	0.00725510708844722	0	0	0.62560926354259	0	0	0.00855213750183556	0	0.190574707764107	0.0607586198980331	0.0841863132963637	0.04	0.243234766054615	1.02279064228968	GSM914657
0.0292237736402003	0.00390167334620428	0	0	0.287583473671397	0	0	0.00541373950341879	0	0.578614747834542	0	0.0952625920042372	0.01	0.501142409048871	0.871387540586405	GSM914658
0	0.0541341611244174	0	0	0.448074351043079	0	0	0	0	0.392466378987455	0.0113986005771165	0.0939265082679326	0.02	0.361121383338769	0.956494255766382	GSM914659
0.0133098310290355	0.0295774424476364	0	0	0.534615403906036	0	0	0	0	0.369141084011496	0	0.0533562386057964	0.05	0.219396411878164	1.04139232666674	GSM914660
0	0.0183993820748572	0.018303239282528	0	0.454911792519554	0.0291142353961847	0.0488029315777343	0	0	0.252303150086977	0.00999359242230454	0.16817167663986	0.04	0.25599918485625	0.999188067847019	GSM914661
0	0.0621164388311508	0	0	0.45435286249294	0.0348607446243808	0.0371689918504732	0	0.0488092491781163	0.295078971395019	0	0.0676127416279193	0.04	0.271736095814454	0.999801473961494	GSM914662
0.018584736147765	0.0203956150276192	0	0	0.375308171139645	0	0	0	0	0.530992030175517	0	0.0547194475094531	0.02	0.391089075709244	0.946171649755227	GSM914663
0	0.0543972554281348	0	0	0.141750247077558	0	0.00329858951274038	0	0	0.6653684519244	0	0.135185456057167	0.01	0.470162377762478	0.897055152767555	GSM914664
0.015483440452019	0.0218684504638078	0	0	0.578653503995551	0	0.00440990113111929	0	0	0.288174431796075	0	0.0914102721614274	0.05	0.233362628145172	1.02557674262097	GSM914665
0.0389272357745309	0	0	0	0.350491617729155	0	0	0.00336092012752259	0	0.540168546479458	0	0.0670516798893337	0.01	0.400165924727534	0.940816582565602	GSM914666
0.00848627148225925	0.0284056060758366	0	0	0.571145214646284	0	0	0.00549676949964286	0	0.27339952105257	0.00583080417658021	0.107235813066826	0.04	0.248003563481984	1.01515866094943	GSM914667
0.0146220164983302	0.018857163755681	0	0	0.401013195491492	0.0153504016940424	0.00195612037710643	0	0	0.461490342711151	0	0.0867107594721963	0.02	0.35139375019745	0.963316489495565	GSM914668
0.00515014627740472	0.0458271738854547	0	0	0.48309178505104	0.0197282179502807	0.0607736894709986	0	0	0.345366698784922	0	0.0400622885798998	0.03	0.319840992199971	0.981083859085241	GSM914669
0.00230194040578963	0.0375026902100458	0	0	0.267217075521755	0.0861315878216159	0	0	0.057581735872176	0.465735828986991	0	0.0835291411816261	0.03	0.325791146647014	0.969735292944663	GSM914670
0	0.0702383191765587	0	0	0.35044277433015	0.0414698950614762	0.0627046980283512	0	0	0.43220739787166	0	0.0429369155318036	0.04	0.284919757430767	1.00581201888931	GSM914671
0.00644095867908235	0.0273016986450456	0.012232504525683	0	0.270439487336324	0.0427682014100054	0.0265449190289097	0	0	0.573198786456281	0	0.0410734439186691	0.01	0.420103930102409	0.926815897247587	GSM914672
0	0.0416436151546007	0	0	0.544336540234107	0	0.00769411473305555	0	0	0.343159373385011	0.0380169749446127	0.0251493815486132	0.04	0.275779064724769	1.01367118205261	GSM914673
0	0.0432929928998302	0	0	0.535326797998583	0	0	0	0	0.377163339317216	0	0.0442168697843706	0.03	0.294297341329893	0.998591994976874	GSM914674
0.0154214208701768	0.0321442929597536	0	0	0.355045326931003	0.0590453705278804	0.0101409021172098	0	0.0500539445872382	0.432620895101684	0	0.0455278469050543	0.03	0.299899062989724	0.98867976908784	GSM914675
0	0.0564211313216876	0	0	0.467729629271829	0.0149624647462065	0.0326357231963233	0	0.0442925116155356	0.359473695071754	0	0.0244848447766632	0.04	0.264921341280436	1.01092989808153	GSM914676
0	0.0460247460889394	0	0	0.492021077843585	0.0126658601066749	0.0658399686289884	0	0	0.305907172315838	0	0.0775411750159739	0.04	0.287533857857892	0.994614066551982	GSM914677
0.0209500022263944	0.0162623078353618	0	0	0.472319150336673	0	0	0.00668590606622132	0	0.260603360205211	0.101891768571988	0.12128750475815	0.03	0.316143382390772	0.983326905037135	GSM914678
0.037068415873705	0.00744744687537784	0	0	0.346063694504362	0.00858662909107518	0	0	0	0.548746008625121	0.0170026777611338	0.0350851272692256	0.02	0.388752466746509	0.95340552481356	GSM914679
0	0.0854241682309626	0	0	0.53761210665061	0	0.0315259752882833	0	0.0368281991744681	0.263589832289966	0	0.0450197183657097	0.05	0.219990838101091	1.03991249545649	GSM914680
0.00442338818171683	0.0135791934641874	0	0	0.539152761216077	0	0.00108327402845446	0.00673780882575471	0	0.35144170832769	0	0.0835818659561198	0.02	0.349033002880144	0.95893784929443	GSM914681
0	0.0515408453817032	0	0	0.350730366854869	0.0539808841134546	0.078938768802741	0	0	0.4068260431552	0	0.0579830916920319	0.02	0.382715711153731	0.941409170100603	GSM914682
0.0006627211406964	0.0285466415921825	0.02923084048379	0	0.185645883011586	0.0882931928382134	0.0191812122691749	0	0.00243640862602555	0.543468573887192	0	0.102534526151139	0.02	0.374313767648237	0.947640611381306	GSM914683
0	0.0524017519763788	0	0	0.365472115279019	0.0408170483692236	0.0650977819212669	0	0	0.39076958072863	0	0.0854417217254813	0.03	0.299766904704522	0.988823455685112	GSM914684
0.0267043476359115	0.007015378820887	0	0	0.407587850223748	0	0	0	0	0.558014303201769	0	0.000678120117684188	0.02	0.35336428951517	0.977706024692577	GSM914685
0	0.060205505483997	0	0	0.413728872690225	0	0	0	0	0.384932872567089	0.0538833888229719	0.0872493604357172	0.03	0.31875875134511	0.987319766061575	GSM914686
0.0146286931054912	0.0189154668735941	0	0	0.22484884087576	0	0	0	0	0.694040761957453	0	0.0475662371877025	0.01	0.429023263159885	0.934016792067477	GSM914687
0.0216519889305189	0.00888172105124365	0	0	0.492300195978071	0	0.00934090034564066	0	0	0.426723210895885	0	0.0411019827986413	0.02	0.384174650594853	0.945393664013544	GSM914688
0.0150024076335751	0.0137458788500117	0	0	0.420038654137439	0	0	0.00713020293892185	0	0.389943002019279	0.112224217760656	0.0419156366601183	0.01	0.457976974617673	0.903962730641387	GSM914689
0.0252709054640931	0.00599057615484843	0	0	0.479641072791913	0	0	0.00660300686067083	0	0.317149966483263	0.164600895865273	0.000743576379939751	0.01	0.478259349432293	0.894069541340326	GSM914690
0.0113438872251247	0.02829217391686	0	0	0.500200073380679	0	0	0	0.00483335941128948	0.421662357820133	0	0.0336681482459146	0.03	0.310266477292567	0.991584785726019	GSM914691
0.0251758714206799	0.00767832404585513	0	0	0.550069312278443	0	0	0.00848235690424697	0	0.259282520145802	0.0503902703184637	0.0989213448865092	0.03	0.32839882009218	0.973171498046096	GSM914692
0.0263522476684937	0.0136218496767457	0	0	0.489176920983224	0	0	0	0	0.437205110593102	0	0.0336438710784352	0.02	0.356211540299148	0.965401241706411	GSM914693
0.026876452346463	0.0192405813163025	0	0	0.485200431210215	0	0	6.15998886339544e-05	0	0.287013366955019	0.0951741508538411	0.0864334174295251	0.03	0.314891546809164	0.989429740811281	GSM914694
0.0157838904132169	0.0127960327451698	0	0	0.484876469297804	0	0	0.00539197214189517	0	0.284360420486081	0.064195595059952	0.132595619855882	0.02	0.341895180045672	0.963803837103464	GSM914695
0.0302988084468175	0.00577268855837288	0	0	0.317810498192781	0	0.00428197114179016	0	0	0.53214350576893	0	0.109692527891308	0.02	0.390014361191604	0.943791371937687	GSM914696
0	0.0385473485246687	0	0	0.398737792413964	0	0.010297948585931	0	0	0.460547943631782	0	0.0918689668436546	0.01	0.445928231903752	0.903522055615239	GSM914697
0	0.0498255923891568	0	0	0.418330276187714	0.0583656438086467	0.0529497186623918	0	0	0.396796346520086	0	0.0237324224320046	0.03	0.328462239579404	0.976648707475919	GSM914698
0.0346187268078722	0.00990727338536054	0	0	0.427597711024529	0	0	0.00363035275327479	0	0.39963304695795	0.046712485075376	0.0779004039956376	0.02	0.364017248441773	0.960096247638741	GSM914699
0	0.0741768740472928	0	0	0.554020411725876	0	0.00881632354188754	0	0	0.310232619500726	0	0.0527537711842176	0.04	0.244236920923513	1.02987900277277	GSM914700
0.0149537681146504	0.0106239092862496	0	0	0.550852895923157	0	0.00912755652113825	0	0	0.372651658491988	0	0.0417902116628161	0.03	0.314900900291069	0.984936829665155	GSM914701
0.0128109189625022	0.0270583593079485	0	0	0.528220702181981	0	0	0.00521933740025769	0	0.208457925315948	0.115721869636236	0.102510887195128	0.04	0.278267619684238	1.00677726561173	GSM914702
0.00795115029429264	0.0132347526845773	0	0	0.498520106344385	0	0.00412871325159817	0.00685778392503117	0	0.355447755568987	0	0.113859737931129	0.02	0.360839654953962	0.950334418368521	GSM914703
0.0210484826426541	0.0145573857512129	0	0	0.414999473092749	0.000328467304758007	0.00610793095223997	0.000596953765079246	0	0.45267139476912	0	0.0896899117221871	0.03	0.312865566535028	0.987136727304315	GSM914704
0.0269965523563979	0.00992334843560573	0	0	0.383961831347159	0	0	0.00422606767178261	0	0.467814554723694	0.0620343011061224	0.0450433443592388	0.01	0.429104403232772	0.924217340188177	GSM914705
0.0112867375145644	0.0308664094190538	0	0	0.48220959513548	0	0.00144617256624724	0	0	0.450593933810034	0	0.0235971515546212	0.03	0.312277623215438	0.993771367285986	GSM914706
0	0.0450897667113993	0	0	0.227293977292857	0	0.00635254300180624	0	0	0.708567489158431	0	0.0126962238355067	0.01	0.422969115258829	0.941644189970551	GSM914707
0.0248532487881337	0.0292558234005751	0	0	0.164587692689375	0.0375492470408727	0	0	0.0249831954538767	0.662711461629054	0	0.0560593309981126	0.02	0.376174197365626	0.96362069609928	GSM914708
0.0171642261264856	0.0080510866806758	0	0	0.465855203603796	0	0.00425868120418879	0.000773577903255207	0	0.425444740945229	0.0784524835363694	0	0.01	0.419804283088032	0.932220410858436	GSM914709
0.0315620464410964	0.00325890829490685	0	0	0.347906234108418	0	0	0.00286628839480165	0	0.451393124355309	0.0853038357175812	0.0777095626878874	0.01	0.501227048538139	0.872878937259809	GSM914710
0.0146867952245615	0.0225999903994401	0	0	0.523219330656731	0	0	0	0.0277525648039029	0.389650654899676	0	0.0220906640156883	0.03	0.306019871792864	0.99085298742145	GSM914711
0	0.0437945311062341	0	0	0.620289859046396	0	0	0.00323128766622619	0	0.220532630622424	0.0161587201492739	0.0959929714094459	0.05	0.21058756091565	1.03814574320752	GSM914712
0.00182477573448455	0.0427626031040526	0	0	0.447373774988574	0	0	0	0	0.409378346233911	0.00757733077793636	0.0910831691610415	0.02	0.339643084582623	0.969345130023088	GSM914713
0.0253874265178024	0.00911822355888119	0	0	0.282587202650302	0	0	0.0021788490516591	0	0.615917156274384	0	0.0648111419469717	0.01	0.498057224609072	0.876826797580261	GSM914714
0	0.0868303542977325	0	0	0.147843519581043	0	0	0	0.0017270504060776	0.538050333442258	0	0.225548742272889	0.01	0.447208977565978	0.902845527059927	GSM914715
0	0.0493076890254263	0	0	0.412172584904048	0	0.00267558654270055	0	0	0.344684033351454	0	0.191160106176371	0.02	0.375827130750588	0.939016276974217	GSM914716
0	0.0353397251466105	0	0	0.134619456769896	0.018961925791807	0	0.00594727488629702	0	0.629055094061076	0.0236193282511281	0.152457195093186	0	0.611896145036716	0.788243440935164	GSM914717
0	0.0830102914625855	0	0	0.445570990234598	0	0.0700995682176791	0	0	0.242693755993597	0	0.158625394091541	0.05	0.232826586803174	1.02251891570491	GSM914718
0	0.129165931868196	0	0	0.260352104530288	0.0591190827010534	0.050437076729065	0	0	0.330304986689535	0	0.170620817481863	0.04	0.262484567088772	1.01183431993033	GSM914719
0	0.154951062551217	0	0	0.269855294172205	0	0.00439476445021653	0	0	0.205942536835111	0	0.36485634199125	0.02	0.348574473525006	0.957438889487059	GSM914720
0	0.124514228882523	0	0	0.127164820832709	0	0	0	0.0201043372490565	0.417404064651896	0	0.310812548383815	0.01	0.436309547937694	0.904273670482359	GSM914721
0.0292899160142376	0	0	0	0.587548820221333	0.00089522605771349	0.00213429126244746	0.00883882315664303	0	0.200669801023573	0.0411815552787007	0.129441566985353	0.04	0.273177756559684	0.999962193768312	GSM914722
0.0334641688735557	0.00887890903365279	0	0	0.456670919262237	0	0	0.00169335170758853	0	0.334259147008331	0.110620850651664	0.0544126534629702	0.01	0.433168940964384	0.91939493249789	GSM914723
0	0.0279830226935198	0.0423907164629142	0	0.0690510309910383	0.0553678929732555	0	0	0	0.744253219312105	0	0.0609541175671671	0.01	0.523184817193657	0.862183206966151	GSM914724
0	0.166921693707806	0	0	0.0892075085856192	0.00429319602046462	0	0	0.0258059804960742	0.546673320214647	0	0.167098300975389	0.04	0.273966982454638	1.02247926111629	GSM914725
0.0150323026716396	0.0145170285371164	0	0	0.522451140768041	0	0	0.0162172664274918	0	0.130150546999474	0.139481476088054	0.162150238508183	0.03	0.292770668421423	0.990790355329838	GSM914726
0	0.0259976996030314	0	0	0.731831152404991	0	0	0	0.0347338443073114	0.207238540612087	0.000198763072578818	0	0.05	0.230898031784602	1.03034175088296	GSM914727
0	0.0696544508927565	0	0	0.599475507335148	0.0132330655823812	0.0456391922732728	0	0.0308494149569572	0.231027627282967	0	0.0101207416765168	0.05	0.203654576492461	1.05037905147046	GSM914728
0	0.103341012033048	0	0	0.144954380315073	0.0545467371291668	0.04072831419005	0	0.0399957113367131	0.49289402352005	0	0.1235398214759	0.02	0.375980265797811	0.946365082047067	GSM914729
0	0.0474031777312965	0	0	0.451000820241535	0	0.0814135129122992	0	0	0.342620979024675	0	0.0775615100901945	0.02	0.37850003935689	0.942763930752297	GSM914730
0	0.163286946780679	0	0	0.139773849812357	0	0.00552488974861454	0	0	0.523512804599944	0	0.167901509058406	0.02	0.357174448445516	0.971343784767244	GSM914731
0.011925709014971	0.0195239097091597	0	0	0.582504902558466	0	0	0.00351222884905232	0	0.209453769815742	0.0558119719987782	0.117267508053831	0.02	0.33518800851704	0.966710539106293	GSM914732
0	0.0723297194662874	0	0	0.269702917982918	0.0883138781881021	0.0314523183991061	0	0.00649490332159962	0.261721182441533	0	0.269985080200454	0.02	0.346664711804833	0.948531257518578	GSM914733
0.01681448631132	0.0244913793942212	0	0	0.32157050719285	0.000648378138693732	0	0	0.0341767254359318	0.509601454094071	0	0.0926970694329126	0.01	0.426350555370339	0.916810960317203	GSM914734
0	0.0840738194397645	0	0	0.219899355410845	0.031389164957157	0.0585259387652017	0	0	0.469955643016987	0	0.136156078410044	0.02	0.352546399523062	0.96139316920426	GSM914735
0	0.123946353168492	0	0	0.109609431929955	0.028657017803101	0	0	0	0.522160689481765	0	0.215626507616686	0.02	0.371671058126185	0.952443709611497	GSM914736
0	0.0911374935383971	0	0	0.362793106336868	0	0.00234263750143124	0	0	0.320278397410786	0	0.223448365212518	0.04	0.269789630568417	1.0008464044099	GSM914737
0	0.0390194092623234	0	0	0.444399917366129	0	0.00832412573112211	0	0	0.304905667228301	0	0.203350880412125	0.03	0.300599095751644	0.978569551048132	GSM914738
0	0.0882310144931713	0	0	0.248087252292714	0.0605403217786738	0	0	0.0812325372935192	0.283792411901386	0	0.238116462240536	0.02	0.366333705616474	0.937190112511216	GSM914739
0.0117202544364641	0.00823348781669901	0	0	0.687274818288006	0	0	0.0181116255345838	0.0388448795516189	0	0.235814934372628	0	0.05	0.215396895965139	1.05323254101928	GSM914740
0.0179904494975018	0.0253267830905682	0	0	0.554258302937938	0	0.00821394844904769	0	0	0.134980806973555	0.0992936228016323	0.159936086249757	0.02	0.332092957974271	0.968253795871082	GSM914741
0	0.115483351618206	0	0	0.282135801071209	0	0.0148664776841046	0	0	0.183115964809826	0	0.404398404816654	0.02	0.390631465759044	0.926724588508339	GSM914742
0	0.11344614684947	0	0	0.130901167167573	0	0	0	0.00152307047914319	0.513760403390568	0	0.240369212113246	0.01	0.462960438112772	0.892379044378525	GSM914743
0	0.0811583723710646	0	0	0.282188014928693	0.0187952943682114	0.00526404168860656	0	0	0.298128035698754	0	0.31446624094467	0.03	0.297559973891766	0.97756447128288	GSM914744
0	0.0713161767803589	0	0	0.527113774319207	0	0.0452730071216983	0	0.0130857649262304	0.286434746638431	0	0.0567765302140748	0.05	0.226228475159058	1.03517071559536	GSM914745
0	0.140086593959421	0	0	0.222715554904732	0	0	0	0.0220374339980921	0.279616141379772	0	0.335544275757983	0.03	0.326260948924774	0.966916398879225	GSM914746
0	0.0861854629395904	0	0	0.237393158856527	0.024599903583049	0	0	0	0.416217993378303	0	0.23560348124253	0.01	0.410604050343121	0.92024635801652	GSM914747
0	0.0276990624807808	0	0	0.643085334892207	0	0	0	0	0.262652130017972	0.050371275685303	0.0161921969237367	0.04	0.253021525960045	1.02518463313146	GSM914748
0.0161245354415069	0.0380228917590459	0	0	0.384159086248649	0.0135441477257683	0	0	0	0.469886055335787	0	0.0782632834892423	0.03	0.302609568525707	0.996055619444728	GSM914749
0	0.0540639781511425	0	0	0.312624625697439	0.0342500626343711	0.0370295561192339	0	0	0.503016319318306	0	0.0590154580795068	0.02	0.375007203388067	0.952175942254018	GSM914750
0.0263933700634311	0.00142120392267397	0	0	0.288478418487309	0	0	0	0	0.585962608493787	0	0.0977443990327985	0.01	0.407055088026146	0.936928569577095	GSM914751
0	0.13216593434657	0	0	0.158917561293416	0.0206869378989986	0	0	0.0642975260937896	0.375688668123568	0	0.248243372243657	0.01	0.41413120471014	0.916345094458583	GSM914752
0	0.146482916175337	0	0	0.0796856535017234	0.00961594186534179	0	0	0	0.521656378448911	0	0.242559110008686	0.01	0.461867566567696	0.895340037457423	GSM914753
0	0.0970418530389558	0	0	0.184382890475496	0	0	0	0.00682565145103264	0.501113978740651	0	0.210635626293864	0.01	0.420863857966147	0.918896962639794	GSM914754
0.0192497491410624	0.030395341017452	0	0	0.259534579998548	0	0	0	0	0.56647318620608	0	0.124347143636857	0.01	0.524623295535744	0.853296880136686	GSM914755
0	0.0448150879763073	0	0	0.519066767756054	0	0.00298694090070194	0	0	0.36406592442921	0	0.0690652789377263	0.04	0.277390809590236	1.00546710430329	GSM914756
0	0.0881091519608289	0	0	0.11378819827203	0.073171580195802	0.0224682859530342	0	0	0.567498541263675	0	0.13496424235463	0.01	0.471623505093928	0.888813744656409	GSM914757
0	0.0756288740310574	0	0	0.188788829412548	0	0	0	0	0.552780380403951	0	0.182801916152444	0.01	0.468000137825541	0.890731749452627	GSM914758
0.0421806052345442	0	0	0	0.451834521221587	0.130286125065939	0.0340851894584863	0	0	0.184850181208611	0.056090726111198	0.100672651699634	0.03	0.330741724694782	0.965485393944608	GSM914759
0	0.0930430766794292	0	0	0.324017405353479	0.00321081100421946	0.0174677807053974	0	0	0.339622146600279	0	0.222638779657197	0.02	0.384152468896143	0.935611781518565	GSM914760
0	0.062952976711504	0	0	0.295413947602023	0.0517738625187971	0.0362032450532631	0	0	0.462329207185616	0	0.0913267609287968	0.03	0.31170235881698	0.985910504642127	GSM914761
0.0013600520022797	0.038137542999464	0	0	0.473130903554263	0	0.00392324085017004	0	0	0.288825169739163	0.0141259905057887	0.180497100348871	0.02	0.376282589629941	0.93816998166274	GSM914762
0.0323928896452326	0	0	0	0.422928061420772	0	0	0.00576987470623905	0	0.258896105590695	0.0748965488105319	0.205116519826529	0.02	0.365267399323895	0.946660705025746	GSM914763
0	0.0711518009674087	0	0	0.00739983605797604	0	0	0	0.0611946786684083	0.681867154980899	0	0.178386529325308	0.01	0.517257832964709	0.860031546008235	GSM914764
0.0022224257227745	0.0435211015771765	0	0	0.542319533323941	0	0	0.00112037529897574	0	0.284160752442055	0	0.126655811635077	0.04	0.265051463466535	1.00483006636652	GSM914765
0	0.0468534977304849	0	0	0.65409799081239	0	0	0	0	0.169657582417555	0.0633781066194298	0.0660128224201405	0.04	0.274604716266064	1.00931457038435	GSM914766
0.0106548766513067	0.0189714558570023	0	0	0.523033856524756	0	0	0.006472040475059	0	0.139936157453471	0.227072059640029	0.0738595533983759	0.02	0.360126920388284	0.966936853876263	GSM914767
0.014521030395237	0.0255480493952519	0	0	0.362558788736512	0	0	0	0	0.537312116812667	0	0.0600600146603318	0.02	0.379965437737481	0.953341909467314	GSM914768
0	0.0570291284072117	0	0	0.497884415423801	0	0.0637936470304373	0	0	0.308781362272301	0	0.0725114468662491	0.04	0.257101069280056	1.0149880159023	GSM914769
0.00187653339543289	0.033520841323593	0	0	0.642521025308928	0	0	0	0.00478481503649577	0.314767484751539	0.00252930018401193	0	0.04	0.28215292495491	1.00776636039451	GSM914770
0	0.134052535189733	0	0	0.224367729467138	0	0.0191644455140488	0	0	0.342304898727311	0	0.28011039110177	0.02	0.387578238818859	0.935203990438404	GSM914771
0.0309673678586771	0.0143703925197346	0	0	0.495796352675525	0	0	0.00587988617674837	0	0.312331123765208	0.0325566230573522	0.108098253946754	0.04	0.289550010459865	0.996998762218811	GSM914772
0	0.0198808815692608	0	0	0.543155704855411	0.0475725135292483	0.0470256498443559	0	0	0.145181009814148	0	0.197184240387577	0.02	0.337009477656446	0.953415593002563	GSM914773
0	0.0999844843366145	0	0	0.0946087802844026	0.0752974502231732	0	0	0.117276443449832	0.305731019885368	0	0.30710182182061	0.01	0.458079303416046	0.886197912260274	GSM914774
0	0.0207935575223141	0	0	0.483105942602081	0.0371373054584563	0.0526543439957319	0	0	0.21963018005015	0	0.186678670371267	0.02	0.335946262177319	0.954891467710197	GSM914775
0.00754250754966357	0.0198356763575709	0	0	0.449721308378226	0	0	0.0048467491101021	0	0.23119979830182	0.142514766966667	0.144339193335951	0.01	0.481772556231869	0.879172147728041	GSM914776
0.0122124862578022	0.0228995831249461	0	0	0.495332678334393	0	0	0.00513422002623448	0	0.144109593073696	0.113898663817455	0.206412775365473	0.02	0.393632625868733	0.929230392554899	GSM914777
0.0205847251907554	0.0134353777415283	0	0	0.454728488741603	0	0	0.00131580959814922	0	0.379277972857134	0	0.13065762587083	0.02	0.343661503540531	0.962044690622513	GSM914778
0	0.0519939551271393	0	0	0.334577370625633	0.0723516004208193	0.104446153696651	0	0	0.315032900219611	0	0.121598019910146	0.02	0.347605552727618	0.954398373989638	GSM914779
0	0.0675647093481192	0	0	0.455438366325506	0	0.111748764829475	0	0	0.24000841840264	0	0.12523974109426	0.05	0.225928259388548	1.02630986572063	GSM914780
0	0.104742546867757	0	0	0.497407776017516	0	0.0110587253622554	0	0	0.336353434523282	0	0.0504375172291894	0.02	0.340580480273453	0.977791266081869	GSM914781
0	0.0439133333263086	0	0	0.260135824111218	0.0127533561356533	0.0185609130279095	0	0	0.540355041083488	0	0.124281532315422	0.01	0.462689033856829	0.894146608778183	GSM914782
0	0.052593289210569	0	0	0.365874068588223	0	0	0	0	0.452408824815262	0	0.129123817385946	0.02	0.372992621492078	0.948236489886016	GSM914783
0.00595644546808776	0.0299710466509048	0	0	0.319543733395491	0	0	0	0	0.490871056012497	0	0.153657718473019	0.01	0.414940340275793	0.922174215281357	GSM914784
0.0267896005251113	0.00779070595526948	0	0	0.347762296801605	0	0	0.00438695171500646	0	0.392988725471876	0.104549827768104	0.115731891763028	0.01	0.498028295261637	0.87240387956588	GSM914785
0	0.0667330394207554	0.012311714539972	0	0.0940335916834396	0.0189661340463477	0.0879791336580598	0	0	0.580739599663818	0	0.139236786987608	0.01	0.483237568830393	0.88187869763877	GSM914786
0.0216793306110822	0.0196593981131682	0	0	0.547705700335862	0	0	0	0.0191558391857981	0.357365843741222	0.0140314867626192	0.0204024012502486	0.04	0.2721774444925	1.01324592306779	GSM914787
0	0.063808806152086	0.0128638521694115	0	0.120961679974482	0.104174593366838	0.020201278941788	0	0.003953813958796	0.546118215383453	0	0.127917760053144	0.01	0.443930994492237	0.9040538091615	GSM914788
0.00019607908039353	0.0596402669456543	0	0	0.184591678070888	0.095042329496848	0.0222997145631119	0	0.0978202696007594	0.506008777959011	0	0.0344008842833338	0.02	0.370944639714005	0.9458707595842	GSM914789
0.0265992698862357	0.000282462188598283	0	0	0.40922197110786	0.0156573980653597	0.00502154219735468	0.00276589481094085	0	0.321189462979862	0.100666553811135	0.118595444952654	0.01	0.422375685846005	0.919244804819234	GSM914790
0	0.0761825445405017	0	0	0.224297873916351	0	0	0	0.0142843344642435	0.514886461987794	0	0.17034878509111	0.02	0.356891046463131	0.959485510234531	GSM914791
0	0.046016576928165	0	0	0.537805981148903	0	0	0	0	0.375191804082385	0	0.0409856378405464	0.03	0.311199381062095	0.989106127996918	GSM914792
0	0.193011073833807	0	0	0.212314659649032	0	0.00673561227135071	0	0	0.348815564678954	0	0.239123089566857	0.03	0.302985704943534	1.00054270230669	GSM914793
0	0.020374866972732	0	0	0.492048098095242	0	0	0.0126328313898205	0	0.291824090062126	0.0780335911226629	0.105086522357417	0.01	0.430794711491296	0.910962775173217	GSM914794
0.0223043587822349	0.0112604412580843	0	0	0.456284887728686	0	0	0.0063860461389359	0	0.272170285314391	0.194090803463856	0.0375031773138111	0.01	0.423196579326009	0.931541269660703	GSM914795
0.00512657548535384	0.0212848127303029	0	0	0.529821749471743	0	0	0.00526833474377064	0	0.221674236115807	0.111934569305941	0.104889722147081	0.02	0.387982009270267	0.938983540541753	GSM914796
0	0.0790167242510595	0	0	0.294534457931195	0	0	0	0	0.326379698588474	0	0.300069119229272	0.02	0.375838043739207	0.936322814314332	GSM914797
0	0.0576394239134492	0.00345423383651453	0	0.285342845094044	0.0156044725479372	0.0278071234469218	0	0	0.49618254237012	0	0.113969358791013	0.02	0.340996554203746	0.970247682889016	GSM914798
0	0.0985694959888527	0	0	0.0682614577513182	0	0	0	0.0581680318782744	0.472938071109004	0	0.30206294327255	0.01	0.536014721802667	0.84100838108945	GSM914799
0.0284402165832482	0	0	0	0.247876817655808	0.0168467702275249	0	0.00425917593466671	0	0.681674769904688	0	0.0209022496940642	0.01	0.425799555791146	0.936234201733487	GSM914800
0	0.0839663915631769	0	0	0.095614324822128	0.113985706832955	0.00690770624935735	0	0.0606250566831694	0.528813213062098	0	0.110087600787116	0.02	0.377927811721221	0.942595722172437	GSM914801
0.0168060038530436	0.0220324203515203	0	0	0.315064043151291	0	0.00457506937455472	0	0	0.464638934619279	0	0.176883528650312	0.01	0.42741966281983	0.912615927834084	GSM914802
0	0.169088093055763	0	0	0.158718126267651	0	0.00503828076547736	0	0.000168321633264939	0.394551308640004	0	0.27243586963784	0.03	0.30116077743983	0.994138349639248	GSM914803
0	0.109614064178331	0	0	0.186818014328788	0	0.010089040645392	0	0	0.537600682685737	0	0.155878198161752	0.02	0.381584609533185	0.950229095224422	GSM914804
0	0.0387029176543287	0.0267570210630823	0	0.297989838232515	0.052408748893899	0.0427261920700145	0	0	0.441030450226712	0	0.100384831859449	0.02	0.355210966037633	0.955411301069135	GSM914805
0	0.0401403424289649	0	0	0.503827527638581	0	0.0117237745914115	0.0086102877785615	0	0.215775096939616	0.0419113789626726	0.178011591660192	0.02	0.345731895599079	0.95536989690546	GSM914806
0.0211055727532983	0.0129079818669832	0	0	0.452091928121623	0	0	0.0172946978372409	0	0.395205520101621	0	0.101394299319233	0.02	0.347917286508045	0.961201039224405	GSM914807
0	0.0401809521779462	0	0	0.371347629912832	0	0.00525577547458919	0	0	0.530595615447059	0	0.0526200269875741	0.03	0.302147381535853	1.0018216672013	GSM914808
0	0.0401791408490941	0	0	0.290969580245486	0.0450572991822382	0	0	0.0213147458102627	0.499463415022973	0	0.103015818889946	0.02	0.355266031557723	0.958377675405232	GSM914809
0.01510542179679	0.0306941265859649	0.0333129557502235	0	0.329033467042393	0	0.00658661205053303	0	0.028303467131794	0.430777583365739	0	0.126186366276562	0.02	0.341814145782089	0.962650251689043	GSM914810
0	0.0485079366128799	0	0	0.508656829611803	0.0206593855511127	0.0393572240609435	0	0.0329091256748198	0.303039308438747	0	0.0468701900496941	0.04	0.26772282190092	1.00518891682747	GSM914811
0	0.0835317966670752	0	0	0.420858398667103	0	0.0212044601791036	0	0	0.31507606416414	0	0.159329280322578	0.03	0.293205906953084	0.991110960658023	GSM914812
0	0.132023121695014	0	0	0.141538425083781	0	0.0095592350773743	0	0	0.528595124575003	0	0.188284093568827	0.01	0.438304157416618	0.912738714524264	GSM914813
0	0.0628973303036305	0	0	0.226221985799015	0.0691636457978351	0.00236465709382347	0	0	0.467082815567685	0	0.172269565438011	0.02	0.336464642863091	0.965935023758015	GSM914814
0	0.0509971134815268	0	0	0.194455831718298	0	0	0	0	0.651043984915503	0	0.103503069884673	0.01	0.508309276766763	0.869339236247793	GSM914815
0	0.0753584359334511	0	0	0.197943411084219	0.00672071831515665	0	0	0	0.523789934876471	0	0.196187499790702	0.02	0.397543419027722	0.934365962426546	GSM914816
0.00241342114341857	0.0337428287347701	0.0159064938967014	0	0.189415791522853	0.110004817978406	0.0348232435680144	0	0	0.514847745709063	0	0.0988456574467733	0.02	0.353643174030251	0.958374122334732	GSM914817
0.00118192635436297	0.0621583322613672	0	0	0.300020629398582	0.0616979581923165	0.0204715605207598	0	0.107719360794421	0.393595799236172	0	0.0531544332420186	0.04	0.253771717891608	1.00597188109456	GSM914818
0	0.0579933629325565	0	0	0.62160042293916	0	0	0	0.0165709090496317	0.16922493826931	0	0.134610366809342	0.05	0.197361990992899	1.04073370877177	GSM914819
0	0.0601818723146845	0.050645249022966	0	0.212975555984576	0.0752780623423196	0.0238094849973582	0	0	0.374074211687628	0	0.203035563650467	0.01	0.425988869269653	0.907812785699508	GSM914820
0	0.164634258507714	0	0	0.281532623687137	0.0647843380872638	0.0187918104409133	0	0.0627581931511072	0.309972435591675	0	0.0975263405341893	0.04	0.280422379921505	1.00945900972288	GSM914821
0	0.0532865347468928	0	0	0.442250130963658	0	0.00554979048665937	0	0	0.270174835776016	0	0.228738708026775	0.02	0.356315765172271	0.947156305029787	GSM914822
0	0.088619820959197	0	0	0.475942256918086	0	0.047331138742381	0	0.0413593233701303	0.314964949460778	0	0.031782510549428	0.04	0.239141599943767	1.03049240928108	GSM914823
0	0.120674303579672	0	0	0.165471015624034	0.0107453152880983	0	0	0	0.514964877926476	0	0.188144487581719	0.01	0.450629922182271	0.902791746349315	GSM914824
0	0.0409512891241218	0	0	0.431561128603519	0.0178319297194613	0	0	0	0.279828243531937	0	0.229827409020961	0.01	0.399926474580513	0.921535234240938	GSM914825
0	0.0560399762188244	0	0	0.370627961501488	0	0	0	0	0.199064124661844	0.224901883211447	0.149366054406397	0.01	0.462327921829961	0.897630632394328	GSM914826
0	0.126219947839091	0	0	0	0.0650052305380561	0	0	0.159747230584034	0.43355758003482	0	0.215470011003999	0.01	0.421624209972366	0.908542720923403	GSM914827
0	0.0672318727992283	0.0141758900424483	0	0.18809934187175	0.0752470120584562	0.0262031397735876	0	0	0.509178452649238	0	0.119864290805291	0.02	0.357342761382291	0.958209164610108	GSM914828
0	0.132329800352634	0	0	0.308926013827161	0	0.012615405612038	0	0	0.301600903778849	0	0.244527876429319	0.02	0.333182710841811	0.969113324316336	GSM914829
0	0.0553126054626973	0	0	0.37384845965569	0.00534642401050872	0.00893217687469031	0.000554740994918398	0	0.391770749094507	0.0151378265080545	0.149097017398934	0.01	0.452179105089531	0.896516365987187	GSM914830
0.0288749711185215	0	0	0	0.557606992427713	0	0	0.0139998983744479	0	0.260126609121301	0	0.139391528958016	0.04	0.289934032715001	0.987683649994673	GSM914831
0.0112556290274708	0.0339247479639762	0	0	0.270062730672411	0.0785406187511638	0.0342680485871671	0	0	0.456656983226537	0	0.115291241771274	0.02	0.333900033399383	0.968353052381379	GSM914832
0	0.0509920678328092	0	0	0.048337211173069	0.0529706850389268	0.065454000031635	0	0	0.647726354758387	0	0.134519681165173	0	0.547494817784951	0.837765509672683	GSM914833
0	0.10298573564283	0	0	0.291382619484373	0	0.00365893733435395	0	0	0.365671910352432	0	0.236300797186011	0.04	0.276279548238315	0.999176871116753	GSM914834
0	0.166097341975296	0	0	0.16188604653398	0	0.00273519840478828	0	0.0086196995827415	0.313200638506754	0	0.34746107499644	0.03	0.323997024624412	0.97320397954132	GSM914835
0	0.0279244189878397	0	0	0.548262561342285	0	0.0404576159975314	0.0123913732271951	0	0.215288536975212	0	0.155675493469937	0.04	0.279204505844612	0.989079080474145	GSM914836
0.0226550514277323	0.0247017215585843	0	0	0.520125362661332	0	0	0.00663857029902199	0.0255712944875127	0.028141136629356	0.353471521590306	0.0186953413461552	0.01	0.434575557726904	0.929354702584953	GSM914837
0	0.0449746570994899	0	0	0.341737497965212	0.0966085139039046	0.042222730934595	0	0	0.382501302282389	0	0.0919552978144091	0.02	0.378978243199846	0.9388364762302	GSM914838
0	0.156053523649019	0	0	0.25388847530381	0.0143282652463533	0.0337902772436971	0	0	0.227821049547344	0	0.314118409009776	0.04	0.272416982291188	1.00241794165156	GSM914839
0	0.162255499294205	0	0	0.194333190508875	0	0.0107924174986872	0	0	0.410615813699618	0	0.222003078998616	0.02	0.353982168739095	0.964747885792595	GSM914840
0	0.074037813814618	0	0	0.250498105784866	0.0648162443838247	0.0200062018588854	0	0	0.340970105095052	0	0.249671529062753	0.01	0.42242491050934	0.909265836051516	GSM914841
0.0277491068084942	0.0212741904279904	0	0	0.353991214422282	0	0	0	0	0.307414029494855	0.228413893593334	0.0611575652530441	0.01	0.487425638894321	0.890577998116643	GSM914842
0	0.090799610834003	0	0	0.317111064097276	0	0.00509113422367956	0	0	0.484538915539568	0	0.102459275305474	0.01	0.44819978558135	0.905575721621363	GSM914843
0.0172444868063388	0.0251852875976959	0	0	0.324289885477732	0	0	0	0	0.317002967938181	0.299857727347837	0.0164196448322153	0	0.549064591944503	0.852119179203504	GSM914844
0.0358830276498382	0.0349853045552555	0	0	0.248859815186458	0.00317843962490129	0	0	0.00143605063816803	0.437298660177284	0.0955803749468253	0.14277832722127	0.01	0.532940439896425	0.84851238904397	GSM914845
0	0.118795894897188	0	0	0.124430147330455	0.00937350950374315	0	0	0.021851081945255	0.567648449635127	0	0.157900916688232	0.01	0.46035622152463	0.898130986172794	GSM914846
0	0.0754170399422773	0	0	0.199439391166509	0.0892949765185826	0.0469795055704672	0	0	0.529222812507922	0	0.0596462742942414	0.01	0.413721069034101	0.927610510329353	GSM914847
0	0.151399455075267	0	0	0.126541558578841	0.00648503683017465	0.000388384360964412	0	0	0.481400450110597	0	0.233785115044155	0.01	0.435754887481794	0.912284246640819	GSM914848
0.0158024815970806	0.0254254353592644	0	0	0.183938735118819	0.00271513862975722	0	0	0	0.618799215104731	0	0.153318994190347	0.01	0.50481143461034	0.868813071888977	GSM914849
0	0.18567102892764	0	0	0.0176671480332697	0	0	0	0.0460844965620212	0.560636439563458	0	0.189940886913612	0.01	0.418185028155364	0.929658542953824	GSM914850
0	0.154149222945702	0	0	0.168224338670045	0	0.00927752539516533	0	0	0.390098031602183	0	0.278250881386905	0.01	0.453525870443536	0.897146012450733	GSM914851
0.020622834625037	0.047630960617287	0	0	0.341712500010551	0	0	0	0	0.198213802464529	0.311436328576758	0.0803835737058388	0	0.552285119684446	0.841948446291751	GSM914852
0.0169699342243582	0.0153174380315167	0	0	0.511161410993996	0	0	0	0	0.26855418661926	0.0709411815550098	0.117055848575859	0.02	0.35182350031081	0.959756406635062	GSM914853
0	0.126282629048026	0.0889726584213557	0	0.0442278863430345	0.0645073139420119	0.0968859506579327	0	0	0.422398406348662	0	0.156725155238978	0.02	0.35712319338829	0.958359861336218	GSM914854
0	0.0528711302239915	0	0	0.180823078828897	0.00472654913818129	0	0	0.016175053113497	0.628903620159095	0	0.116500568536338	0.01	0.412480009530938	0.933645144225473	GSM914855
0	0.0354985059377711	0	0	0.472861153379804	0	0	0	0	0.291644131494743	0.193766463975419	0.00622974521226245	0.01	0.479499479359092	0.893881489853458	GSM914856
0	0.123852367899484	0	0	0.0776116502409164	0.053373368026097	0.00168690261734275	0	0	0.507478035872412	0	0.235997675343748	0.01	0.414788713012667	0.922720461535712	GSM914857
0	0.117478900225344	0	0	0.0488517256078656	0.0659121720905731	0	0	0.0888307926278665	0.516809336922754	0	0.162117072525597	0.01	0.45798279561347	0.892340724591427	GSM914858
0	0.103710544592872	0	0	0.109221258751362	0.072301873924582	0.0153043488648363	0	0.0348741651040389	0.558776201031242	0	0.105811607731067	0.01	0.458954120424026	0.896995920716347	GSM914859
0.0388288603413121	0.0120062926521609	0	0	0.367487739124492	0.0101883818151213	0	0	0	0.506649016290022	0	0.0648397097768923	0.02	0.343486198586135	0.975707632534842	GSM914860
0	0.0636842852940532	0	0	0.146661285008684	0.0216995717145113	0	0	0.0202397574151585	0.587097101883232	0	0.160617998684361	0.01	0.442358035637606	0.908142772145547	GSM914861
0	0.0346695227589779	0	0	0.584206388023114	0	0	0	0	0.125460261805242	0.255663827412666	0	0.02	0.348896154909784	0.985142501145989	GSM914862
0	0.12204589904927	0	0	0.134467233595404	0.0133744193712445	0.00655877506166414	0	0	0.544560216480197	0	0.17899345644222	0.01	0.444079127317822	0.908743765335658	GSM914863
0	0.161742383034792	0	0	0.0373037429025543	0.0517337618304662	0	0	0.0990213317940703	0.432967766681877	0	0.21723101375624	0.01	0.408236531737643	0.921975186601164	GSM914864
0	0.149706720606568	0	0	0.0421708101589951	0.0519861118881742	0	0	0.12800763344485	0.435866943702304	0	0.192261780199109	0.01	0.405693370494479	0.921646261320025	GSM914865
0	0.0920880121809696	0.0500415813311676	0	0	0.0389104081742552	0.0243527290272663	0	0	0.718590134346582	0	0.0760171349397592	0.01	0.511595369445817	0.870728159545359	GSM914866
0	0.0613953509806521	0	0	0.296931821345388	0.05293084603756	0.0125311690944401	0	0.00634313261313209	0.475426296812057	0	0.0944413831167713	0.04	0.276163619338398	1.00682843285837	GSM914867
0	0.0820328339087255	0	0	0.294888665814271	0.0379537472834528	0.0741269377921753	0	0	0.388313116295524	0	0.122684698905852	0.01	0.401790027647425	0.928364512470798	GSM914868
0.0155600347007744	0.0294961081779172	0	0	0.265712125058507	0.105307669203168	0	0	0.0773603976843163	0.408395154168013	0	0.0981685110073046	0.04	0.256664188840632	1.00156637469812	GSM914869
0	0.140642087925526	0	0	0.155038833043297	0	0.00145271136032857	0	0	0.524894745800277	0	0.177971621870571	0.02	0.359680641185754	0.965786977345944	GSM914870
0	0.0599169817472956	0	0	0.294344828848459	0.0709222827134601	0.00606200928883908	0	0.0713351815205267	0.401760940585838	0	0.0956577752955813	0.03	0.306992038374459	0.977104957689626	GSM914871
0	0.0693910446784952	0	0	0.113430573205939	0.0128474430654658	0	0	0	0.604888163889392	0	0.199442775160708	0.01	0.483704943423811	0.881503539396132	GSM914872
0	0.0573011679841731	0	0	0.462943687468493	0	0	0	0	0.385745796783487	0.0204419039471282	0.0735674438167188	0.02	0.341866870839709	0.970809924405647	GSM914873
0	0.101605637515764	0	0	0.252913877984299	0.0108840924201104	0.00918834379868072	0	0	0.44129156390395	0	0.184116484377196	0.01	0.408683475885985	0.925829240404833	GSM914874
0	0.0686821207443141	0	0	0.405313722424844	0.00741628886274582	0.0905539265080905	0	0	0.17727398528547	0.185224336945675	0.0655356192288597	0.01	0.428775634577814	0.921438526464685	GSM914875
0	0.10606261268082	0	0	0.277935784720096	0	0.0154172695087294	0	0	0.452427495305146	0	0.148156837785208	0.02	0.388929343968377	0.94149319341678	GSM914876
0	0.075945189487376	0	0	0.172323807027491	0	0	0	0	0.612421159827869	0	0.139309843657264	0.01	0.418466552338035	0.929597142817456	GSM914877
0	0.0762422931530369	0	0	0.326275127865554	0	0.00980822681966189	0	0	0.390570603705777	0	0.19710374845597	0.02	0.364383334695422	0.948637860283393	GSM914878
0	0.149234427232536	0	0	0.150388311186481	0.00624142667614148	0	0	0.00478988071744242	0.548770582433292	0	0.140575371754107	0.02	0.360505250012458	0.969837894262662	GSM914879
0	0.0894945066979363	0	0	0.269986658434845	0	0.00549573787060945	0	0	0.449147428159834	0	0.185875668836776	0.02	0.37409099280803	0.946871868849031	GSM914880
0.0167102981769863	0.033642108275183	0	0	0.329250434715514	0.00245648539919129	0	0	0	0.390309726839961	0.153845715022364	0.0737852315708	0	0.547003029132154	0.841159611691594	GSM914881
0	0.109343276763369	0	0	0	0.00236379873392919	0	0	0.0438691767807795	0.640883361770901	0	0.203540385951022	0.01	0.53466385382994	0.846178236502317	GSM914882
0	0.106711573098221	0	0	0.267263264963619	0	0	0	0.0064439987135277	0.471499882744402	0	0.14808128048023	0.02	0.37243653559331	0.95243504405849	GSM914883
0.0153766847338503	0.01794366036226	0	0	0.437213486350183	0	0	0.0032581100615964	0	0.0954205936431034	0.313553716705962	0.117233748143044	0.01	0.505780421941638	0.870712020234306	GSM914884
0	0.129410627281251	0	0	0.132549279649138	0	0	0	0.0576553821075793	0.456864766282505	0	0.223519944679527	0.02	0.388053520757868	0.935762812842757	GSM914885
0	0.140498401793976	0	0	0.0888095962854039	0	0	0	0	0.571511738231142	0	0.199180263689478	0.01	0.448025617066511	0.908452670150858	GSM914886
0	0.0881891787655729	0.000768134817189957	0	0.00347306788927986	0.0925923416156353	0.00901254773782698	0	0.0676169326998233	0.629757155458701	0	0.10859064101597	0.01	0.429065429251229	0.91710238146046	GSM914887
0	0.0691424726132463	0	0	0.238628438090362	0	0.00060563418572209	0	0	0.55486452488965	0	0.136758930221019	0.01	0.403780819354741	0.935101673249281	GSM914888
0	0.20661559976088	0	0	0.0343030583649531	0.0171282065919761	0	0	0.0882705151623205	0.454739758913937	0	0.198942861205934	0.01	0.414564333575487	0.926664315437001	GSM914889
