Macs_IFN_B1a_Macs_IFN_y	Macs_IL_10	Macs_IL_4_Macs_IL_13	DCs_IFN_B1a	DCs_IFN_B1a_DCs_IFN_y	DCs_IL_10	Monos_IFN_B1a_Monos_IFN_y	Monos_IL_10	Monos_IL_4_Monos_IL_13	PMNs_IFN_B1a	PMNs_IFN_B1a_PMNs_IFN_y	PMNs_IL_4_PMNs_IL_13	P.value	Correlation	RMSE	sample
0.0148107178138658	0.0312326696828229	0	0	0.480039992607066	0	0	0	0	0.233481309821285	0.118137121124804	0.122298188950157	0.04	0.351695428726507	0.963280173580553	GSM981627
0.00258123622481081	0.0345544506883296	0	0	0.496891867347249	0	0.0256950856866678	0	0	0.287049736236635	0.0585014554012363	0.0947261684150721	0.03	0.377565797885302	0.944524779279923	GSM981628
0.0201930373433795	0.0340540094701635	0	0	0.453444063688816	0	0	0	0	0.210207887991942	0.159010640759387	0.123090360746312	0.03	0.408554593360139	0.930895095667086	GSM981629
0	0.130370712585799	0	0	0.107096402772272	0.048595904923177	0.0215067302836341	0	0	0.459401409763694	0	0.233028839671424	0.02	0.460455292951699	0.89237459715915	GSM981630
0	0.0620142965831296	0	0	0.385104511109845	0	0	0	0	0.168237646665612	0.277915876426043	0.106727669215371	0.01	0.512494131332492	0.867042805759866	GSM981631
0	0.0607920442529483	0	0	0.409707688346049	0	0	0	0.0931259771005069	0.349825573866957	0	0.0865487164335385	0.07	0.251919529254511	1.00746184665804	GSM981632
0	0.0248789483891093	0	0	0.650470892951235	0	0	0	0	0.150838896840861	0.0529247446620486	0.120886517156746	0.07	0.263852616535805	1.00531068602992	GSM981633
0.0274207808883334	0.0203750065213466	0	0	0.432353385012425	0	0	0	0	0.392606690975254	0.0336203337399851	0.0936238028626556	0.03	0.382681673778887	0.945653135783139	GSM981634
0.0246661777963199	0.0210833377034762	0	0	0.488009203147323	0	0.0274148269135604	0	0	0.218522198977842	0.127539132870631	0.0927651225908466	0.03	0.373200710536179	0.952286746453776	GSM981635
0	0.0154194354035868	0	0	0.631515458455259	0	0	0	0	0.170281979072167	0.0311322494993997	0.151650877569587	0.04	0.365571173711827	0.943705277218036	GSM981636
0	0.0718946775123264	0	0	0.0957170386921254	0.0127024035298924	0	0	0	0.642212951573268	0	0.177472928692388	0	0.53898526004661	0.844116700591782	GSM981637
0.00754628415142504	0.0270832421623752	0	0	0.614780730255892	0	0	0.000893503229877656	0	0.16068635265545	0.00946111794004449	0.179548769604936	0.11	0.200233760564753	1.03293729151617	GSM981638
0.013579292367172	0.0308539218068223	0	0	0.441040764826023	0	0	0	0	0.249563918714839	0.198243929639623	0.06671817264552	0.02	0.455208002644385	0.906923349833509	GSM981639
0.00786334932220872	0.0279779113897527	0	0	0.444203253563283	0	0	0.00736585743903881	0	0.14130678616473	0.276756913136706	0.0945259289842806	0.02	0.481515617338157	0.887923262987579	GSM981640
0.00991497900281849	0.0173577835658124	0	0	0.486035935598969	0	0	0.00518754057190522	0	0.162841758932433	0.095198802002057	0.223463200326005	0.0600000000000001	0.317630319223884	0.970346804003914	GSM981641
0	0.105562809304758	0	0	0.390900080662826	0	0.0304390051089865	0	0.0733743397821789	0.347753257091649	0	0.0519705080496012	0.09	0.232604089568232	1.03116495557784	GSM981642
0.016119574043499	0.0312129140360492	0	0	0.495643919934817	0	0	0	0	0.223457040421539	0.109343967006125	0.124222584557971	0.03	0.375496327489867	0.947671121127849	GSM981643
0.0323259376220524	0.0130297022706274	0	0	0.444332963739784	0	0	0	0	0.253971583454745	0.145512972425749	0.110826840487043	0.03	0.409133670719293	0.931618298671879	GSM981644
0	0.0509416502392092	0	0	0.483340299836386	0	0.0248379723948754	0	0	0.187613851910942	0.162382967605545	0.0908832580130417	0.02	0.437847837392127	0.911855278830562	GSM981645
0.0102034339188997	0.0281151883615969	0	0	0.287795180570938	0	0	0	0	0.539686308915299	0	0.134199888233267	0.01	0.514333762254247	0.85905980865713	GSM981646
0.00088423766772369	0.0287875562416946	0	0	0.553520897599138	0	0	0	0	0.0565441989298981	0.216865674687024	0.143397434874522	0.05	0.341514166472549	0.968943893074121	GSM981647
0.00206492718429882	0.0508570653930959	0	0	0.490970039965426	0	0.00472764478717812	0	0	0.0879449128707345	0.157276392683277	0.206159017115989	0.02	0.43497855111857	0.90648908310017	GSM981648
0	0.0553698490435451	0	0	0.398269160755523	0	0	0	0	0.385766307692638	0.100228433689945	0.0603662488183487	0.01	0.492450906440029	0.878378342895157	GSM981649
0	0.0474228194688135	0	0	0.561675246715519	0	0.00245967278076358	0	0	0.230273920210418	0.0237280967367431	0.134440244087742	0.0600000000000001	0.321821096779863	0.973003698313174	GSM981650
0	0.0404696176106168	0	0	0.627404664680386	0	0.0341824799245607	0	0	0.132800517950068	0.0138914637326741	0.151251256101694	0.07	0.260241624157087	1.00358347504287	GSM981651
0	0.0812526394461049	0	0	0.379271370396614	0	0	0	0	0.166692302629953	0.273685452526382	0.0990982350009465	0.02	0.461771287878919	0.905756729248638	GSM981652
0	0.105471025019414	0	0	0.505236844062157	0	0.0638220444892687	0	0	0.283828081904709	0	0.0416420045244508	0.07	0.257098808516738	1.02832499755826	GSM981653
0	0.0583248850383157	0	0	0.50685375565371	0	0	0	0	0.327388878932688	0	0.107432480375287	0.07	0.276115741535514	1.00311905122559	GSM981654
0.00872910204259796	0.0247271287171713	0	0	0.434672160490168	0	0	0	0	0.259675243444549	0.148079563112142	0.124116802193372	0.02	0.441072521057126	0.908625614093925	GSM981655
0.00769128667362333	0.034671917393023	0	0	0.471349053230204	0	0	0.0016896124482678	0	0.265980259955742	0.138539473934282	0.0800783963648579	0.02	0.45564081187509	0.901140912577117	GSM981656
0.00708688545019745	0.0353988443324266	0	0	0.530067680350536	0	0	0.00511628425931128	0	0.256396002689745	0.0675361467049569	0.0983981562128265	0.07	0.283784607927862	1.00104668191881	GSM981657
0.00812596630122794	0.0316390385230123	0	0	0.443804214072953	0	0	0.00385905390985404	0	0.201213571536871	0.184959235124491	0.126398920531591	0.02	0.442223937822643	0.908625302873237	GSM981658
0	0.0737981224203685	0	0	0.478152034268605	0	0.0378988338985313	0	0.0353711632278753	0.263052493335624	0	0.111727352848996	0.07	0.271676865089287	1.00059376069968	GSM981659
0	0.0552191980020446	0	0	0.427967524480518	0	0	0	0	0.240397215596204	0.204360433969096	0.0720556279521362	0.02	0.473748606311226	0.893730005887603	GSM981660
0.00138572746009098	0.0462940700564145	0	0	0.406498441108767	0	0.00466507467014296	0	0	0.222894908717159	0.255864681402484	0.0623970965849405	0.01	0.524226152960664	0.859906434657735	GSM981661
0.0066055954865726	0.0247087654626393	0	0	0.450054486330809	0	0	0.0015174435352725	0	0.335886641699825	0.114284074487746	0.0669429929971358	0.03	0.404691474114572	0.936118733160899	GSM981662
0	0.065313214186073	0	0	0.49106495994025	0	0.00226403214037052	0	0	0.311730933277924	0	0.129626860455383	0.0600000000000001	0.330695313837005	0.970111552864302	GSM981663
0.0129199426459185	0.0333845486814304	0	0	0.437069489746765	0	0	0	0	0.238628686948064	0.228417484493029	0.0495798474847931	0.02	0.468143761434187	0.901270475752192	GSM981664
0	0.109194504850181	0	0	0.410162577552945	0	0	0	0.129780963223282	0.279419116890726	0	0.0714428374828658	0.11	0.216084520057704	1.03048966330296	GSM981665
0	0.0642498081662028	0	0	0.411541475406125	0	0	0	0	0.212120360090484	0.218029470799454	0.0940588855377343	0.02	0.433619977539085	0.92124455414337	GSM981666
0.00349066964816442	0.0378445377379008	0.0555100622253757	0	0.273335058320714	0	0	0.0173622341450902	0	0.612457437922754	0	0	0.03	0.376511354524205	0.962077579050517	GSM981667
0.00318221529173621	0.0290315801694929	0	0	0.431886647594266	0	0	0	0	0.329056176056416	0.14150637637296	0.0653370045151288	0.03	0.409082588073206	0.935785387610178	GSM981668
0	0.0373220231547841	0	0	0.577089103098623	0	0	0.00252954782405908	0	0	0.355073032676961	0.0279862932455725	0.04	0.346946056490055	0.990121692889776	GSM981669
0	0.147760899618293	0	0	0.398851313438337	0	0.00736438327162295	0	0	0.346225162602836	0	0.0997982410689108	0.05	0.343552341072854	0.97909528872447	GSM981670
0.0142677597783574	0.0218364877762172	0	0	0.428678709367585	0	0	0.0013618118735541	0	0.0693096844044432	0.408201083099592	0.0563444637002513	0.01	0.506226125974188	0.88200691505877	GSM981671
0.00022885327568025	0.0240327597753298	0	0	0.445519819570743	0	0	0.00449583828124523	0	0.19196622454169	0.326491831793986	0.00726467276132568	0	0.539497367374191	0.85467999849781	GSM981672
0	0.059763787308296	0	0	0.396476590054977	0	0	0	0	0.184121963010588	0.321005607937893	0.0386320516882455	0.01	0.503357105110387	0.882601543505703	GSM981673
0	0.0549117070698988	0	0	0.462851735034853	0	0	0	0	0.133120745041153	0.284554381179464	0.0645614316746307	0.02	0.468165339806291	0.901170208080558	GSM981674
0.0214151050912651	0.0309251830355303	0	0	0.416575314884308	0	0	0	0	0.118884982696316	0.295371312589748	0.116828101702833	0.02	0.470124100431012	0.897372227950802	GSM981675
0	0.0628358928603745	0	0	0.464101223954658	0	0	0	0.0438935331245074	0.419103456115863	0	0.0100658939445978	0.0600000000000001	0.319430733304293	0.985354906036069	GSM981676
0.00233975851846427	0.0395781456925912	0	0	0.521983289427806	0	0	0	0	0.0914735664374489	0.285619651984267	0.0590055879394225	0.02	0.447270114253552	0.914321301713513	GSM981677
0	0.124621363500964	0	0	0.206996180859039	0	0.00598589630003227	0	0	0.379831983742443	0	0.282564575597522	0.02	0.464407128411344	0.887756056645263	GSM981678
0	0.0744790460410466	0	0	0.339033935277502	0	0	0	0	0.473874511334126	0.085550539029722	0.0270619683176032	0.03	0.425205168134433	0.932732808191366	GSM981679
0	0.137945507616789	0	0	0.327492560551155	0.0161931674216214	0.0676978932673698	0	0	0.254017404489222	0	0.196653466653843	0.0600000000000001	0.300461323220905	0.990886346422109	GSM981680
0.0109442937523178	0.0280364047764305	0	0	0.465684371406979	0	0	0	0	0.237901382611357	0.19493736636122	0.062496181091696	0.02	0.449399060344881	0.910051766959446	GSM981681
0.0211369994548385	0.0277325397442844	0	0	0.433676223288717	0	0	0	0.0310502979436267	0.00375199447402235	0.382709014453802	0.0999429306407097	0.01	0.50626282080837	0.872413457723238	GSM981682
0.011067072963443	0.0253676550533082	0	0	0.435121168224349	0	0	0.0019067165914472	0	0.0925959518046821	0.391759581283252	0.0421818540795186	0.01	0.509099637611445	0.87990470509797	GSM981683
0	0.149261807768529	0	0	0.123426576907319	0	0	0	0.012090234245147	0.518709818105243	0	0.196511562973762	0.02	0.439827467157417	0.91171775343542	GSM981684
0	0.0458959024151879	0	0	0.537515599533815	0	0	0	0.0429775653136161	0.118437179304678	0.188658098499297	0.0665156549334057	0.0600000000000001	0.319421056280846	0.984806625312553	GSM981685
0.0126486836621969	0.0275438143183229	0	0	0.46419437856052	0	0	0	0	0.114875061041598	0.316105031191301	0.0646330312260622	0.02	0.457292325506886	0.910917896375019	GSM981686
0.0107098030887903	0.0242965808323045	0	0	0.32844556059663	0	0.00285048246214256	0	0	0.454061077021598	0	0.179636495998534	0.03	0.397089465769772	0.930448195698108	GSM981687
0.0012691260199319	0.0312228153799004	0	0	0.417872488694732	0	0	0.00224232644459107	0	0.388385030714741	0	0.159008212746104	0.02	0.433322585748035	0.906348789507234	GSM981688
0	0.061103471714469	0	0	0.568711168164949	0	0	0	0	0.223563834949186	0.0559741324471089	0.0906473927242874	0.0600000000000001	0.303523205884135	0.991532165687555	GSM981689
0	0.0383084999254562	0	0	0.562226885842354	0	0	0	0	0.160481884025028	0.176611128588984	0.0623716016181787	0.0600000000000001	0.332013211063361	0.982338951317469	GSM981690
0.0197324585997142	0.0306326424778336	0	0	0.478736357302382	0	0.00896811910335795	0	0	0.135863204233269	0.21502381356519	0.111043404718253	0.02	0.446281118180804	0.908156938598593	GSM981691
0.00203020706814481	0.00537070450631766	0	0	0.471114191157711	0	0.00330287759124079	0	0	0.423837213173801	0.0677362774621841	0.0266085290406007	0.02	0.439294920569402	0.914270878901555	GSM981692
0	0.0489155664448494	0	0	0.431162362967401	0	0	0	0	0.265188171785533	0.160890945483696	0.0938429533185203	0.03	0.389125605555144	0.946661661334635	GSM981693
0	0.0766023964604	0	0	0.51231113790091	0	0.0717827458012108	0	0	0.290098287214386	0	0.0492054326230929	0.07	0.28641739155518	1.00362667646678	GSM981694
0.0167678944113094	0.0289104998350913	0	0	0.431295342586529	0	0	0	0	0.315119101603149	0.14175750703041	0.0661496545335118	0.02	0.44316988629356	0.913272844930611	GSM981695
0.0042813595444163	0.0536403775420397	0	0	0.268565649209262	0	0	0	0	0.46855184280527	0	0.204960770899011	0.03	0.403618037339766	0.926891440935176	GSM981696
0.00617048770688806	0.0276680453966537	0	0	0.690270395701118	0	0	0.00206664931124684	0	0.0144074506310145	0.186282097690751	0.0731348735623282	0.1	0.22709032303983	1.04222904919503	GSM981697
0	0.059218507747682	0	0	0.529827283449426	0	0.0113681672682608	0	0	0.241980919717249	0	0.157605121817382	0.1	0.222282630841586	1.02616642932894	GSM981698
0	0.0912928107676483	0	0	0.398549627078333	0	0.00261235318641678	0	0	0.418253233106459	0	0.089291975861143	0.04	0.357415315723857	0.963205487600703	GSM981699
0.00939100885278541	0.0311054157741098	0	0	0.595474694671313	0	0	0	0	0.265620017315394	0.0960423937487061	0.00236646963769136	0.0600000000000001	0.323681220141399	0.990620268772089	GSM981700
0.0220099646869484	0.0210916562494941	0	0	0.489313147504462	0	0	0.00152338455938219	0	0.344025131054016	0.029380467825928	0.0926562481197686	0.0600000000000001	0.322470322329262	0.979537099992634	GSM981701
0.0319653099396803	0.02034221959859	0	0	0.510632987858001	0	0	0	0	0.35258083097315	0.0310360783000655	0.0534425733305126	0.0600000000000001	0.313499805146519	0.990908028669405	GSM981702
0.00288484603328428	0.0311273104609122	0	0	0.545267705621408	0	0	0	0	0.229020300594954	0.105204861084115	0.0864949762053256	0.0600000000000001	0.328070291299168	0.977691515804543	GSM981703
0.0239462617879967	0.0203752641913103	0	0	0.536127102210087	0	0	0.00195484063929178	0	0.206084610943651	0.0699922917852685	0.141519628442395	0.05	0.341645412143368	0.96374366738813	GSM981704
0.0297858745011651	0.0184898993599271	0	0	0.427885952666321	0	0	0	0	0.405385572019574	0.0128646913635127	0.1055880100895	0.03	0.420868182582186	0.919623172491454	GSM981705
0	0.0748192196509982	0	0	0.209680156397789	0.0434679806533994	0.0402248518745968	0	0	0.470892933595841	0	0.160914857827375	0.03	0.418886587098143	0.918150577686497	GSM981706
0.0203442376221248	0.0363887954098438	0	0	0.377658687802201	0	0	0	0	0.437072244368848	0.042967691554517	0.0855683432424652	0.03	0.412953375861233	0.929865146445427	GSM981707
0.0100529704971274	0.0265775574195216	0	0	0.49273040069165	0	0	0.006386634272816	0	0.274033544038257	0.0253406617213784	0.16487823135925	0.05	0.333128047291155	0.963920115961625	GSM981708
0.0193704497546684	0.0231380875389494	0	0	0.450307240665251	0	0	0	0	0.341872124861087	0.0554966016443697	0.109815495535674	0.0600000000000001	0.329348791281724	0.976249289638432	GSM981709
0.00850660269299637	0.0366552981355481	0	0	0.428638155506845	0	0	0	0	0.465903637777112	0.0382787921510525	0.0220175137364457	0.03	0.406788077756887	0.938292329254502	GSM981710
0	0.0729581826975195	0	0	0.634365431232035	0	0.0267244934165669	0	0	0.109602027859005	0	0.156349864794873	0.11	0.209274611598945	1.03827321648932	GSM981711
0.00521034098501232	0.02111766333843	0	0	0.683064108619808	0	0.00581893657561994	0	0	0.152786387853247	0	0.132002562627882	0.18	0.1346121401562	1.07022781189442	GSM981712
0	0.0233334315145967	0	0	0.583833372237919	0	0.018163520154518	0.0109203399435632	0	0.2584107272076	0	0.105338608941803	0.0600000000000001	0.300190812844593	0.982539754014696	GSM981713
0	0.053120488706365	0	0	0.419745942089043	0.0526206655872739	0.0166547691979617	0	0.0175293331177667	0.285086578138651	0	0.155242223162938	0.0600000000000001	0.299490965398608	0.978978784926005	GSM981714
0.0114739626286817	0.0187174647046254	0	0	0.472570472253585	0	0	0	0	0.238537148959265	0.131174164082894	0.127526787370949	0.03	0.405052897044121	0.9296133527949	GSM981715
0.0295976399578711	0.0143657737693651	0	0	0.284129506641806	0.014281241821448	0	0	0	0.613716764030401	0	0.0439090737791094	0.02	0.48579284257628	0.886581562172127	GSM981716
0.0331369797117787	0.00564385711784388	0	0	0.442704798771482	0	0	0.0109648461383952	0	0.387851169194014	0.0372636001072666	0.0824347489592199	0.05	0.338219419928136	0.97313458187695	GSM981717
0.0108607472513625	0.0314158930837388	0	0	0.560190458173226	0	0	0	0.0219066683844704	0.177815843639398	0.176183240231347	0.021627149236457	0.0600000000000001	0.299927746494152	1.00544803038813	GSM981718
0.00828966594014848	0.020298731002007	0	0	0.420264051863171	0	0	0	0	0.324529549383832	0.185847854778386	0.0407701470324551	0.02	0.478764587605345	0.893009596541617	GSM981719
0.0147437110227107	0.0200605225135186	0	0	0.528309507951196	0.0240456880773793	0.0178230159546709	0	0	0.26286501846241	0.094594477449496	0.0375580585686186	0.03	0.382514085943748	0.947101640046958	GSM981720
0	0.0300502633302513	0	0	0.600648898456695	0	0	0	0	0.170760516131862	0.149436399874627	0.0491039222065643	0.0600000000000001	0.324440852105022	0.985245879331062	GSM981721
0	0.0871725762212461	0	0	0.206111629166025	0	0	0	0	0.615881174728885	0	0.0908346198838438	0.02	0.481122006706508	0.889053522505316	GSM981722
0.0133948930480155	0.0180158889179625	0	0	0.471464551856129	0	0	0	0.00638859312852876	0.143308412054054	0.34742766099531	0	0.03	0.394052342188118	0.967337126021499	GSM981723
0	0.0725222738550157	0	0	0.139368267016531	0.0191702312406612	0	0	0	0.634408570057406	0	0.134530657830386	0.02	0.452361467820529	0.907179312514134	GSM981724
0	0.0543936123217936	0	0	0.425752012659162	0	0	0	0	0.270467674726942	0.118421629673942	0.130965070618161	0.03	0.400051007640628	0.933873495576045	GSM981725
0.023699513599474	0.0286740259988986	0	0	0.384640145321366	0	0	0	0	0.354922742754967	0.0775847055039639	0.130478866821331	0.03	0.403801429152059	0.932169663210751	GSM981726
0	0.0473017001295677	0	0	0.312079230964199	0.0438940475999285	0.074608516839915	0	0	0.431289184896796	0	0.0908273195695934	0.03	0.375234852118388	0.944967366837784	GSM981727
0.0169876989687727	0.022813460291174	0	0	0.480649242610732	0	0	0	0	0.306617123821743	0.117787815013146	0.0551446592944317	0.03	0.413461066413794	0.931295211960609	GSM981728
0.0245539705979567	0.0178962290394198	0	0	0.36324086230729	0	0	0	0	0.579845459118738	0	0.0144634789365954	0.02	0.457101143332181	0.907313315299122	GSM981729
0	0.0810980385359061	0	0	0.0129951528569643	0	0	0	0.0253536952124762	0.734609811040356	0	0.145943302354297	0	0.578038073480241	0.817890844665363	GSM981730
0.0201516744822085	0.0311810012423859	0	0	0.406744472148538	0	0	0	0	0.298046236807974	0.203839060255551	0.0400375550633422	0.02	0.455124816559484	0.912538956722589	GSM981731
0.00217476896002724	0.025269872182173	0	0	0.568247116082086	0	0	0.00781446723112183	0	0.0996571533280865	0.145730430257737	0.151106191958769	0.07	0.259124283710627	1.01045456866782	GSM981732
0	0.074605494988177	0	0	0.436904247357656	0	0.0416287610449451	0	0.0268827818867407	0.36915233781033	0	0.0508263769121507	0.07	0.292069835617322	0.998373639236831	GSM981733
0.0189040587561531	0.0167113552788744	0	0	0.358804091234217	0	0	0.00201993915958671	0	0.49714488537358	0	0.106415670197589	0.03	0.393162232083833	0.939087640338982	GSM981734
0.00406972751646494	0.0417369308897126	0	0	0.45510363444739	0	0	0.000273036458709981	0	0.252917326919815	0.158534863191426	0.0873644805764816	0.02	0.468680235118501	0.892934227010529	GSM981735
0.00582955041837616	0.0315686914418686	0	0	0.386859741290192	0	0	0	0	0.362959101640207	0.117462406285836	0.0953205089235192	0.02	0.476240297699834	0.887887247166821	GSM981736
0.00930610788344621	0.0187909218503135	0	0	0.41657926301642	0	0	0.00321132663659121	0	0.337565368191948	0.138106358882032	0.076440653539249	0.02	0.441624132171934	0.912984117010606	GSM981737
0	0.113968909919959	0	0	0.296650733697758	0.0391797159838467	0.0495350433016297	0	0.0432881416662629	0.424428267207513	0	0.0329491882230295	0.0600000000000001	0.310062755727134	0.992930430073349	GSM981738
0.0205957018732	0.0187111485064469	0	0	0.557861277829375	0	0	0.00144482985221231	0	0.249564486152065	0	0.151822555786701	0.0600000000000001	0.311409153765374	0.976314374834231	GSM981739
0.00964309680416505	0.0305691788138007	0	0	0.332658768028803	0	0.00862238779629654	0	0	0.485539777296365	0	0.132966791260569	0.03	0.38100136122193	0.944328571838646	GSM981740
0.00430180545424307	0.0561309532806266	0	0	0.298770083058226	0	0	0	0.0347433297756998	0.44277172317862	0	0.163282105252584	0.0600000000000001	0.3145919877393	0.977670634773768	GSM981741
0	0.0506612639244759	0	0	0.329610342205636	0	0.00754721116595845	0	0	0.466602451050276	0	0.145578731653654	0.04	0.36909615740188	0.950079524553566	GSM981742
0.0250921453202479	0.0148069533850646	0	0	0.435556549017684	0	0	0	0	0.456131037743488	0.0132847751281604	0.0551285394053549	0.03	0.374531841819701	0.954180029991682	GSM981743
0.0261557710047922	0.0187956079955062	0	0	0.199807426917231	0.0312703806852473	0	0	0	0.63970186337519	0	0.084268950022033	0.04	0.35437415542999	0.976456928882423	GSM981744
0.00123015008262464	0.0378295123509953	0	0	0.477269745673496	0	0	0	0	0.455698400047078	0	0.0279721918458059	0.05	0.337272517731965	0.977295608300081	GSM981745
0	0.053389809874835	0	0	0.420177677962269	0.00390620658299605	0	0	0	0.429588026344392	0	0.0929382792355083	0.07	0.287356516824634	1.00107687322192	GSM981746
0.0189839022892481	0.0156659346280032	0	0	0.521876538174705	0.0204204909564923	0.0223180572127291	0	0	0.237627317501924	0	0.163107759236898	0.07	0.278580915929834	0.990941212227904	GSM981747
0.0011826779813217	0.0490950661622927	0	0	0.530967652869849	0	0	0	0	0.139318018237007	0.11238765467622	0.16704893007331	0.08	0.246781142083542	1.01753111195937	GSM981748
0	0.0459120127786993	0	0	0.540262677207271	0	0.0120734773757599	0	0	0.296618250218498	0	0.105133582419773	0.07	0.27320421612132	1.00211219712918	GSM981749
0	0.0395183213749944	0	0	0.606323847111028	0	0	0	0	0.160004904878644	0.181856295849022	0.0122966307863123	0.03	0.377999421238771	0.958512831212262	GSM981750
0	0.0952975967558764	0	0	0.451737441177955	0	0.0206926780099527	0	0.0976989764672718	0.280656831309682	0	0.053916476279262	0.08	0.238647269066498	1.02138643452789	GSM981751
0	0.0538246472570765	0	0	0.467220775113425	0.0211013127016	0.00584822346119353	0	0	0.284681341499099	0	0.167323699967606	0.11	0.211927512964848	1.02919937037765	GSM981752
0	0.0534126591750382	0	0	0.599637931902606	0	0.00678643618544517	0	0	0.167042811037445	0	0.173120161699465	0.11	0.192571469452741	1.04003728740038	GSM981753
0	0.0629072436053425	0	0	0.620577985390939	0	0.0138672198941497	0	0	0.146375775974901	0	0.156271775134667	0.16	0.147512645856674	1.0680087212594	GSM981754
0	0.045081677199181	0	0	0.451839838061488	0	0	0	0	0.434855437983375	0	0.0682230467559558	0.0600000000000001	0.329770278810434	0.977665174405398	GSM981755
0.0205737641888571	0.0247459239941635	0	0	0.239525425521604	0.00430679638839553	0	0	0	0.567057141349804	0	0.143790948557176	0.04	0.349914267125272	0.969746844132486	GSM981756
0	0.0845727056170437	0	0	0.397533230120527	0.0264992633742104	0.0420407611175041	0	0.0534895142819626	0.286520275539593	0	0.109344249949159	0.08	0.238953157227165	1.01677607157147	GSM981757
0.00402549394276668	0.03164384611412	0	0	0.566027529034081	0	0	0.00723750485217283	0	0.0555564348246805	0.186284717093868	0.14922447413831	0.0600000000000001	0.322803209758701	0.977537334563459	GSM981758
0	0.038521039498019	0	0	0.642249078090383	0	0.00116032449705457	0	0	0.227748825757116	0	0.0903207321574273	0.1	0.222170785411666	1.03088987194968	GSM981759
0	0.0678020537084167	0	0	0.580833711863836	0	0.00130898752128643	0	0	0.207404353643981	0	0.142650893262479	0.11	0.195680934302349	1.04469952992288	GSM981760
0.00424112536727123	0.0388794377316694	0	0	0.34899670716936	0	0.00613600638202294	0	0	0.405367466520641	0	0.196379256829035	0.0600000000000001	0.311789885213119	0.977272250589127	GSM981761
0	0.0690760052873752	0	0	0.651815669705748	0	0	0	0.0241792689079017	0	0.181517037255413	0.0734120188435615	0.12	0.176717540358959	1.07390165292354	GSM981762
0	0.0622239601083644	0	0	0.393278143688869	0	0.00122838837357142	0	0.0608851301267655	0.456121776170461	0	0.0262626015319686	0.04	0.360080151966505	0.958548588016363	GSM981763
0.0265234653920738	0.0294392988920521	0	0	0.537772241856402	0	0	0	0	0.207705423359445	0.0890444837847453	0.109515086715283	0.1	0.22850871595393	1.0357289954428	GSM981764
0.00394702439004147	0.0318471660965371	0	0	0.544601747093254	0	0.0022309159108246	0	0	0.198293654917677	0.022372798049758	0.196706693541908	0.11	0.196651616785224	1.03360436599702	GSM981765
0	0.0559203422330649	0	0	0.624995766285311	0	0	0	0	0.129507258431925	0.131470662559951	0.0581059704897476	0.09	0.232369155865853	1.04121048024995	GSM981766
0	0.0581251370921646	0	0	0.681627315887897	0	0	0	0.041290250623931	0.107768693802741	0	0.111188602593266	0.18	0.122291508986965	1.08131742935501	GSM981767
0.00866676109035648	0.0356632903951513	0	0	0.433667661401116	0	0	0	0	0.39490921968216	0.00100949826924881	0.126083569161967	0.04	0.361261228137376	0.952923111041203	GSM981768
0.0204846040967748	0.0291073066890719	0	0	0.478695056394451	0	0	0	0	0.28034620467411	0.111700333478422	0.0796664946671702	0.03	0.398223810582576	0.938856843245915	GSM981769
0	0.0667532061830827	0	0	0.510238885189868	0	0.0260063542674877	0	0.045263230080052	0.338733613715684	0	0.0130047105638258	0.08	0.236631330172733	1.03068390722748	GSM981770
0.0157192387111576	0.0205659196944715	0	0	0.489797679702086	0	0	0	0	0.39834528449819	0	0.0755718773940954	0.09	0.232756623755691	1.0319027704119	GSM981771
0.0170094473174561	0.0280798765637956	0	0	0.455489654140666	0	0	0	0	0.276796895274006	0.150081203387614	0.072542923316462	0.03	0.387368728521523	0.949429183614967	GSM981772
0	0.0729291669211641	0	0	0.329426762170464	0	0	0	0.075199982359398	0.411323211989306	0	0.111120876559668	0.0600000000000001	0.298043830825735	0.985907389622042	GSM981773
0.0321222891684529	0.0514378636748844	0	0	0.0827714579593098	0.101375017572152	0	0	0.0851555518197997	0.52397558725189	0	0.123162232553511	0.03	0.425581415932786	0.912456084395802	GSM981774
0	0.0616013059663956	0	0	0.618494622418184	0	0	0	0.0131245833374823	0.2275615881481	0	0.0792179001298377	0.0600000000000001	0.29562745352583	0.992909013106615	GSM981775
0.00226105683149246	0.0520777043633795	0	0	0.523012932806788	0	0.00154907700374732	0	0	0.249011273312768	0.0158710408913276	0.156216914790498	0.0600000000000001	0.311067999521473	0.978073690197724	GSM981776
0.00308232849550064	0.0530959855912439	0	0	0.557077075459306	0	0	0	0.017174956884218	0	0.290478069965927	0.0790915836038049	0.0600000000000001	0.31754083899261	0.996403666350342	GSM981777
0.00390747017219056	0.046899700342076	0	0	0.567306968464947	0	0.00546191051155163	0	0	0.208890028072401	0	0.167533922436834	0.11	0.198595445182971	1.03669515884246	GSM981778
0	0.0516052101826278	0	0	0.478515131633322	0	0.00549846954248811	0	0	0.282360566786869	0	0.182020621854693	0.07	0.278484689013482	0.993054934844409	GSM981779
0	0.0958554846723429	0	0	0.224050376452817	0	0	0	0.0926571082768626	0.377006478176131	0	0.210430552421846	0.07	0.268775057428374	0.994291656917872	GSM981780
0.00422908218873269	0.033598793164761	0	0	0.526204948868223	0	0	0.00487937928130574	0	0.152466138817792	0.192962997546951	0.085658660132235	0.03	0.378281922477592	0.951880220805046	GSM981781
0	0.0476330533410089	0	0	0.545531150627671	0	7.90732637050896e-06	0	0	0.312314451029664	0	0.0945134376752858	0.09	0.233691184103321	1.02646773770257	GSM981782
0.0113408607452312	0.0536442813911796	0	0	0.523177182724255	0	0	0	0	0.30455570705547	0	0.107281968083864	0.11	0.213733640641364	1.03940876840784	GSM981783
0	0.0466152872597008	0	0	0.636257945585349	0	0	0	0.0117854793602559	0.0275511562580739	0.1879651641174	0.0898249674192199	0.09	0.231959309815153	1.03735027363413	GSM981784
0	0.130818309134541	0	0	0.32396922967907	0	0.000318912751674492	0	0.144918946410595	0.299898562678412	0	0.100076039345709	0.11	0.214780687169657	1.03047762086911	GSM981785
0	0.0556170857936411	0	0	0.516058504482132	0	0	0	0	0.286608457684397	0	0.14171595203983	0.11	0.207114452768463	1.0364452094837	GSM981786
0.018603256880672	0.0326784137604031	0	0	0.375047640056911	0	0	0	0	0.436954168702562	0	0.136716520599451	0.04	0.357495542848641	0.957155382115613	GSM981787
0	0.0821115259433849	0	0	0.359690771839354	0.0380148694339819	0.0178100735111465	0	0.1140280740941	0.314619222529736	0	0.073725462648297	0.07	0.266762231351958	0.997749207616046	GSM981788
0	0.0689646236850905	0	0	0.252580553584583	0.0407033647630606	0.0119282371564528	0	0.060191912091773	0.453198491828253	0	0.112432816890787	0.0600000000000001	0.300756934164309	0.985247819378692	GSM981789
0	0.0716117531275216	0	0	0.583292616160441	0	0.0614727138803088	0	0	0.207576999506516	0	0.0760459173252135	0.08	0.244935110016171	1.02383348355636	GSM981790
0	0.0978636562909428	0	0	0.170811646858438	0.110254332767819	0.0308586654266904	0	0	0.467365152410665	0	0.122846546245445	0.04	0.363084836008822	0.953947502863338	GSM981791
0	0.171252474973268	0	0	0.13025803736857	0	0.0042288624223544	0	0.00672933049750013	0.406957603872017	0	0.28057369086629	0.03	0.399850241561494	0.933127341750549	GSM981792
0	0.156553094351996	0	0	0.153752402900595	0.00515749005258574	0.0493142442663004	0	0	0.426164545057086	0	0.209058223371436	0.0600000000000001	0.320511669634422	0.984649283693627	GSM981793
0	0.0481602438386696	0	0	0.463955897329524	0	0.0108048898495651	0.0023488557299161	0	0.28107198980885	0	0.193658123443475	0.08	0.24412730639693	1.00973669115015	GSM981794
0	0.0894489197755114	0	0	0.464665304906159	0	0.0202237947123248	0	0	0.177093593485883	0	0.248568387120121	0.12	0.168133008220308	1.0512272170356	GSM981795
0	0.0730889921103653	0	0	0.393819347909131	0	0	0	0	0.153187089311949	0.191033349468166	0.188871221200388	0.03	0.379153513126504	0.946981030410292	GSM981796
0	0.044507793252402	0	0	0.551387081812305	0	0.034523457357228	0	0	0.239616921936325	0	0.12996474564174	0.11	0.197369363731699	1.03884937187271	GSM981797
0	0.0697701407041521	0	0	0.410844361812745	0	0	0	0.0178608515140031	0.207987120604113	0	0.293537525364987	0.07	0.28478553262437	0.982168945895049	GSM981798
0	0.0618166457982227	0	0	0.386114966225565	0	0.00529871627302483	0	0	0.165039417188087	0	0.3817302545151	0.07	0.2720612339007	0.985238559729663	GSM981799
0	0.0484257277455456	0	0	0.185966149374918	0.00576208717021129	0	0	0	0.624152972193015	0	0.135693063516311	0.03	0.394936962626237	0.945149495464553	GSM981800
0.00786660262950357	0.0450895699698852	0	0	0.65360160861023	0	0	0	0.0520436891976004	0.0224761193488315	0.218922410243949	0	0.03	0.372037312179298	0.959911108346763	GSM981801
0	0.0875677689074588	0	0	0.211467143246213	0.00200879079186058	0.00942987861829376	0	0	0.520335077774168	0	0.169191340662006	0.03	0.380009267792648	0.947417198212553	GSM981802
0	0.128801560261666	0	0	0.173128174257127	0	0.00367854934634815	0	0	0.44193701060053	0	0.252454705534329	0.03	0.370053562084243	0.94939835004894	GSM981803
0	0.0926684682420122	0	0	0.19813209573657	0.00104804197403507	0.000289177969932456	0	0	0.431562870629677	0	0.276299345447773	0.0600000000000001	0.329536518233181	0.968171549840746	GSM981804
0	0.0505758516580193	0	0	0.419406970030422	0	0	0	0.0508440093311083	0.307922264099652	0	0.171250904880799	0.08	0.241629220175062	1.00812587751024	GSM981805
0	0.0781540339540168	0	0	0.243608496613405	0.0677035398867927	0.00315811399318353	0	0.0506893560262446	0.381994696149686	0	0.174691763376671	0.0600000000000001	0.306830358782177	0.975342508765842	GSM981806
0.000671417606791492	0.0645882480283652	0	0	0.197182220237474	0	0	0	0.0373924966308972	0.609935959204704	0	0.0902296582917678	0.02	0.44215075834304	0.912442356312568	GSM981807
0	0.0506131541228492	0.00062929293737663	0	0.144809298933041	0.0340557015679703	0.012079677832516	0	0	0.595051160606202	0	0.162761714000044	0.01	0.522258819988819	0.853956153548547	GSM981808
0	0.0688127681354977	0	0	0.504021011807997	0	0	0	0.0407447515718685	0.244011131055724	0	0.142410337428913	0.12	0.172850431764641	1.04995756730709	GSM981809
0.0140089675909896	0.0420294669235556	0	0	0.282626768086774	0.052184997649833	0.0228550405771967	0	0.0429756300140754	0.498773775119316	0	0.04454535403826	0.0600000000000001	0.295867403078888	0.996994209430057	GSM981810
0	0.0692927953908915	0	0	0.323572133051443	0.0510123968390703	0.0186797551104637	0	0	0.418130923836301	0	0.11931199577183	0.04	0.355653995669658	0.956543290913335	GSM981811
0	0.0552344722249734	0	0	0.534215639916949	0	0.0105518353675757	0	0	0.322819267688846	0	0.0771787848016553	0.11	0.1952450552755	1.05091186792931	GSM981812
0.0335286630506003	0.032056959713588	0	0	0.307792496446583	0.044481333317295	0	0	0	0.500621311822828	0	0.0815192356491062	0.03	0.421583618070136	0.922728602519849	GSM981813
0.00855455506923291	0.0283811269121275	0	0	0.598613355425025	0	0	0	0	0.158743979070104	0.110513013698098	0.0951939698254132	0.0600000000000001	0.298839434781349	0.993699101614417	GSM981814
0.0287845908635577	0.0199538127361794	0	0	0.39561883877113	0	0	0	0	0.366761190592922	0.0896897831278778	0.0991917839083326	0.02	0.446507974998947	0.907385613132781	GSM981815
0	0.160365147804004	0	0	0.0874113832007416	0	0	0	0.0262877654533906	0.461931437842102	0	0.264004265699762	0.03	0.378799350547675	0.945587232442854	GSM981816
0	0.171030157200697	0	0	0.198706235258592	0	0.00251392893374687	0	0	0.37782554045874	0	0.249924138148224	0.0600000000000001	0.30959025362953	0.99103681539982	GSM981817
0	0.0260983131378316	0	0	0.524800408003446	0	0	0	0	0.256353968706961	0.0815706812039286	0.111176628947833	0.0600000000000001	0.314021721561387	0.981777881233099	GSM981818
0	0.102349116914854	0	0	0.442510054261784	0	0.0146528289188868	0	0	0.278338503126091	0	0.162149496778384	0.11	0.214648904794093	1.03832080777295	GSM981819
0	0.115025198672564	0	0	0.131494949064867	0.00751522020123375	0	0	0.0360646803011708	0.464961191980966	0	0.244938759779199	0.03	0.39002390588392	0.93408737071804	GSM981820
0	0.132845357907627	0	0	0.267357859434672	0	0.0182690688708376	0	0	0.374737497244261	0	0.206790216542602	0.0600000000000001	0.319115787418009	0.981154633809744	GSM981821
0	0.085462585731041	0	0	0.241246825885898	0.0596725138439813	0.0223324373073878	0	0.0223203259585298	0.45291365086524	0	0.116051660407922	0.07	0.294458033876373	0.993245314582128	GSM981822
0	0.139539373432638	0	0	0	0	0	0	0.0718959935545851	0.566710493323875	0	0.221854139688902	0.03	0.411581705736657	0.926056952249343	GSM981823
2.53578544922645e-05	0.0487413542779585	0	0	0.00470836762442364	0	0	0	0.0336199311225383	0.735374415906683	0	0.177530573213904	0	0.582826203780663	0.813266481356748	GSM981824
0.0181568463211939	0.0258286925620292	0	0	0.41432171774839	0	0	0	0	0.287518009796296	0	0.254174733572091	0.07	0.278092872607903	0.988566002600185	GSM981825
0	0.162672822970436	0	0	0.279394323069713	0.0299568139093176	0.00634752824558297	0	0.0686220392050454	0.220249181717335	0	0.232757290882571	0.07	0.292956746842517	0.990940720604902	GSM981826
0	0.0827608377700084	0	0	0.104791493549491	0.061787619014997	0	0	0.0698515452474393	0.499693782884896	0	0.181114721533168	0.03	0.386326767934142	0.93417531063642	GSM981827
0	0.0634985812299841	0	0	0.274711794671664	0	0	0	0	0.563044289990272	0	0.0987453341080799	0.03	0.424845198131665	0.923478863159094	GSM981828
0	0.0993218001306309	0	0	0.214386483400503	0	0	0	0.00257840977974958	0.52074305933265	0	0.162970247356467	0.03	0.401740927172959	0.934878409309875	GSM981829
0	0.0466332800065784	0	0	0.553569099675074	0	0.0232448454055324	0	0	0.200000477143725	0.094661946791789	0.0818903509773015	0.04	0.346703699347242	0.965802834933042	GSM981830
0	0.0441921384974561	0	0	0.469120023901845	0	0.00558867799196816	0	0	0.277459021576787	0	0.203640138031944	0.04	0.352988330953874	0.949629520721804	GSM981831
0	0.0307153512276461	0	0	0.690823066779017	0	0.00327345061690452	0.00642643479433125	0	0	0.135944367972206	0.132817328609895	0.0600000000000001	0.299363860288121	0.989257506021775	GSM981832
0	0.106651214412489	0	0	0.169603698903079	0	0.0332056860541183	0	0	0.308595422002194	0	0.38194397862812	0.04	0.353490071768673	0.947466838336248	GSM981833
0.0151839367088948	0.0229535962751526	0	0	0.36009539025734	0	0.00204066090829546	0	0	0.483812245637079	0	0.115914170213238	0.03	0.37347393146853	0.950158106841692	GSM981834
0	0.159746032518913	0	0	0.101686778084627	0.0160305844057279	0.0194528892342288	0	0.0144885516252074	0.431220246745881	0	0.257374917385415	0.03	0.390013623604293	0.938036706980039	GSM981835
0	0.0699410705418083	0	0	0.394681975291798	0	0.0651765716416113	0	0	0.390632458837985	0	0.0795679236867978	0.04	0.345211290717739	0.966734767997906	GSM981836
0	0.187328188397295	0	0	0.126023301980604	0.0159482991060832	0.0356526559255756	0	0	0.297331950611041	0	0.337715603979402	0.05	0.340655927707812	0.967138068348766	GSM981837
0	0.0673191995585627	0	0	0.254805355967144	0	0	0	0	0.473979339601702	0	0.203896104872591	0.03	0.42606475790015	0.913546105255025	GSM981838
0.000383684322026403	0.0282764970520079	0	0	0.583231337359722	0	0.00999962936436384	0	0	0.224806671493749	0	0.15330218040813	0.07	0.250054577917165	1.007040032944	GSM981839
0	0.068435298151028	0.00100779346661839	0	0.288710682447665	0.0153899014415187	0.0232675155614064	0	0.0309271159890445	0.484171022751415	0	0.0880906701913037	0.0600000000000001	0.305365082974727	0.990654153949872	GSM981840
0.025789310203014	0.0196482921343886	0	0	0.655563759143928	0	0	0	0.0258644900868009	0.0526036070625954	0.195925282629971	0.024605258739302	0.1	0.224928020884787	1.05038971906262	GSM981841
0	0.130376243561666	0	0	0.0650888630605599	0.0138538750932193	0.0127502370691025	0	0.0335756711387774	0.657482417739137	0	0.0868726923375379	0.02	0.453199064731838	0.91160017677478	GSM981842
0	0.0801575607134511	0	0	0.388485379780215	0.00476688483320284	0.0621828056394472	0	0	0.328058964492449	0	0.136348404541236	0.07	0.260253420088391	1.01024921559412	GSM981843
0	0.0837150274233058	0	0	0	0	0	0	0.0517488179795008	0.724337326319748	0	0.140198828277446	0	0.588533511093986	0.808286457534593	GSM981844
0.0141820663756124	0.0139089010773666	0	0	0.441537854764582	0.00188289164910596	0	0	0.120033328164568	0.371363157145157	0	0.0370918008236085	0.1	0.226243251734249	1.02062034564462	GSM981845
0	0.0653884720921324	0	0	0.10457785872316	0.0784698065293028	0.0341596025491185	0	0	0.630878191155536	0	0.0865260689507505	0	0.531023874584895	0.850029944681146	GSM981846
0	0.0565862177915299	0	0	0.536051721412784	0	0.0233096771077115	0	0	0.207173166218346	0	0.176879217469629	0.08	0.23807585873947	1.01475841560421	GSM981847
0	0.0647327010991741	0	0	0.141051195553138	0	0	0	0	0.728138541075027	0	0.0660775622726608	0	0.603416973314202	0.798878344180341	GSM981848
0	0.0972990598906441	0	0	0.16259982111618	0	0	0	0.00441380023720699	0.607870912393991	0	0.127816406361978	0.02	0.431523429187727	0.921857570969241	GSM981849
0	0.0565402758374215	0	0	0.188217843703318	0.088760720714451	0.0249312534271532	0	0.00620245232512637	0.567558523283375	0	0.0677889307091551	0.02	0.462243851011477	0.895560444672767	GSM981850
0	0.070774585154999	0	0	0.226505664898761	0.0456757919055219	0.0519546951012255	0	0.0561376785280671	0.404935846772948	0	0.144015737638478	0.05	0.336398727262611	0.960683702719284	GSM981851
0	0.0482548501869466	0	0	0.549300120223971	0	0.000648906668421369	0	0	0.282044548661092	0	0.119751574259569	0.07	0.251005276013368	1.01360110211196	GSM981852
0	0.0869239683014991	0	0	0.466428658440612	0	0.0119480524847991	0	0	0.329629507028536	0	0.105069813744553	0.08	0.239548515168884	1.02855819290966	GSM981853
0.00897938375474938	0.0304605655823581	0	0	0.390384791536752	0	0	0	0	0.497846014349544	0	0.0723292447765968	0.03	0.41276525686316	0.928402688219528	GSM981854
0	0.0825078345886011	0	0	0.478499480875737	0	0.022441537531945	0	0	0.23735104491617	0	0.179200102087547	0.11	0.214789899655872	1.031736492626	GSM981855
0	0.122247390339318	0	0	0.261147085463618	0.0133503470226705	0.0388955697812611	0	0.0802871389807706	0.394371652363667	0	0.0897008160486951	0.1	0.225840571440089	1.03304587157573	GSM981856
0	0.0601658873824503	0	0	0.240469903745373	0.0850034032787336	0.018468831494376	0	0.0825513522119706	0.441020922202787	0	0.07231969968431	0.0600000000000001	0.308397590226213	0.977881068361834	GSM981857
0.00923763957176431	0.0230036629201456	0	0	0.568667409179003	0	0.00271922169626344	0	0	0.240487273507153	0.0809297582336193	0.0749550348920515	0.04	0.349376705447164	0.964175212755196	GSM981858
0	0.0439403448087988	0	0	0.218240115533871	0.0012992291332829	0	0	0.0153167255599111	0.581999220481473	0	0.139204364482662	0.02	0.454190066215151	0.901173514422686	GSM981859
0	0.0979278872935153	0	0	0.0671436286248372	0.0303571721464958	0	0	0.0239367871577217	0.579934083593976	0	0.200700441183454	0.02	0.4769768228501	0.884125633576415	GSM981860
0	0.0331126124693336	0	0	0.25585284549531	0	0	0	0	0.622852691909945	0	0.088181850125412	0.03	0.380432057332652	0.957203246228838	GSM981861
0.00281402018652849	0.0331063003124472	0	0	0.47867300208341	0	0	0	0	0.347548263773144	0.111350428813904	0.0265079848305658	0.02	0.482530316273991	0.885836866476117	GSM981862
0	0.144327735551247	0	0	0.330116348252938	0	0.0616252674459912	0	0.0380175559892175	0.329442106698159	0	0.0964709860624469	0.11	0.200527806169106	1.05729853422976	GSM981863
0	0.0261456108436885	0	0	0.417987434493916	0	0.00661934051464708	0	0	0.486705483426781	0.0427701512367008	0.019771979484267	0.02	0.482598958431663	0.885924388217549	GSM981864
0	0.0771702061903895	0	0	0.551634533248559	0	0.0268000672093637	0	0	0.235287544368544	0	0.109107648983143	0.11	0.197154425825679	1.04853027540069	GSM981865
0	0.075215925065399	0	0	0.191347199006554	0	0	0	0	0.528598861157934	0	0.204838014770113	0.03	0.391437844748769	0.93836913294305	GSM981866
0	0.0811468887509912	0	0	0.256877686869988	0.00126413557137926	0	0	0	0.482878152537873	0	0.177833136269768	0.07	0.275310463837481	1.00735724349926	GSM981867
0	0.0605420479592932	0	0	0.187026446654813	0.0530616411516296	0.0387666438040376	0	0	0.553489488219313	0	0.107113732210914	0.02	0.452353654036159	0.901516696744025	GSM981868
0	0.0617970161722208	0	0	0.307864921777982	0	0	0	0	0.531448496959581	0	0.0988895650902163	0.02	0.454338045166702	0.901771637665738	GSM981869
0	0.0395697455404701	0	0	0.594834896340799	0	0	0.00114489619054819	0	0.321225716009139	0	0.0432247459190436	0.07	0.275713044646901	1.00738752986184	GSM981870
0	0.109918482445489	0	0	0.31633099413727	0.0102375866677292	0.0393734105612007	0	0	0.325445450805002	0	0.198694075383309	0.07	0.293364829866519	0.990907362609905	GSM981871
0	0.0411573453116604	0	0	0.524105456723667	0	0.0260177068359406	0	0	0.271586636247857	0	0.137132854880875	0.07	0.249445543741642	1.01043769566617	GSM981872
0.00204525675013722	0.0597871855494646	0	0	0.190017359431416	0.0519873831631197	0.0255077937091157	0	0.022593172714182	0.603001732342554	0	0.0450601163400106	0.02	0.454033500517558	0.904769388793109	GSM981873
0	0.0681535787705663	0	0	0.214477666860125	0.0599693080081352	0.0725241170820613	0	0	0.397275339579316	0	0.187599989699796	0.03	0.396218496685035	0.927083338093357	GSM981874
0.022064770226706	0.00642858950577122	0	0	0.249941452146299	0	0.00106039876194407	0.00565454615520632	0	0.601977297118839	0	0.112872946085235	0.01	0.498751502774073	0.873393062851977	GSM981875
0	0.0716027593313579	0	0	0.232270666631744	0.0803111077267058	0.0168623104880893	0	0.0932153279979173	0.402517683063747	0	0.103220144760438	0.03	0.375622619010588	0.936930465924687	GSM981876
0	0.0746390066040823	0	0	0.388264178349629	0.00275287457522741	0.0176899299427538	0	0	0.307427448602265	0	0.209226561926043	0.11	0.183527288401074	1.04456796950389	GSM981877
0	0.0245352852986789	0	0	0.358964129067487	0	0.000618898618374747	0	0	0.512568082149777	0	0.103313604865683	0.03	0.407608153961189	0.929763628384499	GSM981878
0	0.0692090238451084	0	0	0.0826355242224768	0.0199286973334836	0	0	0.0171684519001544	0.640887117588964	0	0.170171185109813	0.02	0.478256510729652	0.887049062891354	GSM981879
0	0.166557438751634	0	0	0.147594665734158	0.00261191422742422	0.017653594180382	0	0	0.482450667688121	0	0.183131719418282	0.04	0.351586210190826	0.971974124945765	GSM981880
0	0.10345646234705	0	0	0.197469236574689	0.0376057082385592	0.0192282160956046	0	0.0689541855206845	0.457899625154478	0	0.115386566068934	0.03	0.390506552805377	0.93498454539369	GSM981881
0	0.13931348650326	0	0	0.0640826571815893	0.0365716637830391	0	0	0.0275233282488232	0.48775090021685	0	0.244757964066439	0.03	0.402291882193896	0.929276945646714	GSM981882
0	0.0669976892646106	0	0	0.260373995283742	0.00101030146757215	0	0	0	0.522538516940109	0	0.149079497043966	0.05	0.334815481928375	0.975530233825614	GSM981883
0.0179726536974403	0.0141425125207056	0	0	0.558741438785591	0.0168211674700602	0.0139086556685927	0	0	0.282264534313388	0	0.0961490375442221	0.11	0.207307918540553	1.03681484007423	GSM981884
0	0.129453904960697	0	0	0.320108226186377	0	0.0391313478541487	0	0.0887022486813932	0.318882331571429	0	0.103721940745955	0.1	0.224246146234596	1.03176259004253	GSM981885
0	0.0455806382201587	0	0	0.266164478741522	0.118658786178467	0.0328264105676272	0	0	0.326038283714488	0	0.210731402577737	0.03	0.424745563732382	0.90635107270205	GSM981886
0	0.0384620416726025	0	0	0.473509632943537	0	0	0	0	0.18472039906553	0.182524001429372	0.120783924888959	0.03	0.398761116019258	0.936456114057978	GSM981887
0	0.0409464844045657	0	0	0.541507761922121	0	0	0	0	0.348789580909635	0	0.0687561727636779	0.08	0.237044256651968	1.02763781983343	GSM981888
0	0.0748467565540868	0	0	0.600060537328562	0	0	0	0.0840835296674842	0.157211325981758	0	0.083797850468108	0.12	0.169672395403866	1.05494020607258	GSM981889
0	0.0595998127035163	0	0	0.674757758136099	0	0	0	0.0301539162421653	0.149692426557288	0	0.085796086360931	0.17	0.143199738975507	1.07494328397647	GSM981890
0	0.0675433425939728	0	0	0.138719725805191	0	0	0	0.0158209850677248	0.618489012244436	0	0.159426934288675	0	0.539926807844719	0.842509309919706	GSM981891
0.00433822252873588	0.0367464930069783	0	0	0.547527597738494	0	0	0.0168871175414251	0	0.138866045051592	0.113150084441358	0.142484439691416	0.07	0.282771333060665	0.997192741234268	GSM981892
0	0.0852762480600611	0	0	0.660105406480859	0	0.00898822919149078	0	0.0752191159594589	0	0	0.17041100030813	0.21	0.106411807448325	1.08984630032784	GSM981893
0	0.0764525818571787	0	0	0.620182645836225	0	0	0	0.091327647786157	0.122165283699462	0	0.0898718408209768	0.17	0.142196109485981	1.06906868900509	GSM981894
0.0077215402018153	0.000446634806265736	0	0	0.50959930600257	0	0.0004296074252753	0.00585053193886131	0	0.348643304641892	0	0.12730907498332	0.04	0.359568329689918	0.94941061923616	GSM981895
0.0143466494888903	0.0234936211418838	0	0	0.62496508059877	0	0	0	0.0943944842995272	0.0423834836147816	0.197842833144519	0.00257384771162803	0.07	0.251333444950946	1.02446059368281	GSM981896
0	0.0726992541932389	0	0	0.451777372014817	0	0	0	0.0887803520792179	0.359551499228387	0	0.0271915224843396	0.07	0.278983236055827	1.00091113789628	GSM981897
0	0.0597645342055991	0	0	0.228499390404134	0	0	0	0	0.619031450684207	0	0.0927046247060603	0.0600000000000001	0.305233040907701	1.0064730184672	GSM981898
0.00421592071347982	0.0243522749046002	0	0	0.479326864973027	0	0.00339384977030669	0	0	0.363379766887769	0	0.125331322750818	0.05	0.34431328275456	0.960311014779641	GSM981899
0.0191764357081703	0.0240454659527102	0	0	0.4352431460184	0	0	0.0047844628936804	0	0.191085051080723	0.114327707239627	0.211337731106689	0.04	0.369678352660957	0.944788390332994	GSM981900
0	0.104298217828355	0	0	0.114666546634773	0.0188917594562535	0	0	0.038548495179882	0.522221563832437	0	0.201373417068299	0.03	0.402471715609914	0.929448466309327	GSM981901
0	0.0544347171162365	0	0	0.497975833984704	0	0	0	0	0.229072633082754	0.118160075648366	0.10035674016794	0.0600000000000001	0.310930733203773	0.990067530539279	GSM981902
0	0.100705601833401	0	0	0.315641977860823	0.0389806038477437	0.0114361036445141	0	0	0.246067231763818	0	0.2871684810497	0.0600000000000001	0.314873655287051	0.970510039124186	GSM981903
0.0269707295938393	0.0268500677479245	0	0	0.521712218286354	0	0	0	0	0.326175563793678	0	0.0982914205782046	0.08	0.245658432738538	1.02212199864536	GSM981904
0	0.0892321131750527	0	0	0.288369060936418	0	0	0	0	0.447519751190991	0	0.174879074697538	0.0600000000000001	0.310812773168933	0.985625035075071	GSM981905
0	0.0630919948267334	0	0	0.525775195453767	0.0162072765503605	0.0091798933800892	0	0	0.168639060194354	0.0614146562597133	0.155691923334983	0.0600000000000001	0.325360108720957	0.971747106659484	GSM981906
0	0.0551056126996836	0	0	0.344282632588831	0.0393440735467936	0.0080761410738246	0	0.0907151603188381	0.367095756844226	0	0.095380622927803	0.07	0.25322915942172	1.00381235960642	GSM981907
0.0364619578117129	0.0170211153063374	0	0	0.453070276571947	0.0231851629729122	0	0	0	0.265821786087362	0.0994990229323287	0.1049406783174	0.03	0.41402232639782	0.925333960263353	GSM981908
0.0336192732994536	0.0174687429271484	0	0	0.517169157576927	0	0	0.000774951249202081	0	0.335999894088312	0	0.0949679808589567	0.07	0.266617318471988	1.01076526101266	GSM981909
0	0.0561628515512252	0	0	0.279978154679946	0.0312163958120841	0	0	0.121509735681198	0.395377969054781	0	0.115754893220766	0.08	0.243394779443345	1.00611098881489	GSM981910
0.0325857454982267	0.00605801327341605	0	0	0.436164684486885	0.00272885468745164	0	0	0	0.299111711858235	0.184221426023058	0.0391295641727267	0.03	0.381896199276213	0.96153535343984	GSM981911
0.00794720466883253	0.0508633933478421	0	0	0.393543030616432	0.0288150008288792	0.0279497165700343	0	0.051990538869625	0.421197965503771	0	0.0176931495945838	0.07	0.278521543007408	1.00531461068064	GSM981912
0.0348584986705205	0.00530528177388138	0	0	0.650884786846357	0	0	0	0.0677596870906244	0.159839381924962	0	0.0813523636936545	0.11	0.190295733801163	1.04116946953023	GSM981913
0	0.0499614374975535	0	0	0.162875272206307	0	0	0	0	0.647330321637179	0	0.139832968658961	0.03	0.426930670027733	0.925706509281618	GSM981914
0	0.029119279956682	0	0	0.528632781255891	0	0.00644803380091869	0	0	0.34348806341611	0	0.0923118415703979	0.07	0.28020001065637	0.998825969301663	GSM981915
0	0.0670040971077122	0	0	0.517312913710386	0	0.00774889561624388	0.00170110112120047	0	0.233075605514013	0	0.173157386930444	0.12	0.171881934282673	1.05264867877265	GSM981916
0	0.031351110787231	0	0	0.513631583642362	0	0	0	0.0149011835954763	0.37011361467434	0	0.0700025073005911	0.0600000000000001	0.30778256189963	0.984638431120665	GSM981917
0	0.115436646236685	0	0	0.23533121991675	0	0	0	0	0.525421477586387	0	0.123810656260178	0.03	0.374549611599954	0.957160010146202	GSM981918
0	0.0417150249684904	0	0	0.317764363653201	0.0787004538806304	0.00659755320032142	0	0.0501299441958162	0.328506332571481	0	0.17658632753006	0.04	0.346207327904607	0.949033605543768	GSM981919
0	0.0577075251512525	0.00283979129265808	0	0.459129427909429	0	0.0995851814055984	0	0	0.356672360875826	0	0.0240657133652369	0.07	0.293314823636032	1.00041397742311	GSM981920
0.009954503014268	0.0238731383670699	0	0	0.403859474069531	0	0	0	0	0.487706600880319	0	0.0746062836688114	0.07	0.285104298257638	1.00693459923098	GSM981921
0	0.130354649792448	0	0	0.400878473097089	0	0	0	0.199475840866964	0.176991937394537	0	0.0922990988489616	0.11	0.195583512065463	1.03581466829817	GSM981922
0.017734936841081	0.0302736455754691	0	0	0.508632145700371	0	0	0.000148596149835442	0	0.177601808714603	0.0798993350656992	0.185709531952941	0.09	0.231862199260724	1.02245988039636	GSM981926
0	0.143452570907885	0	0	0.19863682449304	0	0	0	0	0.414917706503016	0	0.242992898096059	0.04	0.362254889959376	0.955753375655647	GSM981927
0.0182077814542308	0.0127896274735597	0	0	0.179361566360088	0.0726325357469396	0.0199327517180075	0	0	0.559083074187116	0	0.137992663060058	0.03	0.404069516090025	0.931092014627108	GSM981928
0	0.0679015998204006	0	0	0.162226538804344	0.0791818582870182	0.0391138879145839	0	0	0.495471975349218	0	0.156104139824435	0.03	0.403264706965851	0.927549025480718	GSM981929
0.00391386407392106	0.0258078680705895	0	0	0.340446989044593	0	0	0	0	0.580932247229003	0	0.048899031581894	0.03	0.426826478097933	0.924907354864516	GSM981930
0.00578077332565118	0.0154624046356973	0	0	0.557901189399816	0	0	0.00197826579802138	0	0.23365722651426	0.0534286616177698	0.131791478708785	0.0600000000000001	0.306746789528864	0.980994744665852	GSM981931
0	0.100073720578949	0	0	0.273324845107847	0.00316052624504232	0.0916258909763364	0	0	0.402168833188774	0	0.129646183903051	0.07	0.289471662429326	0.999591082950081	GSM981932
0	0.0966743652236746	0	0	0.20738718705465	0	0	0	0	0.528731776624753	0	0.167206671096923	0.01	0.495056140036322	0.872730363926829	GSM981933
0	0.0742014021185039	0	0	0.383475722673351	0.0276543165133461	0.0767747692693156	0	0	0.322384057581154	0	0.115509731844329	0.07	0.26686908282506	1.00584975938712	GSM981934
0	0.157857591922829	0	0	0.170184039690083	0.0146543349454127	0.00178421203906412	0	0	0.448812154657145	0	0.206707666745467	0.04	0.352970799744246	0.96646603931347	GSM981935
0	0.116993955685496	0	0	0.249276851652739	0.000714983473503993	0.00983608463865672	0	0	0.409250112086125	0	0.213928012463479	0.03	0.39652003498748	0.932717492641984	GSM981936
0.0122516297212596	0.0243229845038525	0	0	0.232261004403821	0	0	0	0	0.598530772584576	0	0.132633608786492	0.03	0.382285795168877	0.951938432651478	GSM981937
0	0.147200125355087	0	0	0.0594714751267217	0.00916977108679153	0	0	0.0302013335776737	0.538089634189706	0	0.21586766066402	0.03	0.422763163762095	0.920980952469273	GSM981938
0	0.0620553868911342	0	0	0.38196265222239	0.0464753840234763	0.0285587859310825	0	0.0608230859978151	0.358864165066124	0	0.0612605398679782	0.0600000000000001	0.308026236404746	0.979705294286352	GSM981939
0	0.042646709058432	0	0	0.516954353147238	0	0	0	0	0.24776564191863	0.127611441782568	0.0650218540931327	0.0600000000000001	0.309095561716905	0.994982543627961	GSM981940
0.00266024504171192	0.0295210134318603	0	0	0.507094066922835	0	0.00859879823428672	0	0	0.368171575491853	0	0.0839543008774532	0.0600000000000001	0.315757989480453	0.980392063087309	GSM981941
0	0.0305819685551203	0	0	0.543517581276617	0	0	0	0	0.366125889304425	0	0.0597745608638384	0.0600000000000001	0.301886359288568	0.990649619730164	GSM981942
0.0235470062263785	0.0159766991455203	0	0	0.421746709540691	0	0.0105055510244374	0.00409763200025591	0	0.414263636235832	0.023129346832693	0.0867334189941919	0.04	0.367699530210024	0.954302312012655	GSM981943
0	0.13269778363248	0	0	0.377937399608125	0	0.0220238662923937	0	0	0.34568757558413	0	0.121653374882871	0.0600000000000001	0.306874250569875	0.995903696992903	GSM981944
0	0.126387021281856	0	0	0.301903658225465	0	0	0	0	0.390174468210699	0	0.18153485228198	0.03	0.412549887693825	0.925327308603848	GSM981945
0	0.0293894433364882	0	0	0.429462891823901	0	0	0	0	0.411597820253943	0	0.129549844585668	0.04	0.366755521912523	0.948661447698996	GSM981946
0	0.0862485377041559	0	0	0.116655328130733	0.0208275747018181	0.00408627492563397	0	0	0.520741928358873	0	0.251440356178785	0.03	0.419098928407048	0.918637499400577	GSM981947
0	0.116083253540202	0	0	0.296016615299508	0	0.00348574547034659	0	0	0.436590353196165	0	0.147824032493779	0.03	0.372844383417934	0.95255700909109	GSM981948
0.00621028541135191	0.021366105452403	0	0	0.580044487138024	0	0.0117068262803698	0	0	0.232197159574826	0.0215940038553336	0.126881132287691	0.07	0.254101916567172	1.0088241483255	GSM981949
0.00178127224433699	0.0260928866033222	0	0	0.503821335557922	0	0.00311298191424407	0	0	0.309791733743207	0.106126703761329	0.0492730861756383	0.03	0.374178558538362	0.954795979883814	GSM981950
0	0.108815973749564	0	0	0.332766859967839	0	0.00425578633859579	0	0	0.30989129020854	0	0.244270089735462	0.04	0.347411579804706	0.95772834060758	GSM981951
0	0.0284241725781137	0	0	0.520667233253939	0	0.00402868592265082	0	0	0.316566359921814	0	0.130313548323482	0.07	0.251270074503301	1.01046165031275	GSM981952
0	0.0755263622911138	0	0	0.300201316465407	0	0.00904971719732112	0	0	0.470321963144018	0	0.14490064090214	0.02	0.461554441005083	0.893147259056829	GSM981953
0.00169081001594725	0.0433940622627998	0	0	0.600888511475021	0	0.00348974352158903	0.00443327151388478	0	0.107879126934705	0.0332629598003519	0.204961514475701	0.11	0.203709729220837	1.03130456569804	GSM981954
0	0.0370851790638075	0	0	0.582488067505123	0	0.0135472881751941	0	0	0.336753384740889	0	0.0301260805149866	0.07	0.253028192166561	1.02164550716873	GSM981955
0	0.0306190516038563	0	0	0.757323157425687	0	0.0260208795373586	0.00332649229115862	0	0.0722241818992333	0	0.110486237242706	0.18	0.124633371466755	1.08072576081368	GSM981956
0.00075950015423305	0.0318919489423716	0	0	0.584781174237564	0	0.00359319454896923	0.000939387442113468	0	0.166837822908976	0.0750692683847218	0.13612770338105	0.07	0.264690273152039	1.00554718927511	GSM981957
0	0.0267328430080286	0	0	0.529323376308393	0	0	0	0	0.363391399194869	0.0547194385808914	0.0258329429078186	0.04	0.353634564639332	0.96713148431356	GSM981958
0	0.0899351742775127	0	0	0.476395749561222	0.00592944837062212	0.0280748445524024	0	0.0511939104678204	0.294642477049588	0	0.0538283957208322	0.07	0.291056583801611	0.996569130374871	GSM981959
0	0.0534396171087836	0	0	0.545406929586958	0	0.0054010422471339	0	0	0.228925831890956	0.0135807192239421	0.153245859942226	0.09	0.23442325616128	1.02011760198359	GSM981960
0	0.0723526874068002	0	0	0.399840605871012	0	0.113404066436146	0	0	0.275598455464556	0	0.138804184821486	0.03	0.382043522122364	0.937574518337439	GSM982065
0.00224223957501102	0.0382267096267616	0	0	0.543561062756093	0	0.0236913153448845	0	0	0.0634893725155656	0.215523208178877	0.113266092002807	0.04	0.362444836319408	0.958933378560852	GSM982066
0	0.0387843257963889	0	0	0.518148039446912	0	0	0	0	0.301450164280712	0.0823602940739656	0.059257176402021	0.04	0.356464712353927	0.963473935042041	GSM982067
