B.cells.naive	B.cells.memory	Plasma.cells	T.cells.CD8	T.cells.CD4.naive	T.cells.CD4.memory.resting	T.cells.CD4.memory.activated	T.cells.follicular.helper	T.cells.regulatory	T.cells.gamma.delta	NK.cells.resting	NK.cells.activated	Monocytes	Macrophages.M0	Macrophages.M1	Macrophages.M2	Dendritic.cells.resting	Dendritic.cells.activated	Mast.cells.resting	Mast.cells.activated	Eosinophils	Neutrophils	P.value	Correlation	RMSE	sample
0	0.103497907395178	0	0	0	0.279376879476223	0	0.165878590309622	0	0.110656425881617	0	0.0195251739424342	0	0.0518946466868081	0	0.0556598378250476	0.0718273149866926	0.00431581415165169	0.111432878501698	0	0	0.0259345308430275	0.95	-0.0234830228973793	1.10435622714765	GSM996267
0.0471832968586691	0.0274391328496445	0.182967929850491	0	0.111735460115625	0.0291630297296756	0	0	0	0.363176170564831	0	0	0	0	0.016838390417582	0	0.154079620317228	0	0	0.0674169692962548	0	0	0.5	0.0287812536597663	1.0891447843983	GSM996268
0	0.22253817649983	0.0412600312870936	0	0.300217771573531	0.0451614771349292	0	0	0.115555042976455	0.118778473933351	0	0.000354459578490496	0.114543562213524	0	0.013591618438795	0	0	0	0.0011988284346795	0.0154321931550723	0.0113683647742492	0	0.0600000000000001	0.127790113122172	1.05450893263074	GSM996269
0	0.175271802678514	0.102531437290719	0	0	0.161883394508158	0	0.0320476143359568	0.0305626017501775	0	0.15246275701503	0	0.0406610202125616	0.0733492712735589	0	0.166777001392294	0	0.00814354210533488	0.0228155362269833	0.033494021210713	0	0	0.2	0.0881882823663711	1.04108134868635	GSM996270
0.0359627978567547	0	0.0881367869853423	0.122261109353503	0.0874118219616362	0	0	0.0307560681643969	0.0845609116966382	0	0.268280463716204	0	0	0	0	0	0.0865518923613637	0	0	0.183623212164563	0.0120240873621783	0.00043084837741888	0.61	0.0210223945161556	1.12583669365238	GSM996271
0.26748174524726	0	0.0856897727855091	0.230930008316525	0	0	0	0	0.0471036073147234	0.0585866346212804	0	0.0179786950052403	0	0	0	0.107333794818381	0	0	0	0.113320057872364	0	0.0715756840187169	0.18	0.0915211239775505	1.06084381532204	GSM996272
0	0.093088241769497	0.084526076395706	0	0	0.244766164605816	0.2582541483197	0	0	0	0.0110533222437549	0.0337878519218037	0	0.0385145942238281	0	0	0	0.0128946410385696	0.133627151872173	0	0.0421445574573887	0.0473432501517628	0.08	0.113517951470226	1.0319722455941	GSM996273
0.0682826136281249	0	0	0	0	0.17292245551234	0	0.0766817477107642	0.131783309416145	0	0.13154798371547	0.00113482789802003	0.2947706966218	0	0.037966259291576	0.0275082430347954	0	0.000340203750847705	0	0.0570616594201161	0	0	0.89	-0.0153137422469212	1.10709549336423	GSM996274
0.0458940207808227	0.0332653548323671	0	0.241697334180816	0.0609255207041148	0	0	0.0967914929726392	0.0282678311063586	0	0.111913316097107	0	0.131894131045641	0	0.00424401583432762	0.0837625286081531	0	0	0	0.161344453837653	0	0	0.32	0.069701534681013	1.08162327218878	GSM996275
0.1798578617847	0	0.11446078741	0.139833623949915	0	0	0	0.0460895476726363	0.122710351182164	0	0.0413394803351154	0.0555433217330482	0.0157439404920825	0.0930725673420926	0	0.00439898979862809	0	0.109946987642505	0.0285366366094987	0.0484659040476145	0	0	0.82	-0.0054257130687257	1.08689306756571	GSM996276
0.0328695084585805	0	0.0810891303842169	0	0	0.28155616995095	0	0.0164863541805929	0.0924841107205689	0.136840957393137	0.0363587853248578	0	0	0	0	0.104592917528271	0	0.0322067574889588	0	0.102905589016389	0	0.0826097195534776	0.6	0.0217579780341696	1.0871420135386	GSM996277
0	0.127989931284634	0	0	0	0.107817177577786	0.0179231546601154	0	0.0995625283353031	0.273463385704948	0	0	0.195280127538519	0.0991107374780329	0.0213586749928671	0	0	0.0114583743889812	0.0460359080388137	0	0	0	0.44	0.0418388683213072	1.0847408471518	GSM996278
0.102568666566986	0	0.122818623804122	0	0.0333211988085517	0.284180819877958	0	0.0826822231669943	0.0367494253104098	0.230067397105594	0.043007817633725	0	0	0	0.0140245280652879	0.0170398136061999	0	0	0	0.0335394860541723	0	0	0.33	0.06570431819043	1.09752397482837	GSM996279
0	0.275275506862245	0	0	0.0820981828794843	0.239298571808272	0	0	0.0495327324357866	0	0.0519163354756697	0.0340205608136206	0	0.00471970022656246	0.0485949011326874	0.0111442001730022	0	0	0.0553708083492183	0	0.0131498244078186	0.134878675435633	0.56	0.024931744707571	1.09372953028469	GSM996280
0	0.205682498391506	0	0.0496496615413412	0.0279202885305672	0.0128408109216705	0.0300715514929928	0	0.104021991137922	0	0.0887338247902913	0	0.262892665040412	0.0414777798769903	0	0	0	0.0109252263854743	0.136236873556274	0	0.0295468283345581	0	0.02	0.181278934126723	1.00950928590052	GSM996281
0	0.255201696139646	0.0576150128196183	0.0133929912528902	0	0.127958118013918	0	0.0267093937175613	0.0986288515198862	0	0.111865265003607	0	0.207150581882246	0.0189502123821789	0.0115877835831303	0	0	0	0	0.070940093685318	0	0	0.42	0.0474282854937509	1.06599297813063	GSM996282
0.266232102008741	0	0.124474391322485	0	0.188355046949172	0.0248171765208479	0	0	0	0.178269737574873	0.100940097654649	0	0	0.106833665429744	0	0	0	0.0016467078853071	0.0084310746541786	0	0	0	0.56	0.0246263171845065	1.10004159668905	GSM996283
0.0801698462603496	0	0.0418321603456503	0.176614437101418	0	0.232321338383187	0	0	0.0406749248058471	0	0	0.0463342693319772	0.0277009824123032	0	0.0924441853217192	0.0309575019461646	0	0.027585414968286	0.156029821704909	0	0	0.0473351174181882	0.44	0.039230340243681	1.08329520836375	GSM996284
0.152328660814584	0	0	0.228735788614899	0	0	0.135764810524222	0.0449543795283834	0.000657168813871775	0	0.0785073969072127	0	0.132110982046326	0	0	0	0.0797473154766065	0.0452022054337763	0.021275015735228	0.016617811880651	0.0640984642242385	0	0.07	0.116190974494357	1.03832065008043	GSM996285
0	0.0479566741365941	0.034498857596765	0	0	0	0.372393744721326	0	0.0880176589850927	0.0809759676194766	0	0.0270888091261508	0	0.153464816619703	0	0	0	0.0538098008698473	0.141793670325045	0	0	0	0.35	0.0601570493231617	1.06097474790591	GSM996286
0	0.176370512001909	0	0.00710472431192568	0.0152314688013323	0	0	0	0.0922913719051768	0.393000814876106	0	0	0.102711557704737	0	0.063307206838496	0	0	0	0	0.110828974281455	0	0.0391533692788627	0.21	0.0866640082958373	1.09439323771339	GSM996287
0	0.133855200734424	0.0462822207624963	0	0	0.153319430701077	0.111808082321951	0.0272716217327306	0	0	0.0630446555834488	0	0	0.12064510188245	0	0.0544330161345386	0	0.185316394195343	0.0147165762793881	0	0	0.0893076996721534	0.44	0.0419181272447103	1.06311776359117	GSM996288
0	0.14280178865545	0.0558444178619959	0.118966656290342	0	0.161169065554445	0	0	0.18728210598945	0	0.0706226033867305	0	0.0953817312985947	0	0.00972472193227593	0.0725941290793034	0	0.027890236516413	0.00973055844256734	0.0140977358228939	0.0338942491695378	0	0.32	0.0704304476966884	1.06040254254198	GSM996289
0.0509328716408958	0	0.0805108655865008	0	0.0073488542164781	0.206228540484743	0	0	0.0168956737574035	0	0.0566273762478132	0.0207810211833571	0.336156617451902	0.0620590429440199	0.0294367603393583	0	0.0800574929124631	0.0187685648455568	0.0159140540100461	0	0	0.0182822643794624	0.25	0.0787755883771745	1.05539201145272	GSM996290
0	0.185024379140175	0.0214686169879786	0.0320367946416458	0.116704265811359	0	0.182266226952289	0	0.104774452464237	0.124503702386195	0	0	0	0.0712672782401353	0.0274957612393791	0.0724752593455237	0	0	0	0	0.0331146007791553	0.0288686620119281	0.49	0.0313436327251513	1.07118745155261	GSM996291
0	0.176516477140112	0	0.0238680142296722	0	0.0146018724842826	0.278227313003883	0	0.13004951011354	0	0.171375313471055	0	0	0	0	0.0479414173898483	0.0184529129572616	0.0178270453004746	0.0656066131156192	0	0.0527084200287083	0.0028250907655439	0	0.2399246425695	0.99202598630922	GSM996292
0	0.288149253436877	0.0935230674368307	0	0.106936935311695	0.074056621203321	0	0	0	0.243920461652619	0.0290397104548178	0	0	0	0.000807544428875172	0.0885037398418359	0.00527123866145998	0	0	0.0266079558536844	0.0373363203144076	0.00584715140357558	0.34	0.0628673692118848	1.07280855571109	GSM996293
0.0357288681054665	0	0	0.0923083462743007	0	0.0245470697915654	0.183708265661743	0.032242783492355	0	0.0685277033527113	0	0	0.455617208097933	0.0196326999490398	0	0	0	0.0717679187335435	0	0	0.0159191365413412	0	0.01	0.20432762010227	1.0192735693562	GSM996294
0	0.0702713163256054	0.159783311147759	0	0.099537901885236	0	0	0	0.00111392691434425	0.0894234857983204	0	0.121430077036804	0.0755393573201378	0.230932820382233	0	0.0324267221343422	0	0	0.0593235668389796	0	0	0.0602175142162385	0.35	0.0563807570660166	1.0673729063398	GSM996295
0.0796861805980392	0	0.031231184138019	0.0713047565802314	0.265171721406146	0	0.0918795957223425	0	0	0.18425262619592	0	0	0	0	0.0269595455969666	0.128788664536156	0	0	0	0.052800626866733	0.0100859557872482	0.0578391425721984	0.44	0.0378109032861818	1.08607706774592	GSM996296
0	0	0.0996573370262193	0	0	0	0.221323141842051	0.253093517346153	0	0.0193928791492732	0.0860944981078771	0	0.0891225052673767	0.210024969361874	0	0	0.0151295608602635	0	0.00118309861110058	0.00497849242781137	0	0	0.26	0.0781381500705572	1.05543366781662	GSM996297
0.352324084521651	0	0.00338072498841275	0	0.00143978758390353	0	0.163490409031636	0.118916058534039	0	0	0	0.163813372880818	0	0	0.0124043646767169	0	0.0367882893268571	0.0142813699685839	0.0955021324765244	0	0	0.0376594060108583	0.36	0.0538351886408473	1.0979880455508	GSM996298
0	0.122162570783678	0.110187472015571	0	0	0.197136698306843	0	0	0.17317157597113	0.15140548129529	0	0.0278877390380387	0.095608547800569	0	0	0.0783302736426527	0	0	0.000310646776886385	0.0437989943693408	0	0	0.84	-0.00707794379949587	1.09416307300672	GSM996299
0	0.199000997216444	0.180603855591339	0	0.173572270001709	0.0185492772449352	0.0771530568957532	0	0	0.203071692314834	0.0065088182451531	0	0	0.0404700135286961	0	0	0	0.00912795398136096	0	0.0440159688580013	0.0479260961217751	0	0.78	-0.000523045603029931	1.08131971012623	GSM996300
0.00664971628919129	0	0.238085118500071	0	0.0802439845404947	0.132849132521622	0.029844763342059	0	0	0.0696892794705446	0.00437866679614817	0.0163317616923156	0.0222217281877325	0	0.0425532928948148	0.0103601825559197	0.011458193006271	0.11246578658771	0.113103993138362	0	0	0.109764400476743	0.73	0.00517677504112019	1.06457997797298	GSM996311
0	0.192078158415936	0	0	0.124321264371666	0.0590980533024792	0	0	0.147315445941635	0	0.0951335321475462	0	0.0667746400961242	0	0.0396543987411712	0.0161524543965229	0.0846802074916243	0	0.0396753510932275	0.0615051629512866	0.0302114741917764	0.0433998568590044	0.99	-0.079485862882499	1.1091474330639	GSM996312
0.0187065711998257	0.280995731367317	0.0330602213542068	0.103896278970022	0	0.0931050578039136	0.133324275041323	0.126902413926777	0	0.148191186391862	0.0276832731577233	0	0	0.0104047269176265	0	0	0	0	0.0237302638694037	0	0	0	0.32	0.0698725344313725	1.08669444763054	GSM996313
0	0.273123625268753	0	0	0	0.155985367258888	0.105778467495295	0	0	0	0.00978178557463981	0	0.0402110715177855	0	0	0.13301163996885	0	0.0612582539182183	0.0346930551600569	0.116433808404492	0	0.0697229254330217	0.95	-0.0241069971791721	1.08779705955795	GSM996314
0.0194448022072223	0.096764051244223	0	0.290781539993298	0	0.0218757864420399	0.0583383010503875	0.0323706913641623	0.0287192243503092	0	0.105053600357007	0	0.063952249270063	0.061610901943877	0	0	0.037690738957293	0	0.183398112820117	0	0	0	0.75	0.00327493398040571	1.10006937724621	GSM996315
0	0.280098919394241	0.0979320014265882	0	0.0444914991265792	0	0	0.199462576317704	0	0.206213880670061	0	0	0	0	0	0.0787218016386482	0	0	0.0596924059535859	0	0	0.0333869154725921	0.84	-0.00968820908573257	1.09518392628511	GSM996316
0	0.0297614359716089	0	0	0.110572487594035	0	0	0	0.0251724185186767	0	0	0.0620204965964918	0	0	0.018747613442851	0.149407821568859	0	0	0.302268664154262	0	0.302049062153215	0	0.28	0.0755084706125438	1.08818855942247	GSM996317
0.260168312641226	0	0.119103439456949	0.125335725186546	0	0	0.165638836913644	0.102384833655928	0	0	0	0.0539463104528262	0.009512975615379	0.0012887691084662	0	0	0.0353781782541732	0.00799712131596392	0.1163322990267	0	0.00291319837219828	0	0.8	-0.00430439210900712	1.08663303466598	GSM996318
0.11925718528738	0	0	0.290075675196588	0	0	0.149792387330023	0	0.00362137722031478	0.00700327858024334	0	0.0557348098485728	0	0	0	0	0	0	0.187440013524587	0	0.187075273012291	0	0.78	-0.00176295375564882	1.11084667896673	GSM996319
0.347665744352633	0	0	0	0	0.17983359067209	0.020337039261252	0	0	0.0522435417293243	0	0.037830488281784	0.0728476308165864	0.0352617726196466	0.0214193965166456	0.00717371703942703	0.0191693173032311	0.0370891425698447	0	0.136386224985906	0	0.0327423938516301	0.77	0.000809254561713986	1.10743757135504	GSM996320
0	0.163884370935947	0	0	0.00432178448554878	0.0972976028323976	0.0682991562329325	0.0428290500520195	0	0.104663428544823	0	0.0059802788468586	0	0.0802452031757372	0.0247275221197773	0	0.115415394179115	0	0.223459153804596	0	0	0.068877054790247	0.54	0.0263444037468361	1.06603805998795	GSM996321
0	0.181007115378216	0	0	0.0127817699604012	0	0.196619136988809	0	0	0.0436352234957146	0	0.0198274636951298	0.101288520315875	0.0676013896353486	0.0454145164532768	0	0	0	0.33182486407723	0	0	0	0.62	0.020208599181831	1.0859378100669	GSM996322
0.170173784031288	0	0	0.188702163937575	0	0	0.0825085494818606	0.118778518199328	0.0365661167528107	0.0504632755297664	0.0729331178249538	0	0.0189514963348368	0	0	0.129401979231072	0	0	0	0.131520998676508	0	0	0.82	-0.00576783250029678	1.10902806371567	GSM996323
0	0.244892282539115	0.15152054453929	0	0	0.326331880352505	0	0.0189872164780176	0.00824177386538748	0	0.0939811950306402	0.0214316800307099	0.0286882965367675	0	0	0	0.0173023844188283	0.0307404980508634	0.0241613018901751	0	0.0337209462676997	0	0.57	0.023770165001649	1.07849251940161	GSM996324
0.251626021657029	0	0	0	0	0.198585657475043	0	0.00357462684613674	0	0.180711982846539	0	0.123728212605693	0.0143131500316236	0.103826745786158	0	0	0.0264337223877815	0.0507057827122037	0	0.0176654685586526	0	0.0288286290931394	0.73	0.0048662762718449	1.12768074655707	GSM996325
0	0.0585968577460576	0	0	0	0.156204141817364	0	0.100428778116252	0	0.0115001809130817	0.043589080069382	0.0640587114648191	0	0.0100912759099825	0	0.0733608651060478	0.0711869414916018	0.030723212760191	0.297952275577431	0	0.0309633179410164	0.0513443610867729	0.85	-0.0124541476983956	1.09889245374247	GSM996326
0	0.0968670021084464	0.269001400155589	0	0.176455706447369	0	0.00791771450919704	0	0	0.0496464571538573	0	0.10872734375765	0	0.0229810678798687	0	0	0.0710882518980711	0	0	0.0314821333106625	0.127418690896399	0.0384142318828891	0.97	-0.0542730401452775	1.09013386785218	GSM996327
0	0.289975322479723	0	0	0.101504734424057	0	0	0	0	0.0206786680903795	0.0472965118314416	0	0.0547875938002038	0.225188504803606	0.0520877112254588	0.0456835004702608	0	0	0	0.0637925064967942	0	0.0990049463780748	0.96	-0.0366945851872221	1.11695378638536	GSM996328
0	0.128341942854668	0.13672523310281	0.184935245844656	0	0.0461169674621416	0.0826433363198995	0.0606792640596525	0	0	0	0.0950971795540786	0	0.0746873829538917	0	0	0.0452087811617977	0	0	0.125504436665946	0	0.0200602300204589	0.48	0.0318052081190497	1.08107797063317	GSM996329
0	0.162138344543727	0.183259421146515	0.202735709567978	0	0	0	0.143058226283667	0.0357046862979195	0	0.105266878680997	0	0.0179949791939198	0.0672503839950124	0.0378333956822303	0	0	0	0	0.0447579746080337	0	0	0.35	0.0568487435278512	1.0650640827869	GSM996330
0	0.0583290471094064	0	0.183085769868855	0	0	0.0220208772790168	0.146439037825028	0	0	0	0.23272049746528	0.0642361321505257	0	0.0075341999475979	0.00631995986993938	0.174093464095745	0	0.0395240676917292	0	0.065696946696876	0	0.17	0.0933824556559827	1.09078251890794	GSM996331
0.325078111549745	0	0	0	0.195735499437828	0	0	0	0	0.0202374762031469	0	0	0	0	0	0.0404917288103785	0	0.0178249135173268	0	0.311450688437028	0	0.0891815820445471	0.42	0.0469016102108561	1.12669215049176	GSM996332
0	0	0	0	0.24974440869833	0	0	0	0.0443360126541068	0.0210250175196422	0	0.00538937604843391	0.0151306694976907	0	0	0	0	0.0473942321700838	0	0.374405344227773	0.21111344393127	0.0314614952526702	0.13	0.098836454071728	1.12113344391935	GSM996333
0.249454225624773	0	0.236891595248587	0	0.257922462101007	0	0	0	0	0.00405844977933883	0	0	0	0.0998889939680673	0	0.0632736392966912	0	0	0	0.0185520902317608	0	0.069958543749775	0.67	0.0117328036862957	1.078143214748	GSM996334
0.175282030731595	0.0652576416044186	0.0211624828978003	0	0	0.056756963618794	0	0.025612309876511	0	0.128502716103152	0	0	0	0.0438433140411392	0.076013855963859	0.0638934732847638	0	0.0111405302426547	0.284716610859668	0.0122095586961858	0.0149216675871819	0.020686844492277	0.69	0.0101676040994052	1.09337910978895	GSM996335
0	0.13843871494748	0.111470640831886	0.230840845862517	0	0	0.0868285111183047	0	0.0068020822568006	0.121393737753939	0.00901033754743124	0	0	0	0.0304166308386478	0.133590158742184	0.0380107215900091	0.027954398371398	0	0.0452071681950938	0.020036051944309	0	0.46	0.035803067938772	1.06728838454618	GSM996336
0	0.0316153341678496	0.0785500909995694	0	0.106171007982294	0	0.107398408994854	0	0.10562851271004	0.0592404509733337	0	0	0	0.0765384981727163	0.0261848134418877	0.0181900465874435	0	0.0425736036693887	0.275581859341831	0	0	0.0723273729587924	0.29	0.0741699102350905	1.05128180265869	GSM996337
0	0.0725488192990087	0	0	0.248204341852431	0	0	0	0.08458493204374	0	0.105669199180613	0	0.0697692684608602	0.0852077253812629	0.0161886672073153	0	0	0.0142334941898749	0	0.136008448162023	0.146986609635215	0.0205984945876564	0.99	-0.0743978246749511	1.12544738170737	GSM996338
0	0.202552253266232	0	0	0.0693347151648058	0.0354728350510607	0	0	0	0.101003293401807	0	0.111839751962963	0.145819845437527	0	0.125754575184732	0	0.017768568321729	0	0	0.190454162209143	0	0	0.4	0.0518501776615291	1.10900644159734	GSM996339
0	0.0504673728643809	0.0614607273660673	0	0.0678252816794311	0.18762980807114	0	0	0	0.181898236420411	0	0	0	0.111231062361906	0	0	0	0	0	0.235734727306927	0	0.103752783929736	0.9	-0.0162463649851115	1.12961596324926	GSM996340
0.147654923531359	0	0.533050078446726	0.010876115833762	0.0566584587093651	0	0	0.106757049230741	0	0	0	0	0	0	0	0	0.0468485494042125	0	0	0.0592737668133233	0	0.0388810580305116	0.02	0.173400200466152	1.00382821163809	GSM996341
0	0.181494499433683	0	0.149731370951844	0.0550952566821109	0	0.0998886220097071	0	0	0	0.0859812221666156	0	0.0696169654074865	0.0709442171777102	0	0	0.0112774822723764	0	0.184876673451769	0	0.0910936904466979	0	0.69	0.00965476348869451	1.0760473412118	GSM996342
0	0.0302619206196427	0	0.00468245904685704	0.0777771250838369	0	0.156069042468968	0	0.148157984071758	0.0041851266634512	0.0911747394457754	0	0.033186547043621	0.0323508116856182	0	0.0521514361532844	0.00882663465280946	0	0.095377065022449	0	0.265799108041928	0	0.44	0.0396727482687733	1.07423590425153	GSM996343
0.146683243697267	0	0	0	0.00267823739855102	0.17457891841802	0	0	0.0746017780815262	0.130261740234812	0	0	0	0.0712478478793213	0	0	0.199878434142558	0.124315526714731	0	0.0223214797988661	0	0.0534327936343471	0.96	-0.0312425990426983	1.100870884548	GSM996344
0.287809327146537	0	0	0	0.175099611236954	0	0	0	0	0	0.0494166786498276	0.0066289772429667	0.0232826360275938	0	0	0.0669478244394256	0.108780460195416	0	0.190874649972887	0	0.0911598350883924	0	0.66	0.0160742972493974	1.08170027687511	GSM996345
0	0	0	0.287373193092056	0	0.0948801321349481	0	0	0.0117639509239002	0	0.0485068193601177	0	0	0.152863329337886	0	0	0	0.00781608972196852	0	0.180537657140334	0.096651969381475	0.119606858907315	0.99	-0.0688619791217521	1.1621049485026	GSM996346
0.257249456987559	0	0	0.108967604661958	0	0.0454803973937124	0.125390811366952	0.00181690639215088	0	0	0.0940593067751507	0	0.0339109648954933	0.0166717293488391	0.0277866816465015	0	0.0880527563209765	0	0.200613384210707	0	0	0	0.58	0.0232370213985392	1.07745623833423	GSM996347
0	0	0	0.11415921018597	0.274610141796938	0	0	0	0.121480787301842	0	0.137348293565126	0	0.0776695907777486	0	0.0234915666784338	0.0390764045922865	0	0	0	0.0681393769615035	0.144024628140151	0	0.96	-0.0327213580912049	1.13037854614707	GSM996348
0.29846570250921	0	0	0.147659464749716	0	0	0.0878440693489371	0.110030871976681	0.00176772971607045	0.00556393904544187	0.038303889383563	0.0136831917014222	0	0	0	0.0789918131078334	0	0.0291863151687138	0.164170893675142	0	0.0243321196172691	0	0.66	0.0134923997024011	1.08847854740327	GSM996349
0.204335552206182	0	0	0	0	0.153634546457073	0	0.140017476946574	0.0489155042946423	0.0384344597457082	0.0312641796852375	0	0	0.0612042028461147	0.0141934648347922	0	0	0.0465465357107886	0.0553773485681527	0.0185691990929942	0	0.187507529611741	0.96	-0.0274568303009062	1.11382904768082	GSM996350
0.124846064303334	0	0	0	0	0	0	0.163163995762248	0.0690214687718869	0.0526635609000927	0	0.138050749976131	0	0.172271818087595	0	0	0.054049456134178	0	0.225932886064534	0	0	0	0.97	-0.0384562641520191	1.1200182317513	GSM996351
0.0889297443614056	0	0.249050039293825	0.228134124902931	0.0772454577899389	0	0	0	0.0865013067036448	0.0368274618400551	0.0485430819681333	0	0	0.0232715052139036	0	0	0.029929354177555	0	0.0787668298775126	0	0.0528010938710947	0	0.71	0.00679315476752445	1.07696882043165	GSM996352
0	0.092762473276042	0.113686096630825	0	0.266549326119099	0	0	0	0.0614402419656878	0.198550922995572	0.0130470005855365	0	0	0.0185693621134716	0	0.0495948103718976	0	0.0354425872420516	0	0.107788243223869	0	0.042568935475948	0.85	-0.0102583084524133	1.09777348208439	GSM996353
0.169157670209237	0.0326199948875435	0.0702967707707565	0.0372525888281229	0	0.130053213281993	0.0886939038054107	0.0469614182151245	0	0.183929604130633	0	0.0452733322863398	0	0.0518452589791525	0	0	0	0.0557074995384402	0.0666364736941096	0	0.0215722713731365	0	0.53	0.0266780048489191	1.08549012853197	GSM996354
0	0.0530386048103036	0	0	0.233207230832636	0.0231603401211868	0	0	0.00592159471391398	0.198039648448804	0	0	0	0.179319491719386	0.00751447143162774	0	0	0.0100003327388567	0	0.0580529313105734	0	0.231745353872711	0.95	-0.0211767435186662	1.14574004266045	GSM996355
0.158405777273003	0	0	0.0889699322246698	0.0885814997566033	0	0.0184450326675674	0.222400236735471	0	0.0485762929829975	0	0.0790921507483691	0	0.0614833998970049	0.0195249509824429	0	0.0264037665756238	0.0414565758088255	0.0933765072421074	0	0	0.0532838771053149	0.96	-0.0316990990268834	1.1134359989338	GSM996356
0.210493106449038	0.21965137595986	0.0269721669765999	0	0	0.150465301274737	0.0849778945279371	0.108617294955272	0	0	0.0250149159690725	0.0352589703679713	0.00824013481699284	0	0	0	0.0307510185874786	0.066266094711578	0	0	0	0.0332917254034624	0.44	0.0377492980950877	1.09158484835749	GSM996357
0.428409717467683	0	0.0571602608654187	0.0469138473555361	0	0	0	0.0783748305767777	0.134099681702281	0	0	0.0821390612257473	0	0	0	0	0.0880699908306606	0.0225993722232435	0	0.0357196337379218	0.0265136040147306	0	0.35	0.0587636712448478	1.09474590626786	GSM996358
0	0.190385983177829	0	0	0.0502972855267535	0	0	0.0501037996509496	0.0163255969997098	0.245988194339127	0	0	0.00274116803493149	0.0236788622302603	0.057068070911075	0	0.216634218034275	0.00793516524681779	0	0.0269872299219138	0.111854425926358	0	0.98	-0.0636303564556974	1.11419231506054	GSM996359
0.127473630844872	0	0	0	0	0.0956641932077875	0.128339429141708	0.107108642336971	0	0	0	0	0.151392479036914	0.00423676421218739	0.0383734155837275	0	0.230797228909587	0.0518529883319826	0.0647612283942635	0	0	0	0.98	-0.0607440829576241	1.09019550657724	GSM996360
0	0.134026895123389	0	0	0.134238326508485	0	0	0	0.00423763628043383	0.0988212952553518	0	0	0.203008616899006	0	0.0198810794191508	0.03533305448284	0	0.00859460879661244	0	0.341536383808911	0	0.020322103425819	0.01	0.189651640843172	1.0469655076363	GSM996361
0	0.31809712694468	0.142727266417057	0.0625176818986619	0.0730164100848835	0	0	0	0	0.010319419672174	0	0.0837057176437993	0.0390193404213134	0	0.00808666125222556	0	0.228775227822343	0	0	0.0337351478428626	0	0	0.98	-0.0609270770150963	1.10317732554409	GSM996362
0	0.254208936892342	0.185459659576149	0.00549741107568656	0.135601139292052	0	0.0186958932248773	0	0.0474871143565657	0.110384591023482	0.00667034668301139	0	0	0.12288025228067	0	0.0107581789996031	0	0.0129966539662802	0	0.0222846369246486	0.0670751857046324	0	0.51	0.0277577278254624	1.06102021155887	GSM996363
0.044652474847461	0.168485524331079	0	0	0.106887944064004	0.092833378211485	0	0	0	0.0105647326891874	0	0.0804068098547324	0.027502810068896	0	0.0141182782817535	0	0.151957315549445	0	0	0.293616836040112	0.00897389606184455	0	0.71	0.00665046822125665	1.12759522912145	GSM996364
0	0.145677523035572	0.00831734062040822	0	0.21047505169893	0	0.00896104793063477	0.0394172154941647	0	0	0.0697891478291096	0.0318970431262503	0	0.0887764461582259	0	0.115407569296818	0	0.0525736656005478	0.0896952741128962	0	0.139012675096442	0	0.96	-0.0308083389970996	1.08806172910463	GSM996365
0.400954284534635	0	0.105465603830856	0.0883135245003589	0	0.0194904404398242	0.119492529815498	0.0397475650175991	0.0546419253547757	0	0.0261744661444219	0	0	0.0542232414004585	0	0	0	0.0389081138513844	0	0.0525883051101883	0	0	0.34	0.0618530724728569	1.07607610540949	GSM996366
0	0.229734586206137	0.142184716178988	0	0	0.135452133031404	0.0622062834578263	0.0123771903250496	0.0631253715618399	0.074945597488475	0	0	0	0	0.17415496013869	0.014193663199231	0.0266640108464828	0	0.0293532890113411	0	0.0356081985545349	0	0.0600000000000001	0.135088702260461	1.0374736683247	GSM996367
0	0.161637270638776	0	0	0	0.0736474483488758	0.241562015683219	0	0.0229056211266395	0	0.258494114026053	0	0	0	0.00823165549972715	0	0.114859981686893	0.0286093967467303	0	0.0900524962430853	0	0	0.78	-0.00183142689466373	1.11685432632329	GSM996368
0	0.122112537937108	0	0	0	0.10305028259299	0.208332367105348	0	0.00300348540061606	0	0.190920936251918	0	0	0	0	0	0.0538354945080141	0.0310081413917217	0	0.27251930839107	0	0.0152174464212143	0.74	0.00405387912908857	1.13703160886657	GSM996369
0	0.282333415636618	0.156814832692574	0.249095955469636	0	0	0.0771579567093936	0	0	0.0499950599809588	0	0	0	0	0.00751123358039577	0	0	0.0364338050027502	0	0.0863275132020907	0	0.0543302277255827	0.34	0.0617600549991612	1.06139297380203	GSM996370
0	0.231981078502533	0	0	0.220130266868467	0	0	0	0	0.123401002262006	0	0.121060689261587	0.00950979933020416	0.04691481261051	0	0	0.0748776794628727	0	0	0.134796270516783	0.00529110721921347	0.0320372939658234	0.99	-0.0910487246181792	1.15886683529393	GSM996371
0.124551550764486	0.00671479414714423	0	0	0.0135485898456413	0.136245795430739	0.0755115088591568	0	0	0	0.133403560128582	0	0.114445262454863	0	0	0	0.189221150406308	0	0.153614249673061	0	0.0527435382900181	0	0.96	-0.0370243039272384	1.08752008418929	GSM996372
0.0935825142338835	0	0	0	0	0.178012934382158	0.123246441880991	0	0	0.194803258323201	0	0	0.00299026735169744	0.0473242008007486	0	0	0	0.0588404237897432	0.144944209558458	0	0.065675113301513	0.0905806363776069	0.97	-0.0487726457516123	1.10867462940942	GSM996373
0	0	0.20626121731986	0	0.162863591443769	0	0.0776077303218235	0	0.00581377620976161	0.0099145173500834	0.00327199139324791	0	0	0	0.00492414699063869	0.0319699605817873	0	0.0525733857020294	0.119511676403085	0	0.155799548477598	0.169488457806316	0.96	-0.0281551489190828	1.08731379425938	GSM996374
0.165804628968715	0	0.0424230461432752	0	0	0	0	0	0.0338156998019821	0.156355076695518	0	0.0806589771655119	0	0.133127445500372	0.0844643645365926	0	0.044937789927528	0.0626827235537799	0	0	0.0253297602376268	0.170400487469097	0.68	0.0110088496955377	1.11312842148291	GSM996375
0.196602014442002	0	0.164626786532778	0	0.069983063322246	0.116448697294194	0.115638290984023	0.170062644350124	0	0.0415058547206393	0.0464462566599676	3.83668614835096e-05	0	0	0.00501596757453597	0.0371496070147606	0.0040806946999	0	0.0187955799567553	0	0.0136061755865907	0	0.08	0.114432169412254	1.04190414588816	GSM996376
0	0.131920719271426	0.00941186011762789	0	0	0.315835018454438	0	0.14904278509014	0	0	0	0	0	0	0.00460151758170735	0.093870096333627	0	0.0792130480726691	0	0.0772736506944909	0.138831304383874	0	0.5	0.028673306521209	1.0796662714297	GSM996377
0.204284983324629	0	0.273514959354457	0.01943991908486	0	0	0.00166556520156659	0.158507489817536	0	0.00548001249870036	0	0.0866263532453686	0	0	0	0.0621984908379472	0	0.0394839784136293	0.139702945995603	0	0.00909530222570146	0	0.44	0.0383562542000002	1.05511478511555	GSM996378
0.227040114126227	0	0	0	0	0.323098299906559	0.0756560714398229	0	0.118684519285228	0	0.0546671405743061	0	0.0459860494019582	0	0.00721149880062843	0	0.147656306465271	0	0	0	0	0	0.97	-0.0411538619445668	1.1183348536977	GSM996379
0	0	0.0801530107706864	0	0.360948234877902	0.0627114173951955	0	0.0739096297870174	0.00235750423256754	0	0.0183803874915858	0	0	0	0.0729380300269031	0.0043823119226282	0.015847955490915	0.0491932422965943	0	0.0308356371990667	0.15764993229982	0.0706927062091179	0.96	-0.0319075241586852	1.12092427548569	GSM996380
0.335460974980471	0	0.146581059447826	0.0521870056690351	0	0	0.125014336438161	0	0	0	0	0.0468962245187818	0	0.000768595000632165	0	0	0.0426438173240583	0.0190477033423047	0	0.108961364442751	0.0884816832369927	0.0339572355989862	0.33	0.0632792996086256	1.06562372090159	GSM996381
0	0.260614530001515	0.238495118025233	0.194113556062538	0	0	0.0692571266449468	0.0447848767263785	0	0	0.0657814429467353	0	0.0220332580012264	0	0.0135977398174743	0.0152599794130123	0.0760623723609412	0	0	0	0	0	0.47	0.0334424058242684	1.06190294115659	GSM996382
0	0.0698252907687789	0.297988355350126	0	0	0.116160697755082	0.108780543786374	0	0.0557468423132298	0.0224713355521515	0	0.0588708130323054	0.0692391699057141	0.000725757233576446	0.0273272231170888	0.125916705792692	0	0.0181112847372532	0	0	0	0.0288359806556276	0.42	0.0466016988832829	1.04072049591626	GSM996383
0.0160065792674059	0	0	0	0.0663584049439966	0	0	0.0532175903807229	0.0371555280925204	0.0608332419526785	0	0.0125899949648403	0.0134558338012086	0.364159342113068	0	0.0394928310399774	0	0.0597741666193756	0	0.0893843408855746	0	0.187572145938631	0.22	0.0837989719562064	1.10943646177053	GSM996384
0.0077390251233436	0.149974206779203	0.12883919818269	0	0	0.34893712238579	0.0796970117528597	0.00653563258848146	0	0.00620020833268566	0.095158137821602	0	0	0	0	0.0188831417054512	0	0.013018604172178	0	0.0521319844298003	0	0.0928857267259152	0.78	-0.00194463344432366	1.08775618812497	GSM996385
0	0	0.0782706321666772	0	0.0201501290977761	0	0	0	0.319937114040756	0.08291803529421	0	0	0	0.0686115351504525	0.121104735440356	0	0	0	0	0.0524858817892314	0.14133517778412	0.115186759236421	0.99	-0.0927052380389394	1.14331680726011	GSM996386
0	0.164652469388214	0	0	0	0.136984403581803	0	0	0.00263446114556055	0	0	0.154515430676195	0.141371632765603	0	0.0321340097496422	0.0282060251183232	0.00807912036538784	0.0366982608811819	0	0.13474346658055	0.114897206436356	0.0450835133111836	0.13	0.0993574618547869	1.06849422072098	GSM996387
0	0.0419291940643935	0	0	0.275864472712898	0	0	0	0.0691892891067591	0.101146913243341	0	0	0	0.0365368310267343	0	0.0966814694170227	0	0	0	0.162482270939384	0	0.216169559489467	0.95	-0.024650316279114	1.13578166291824	GSM996388
0.0147142101187135	0.194917502025256	0.22573317165559	0.157939993006686	0	0.073791145948709	0.0430997430912973	0.0309776852869578	0	0	0	0.0278802921919382	0.0147958025140435	0.0196443134181131	0	0	0.122345694443789	0	0.0741604462989057	0	0	0	0.42	0.0477932560936446	1.04708747993591	GSM996389
0	0.224779807888877	0.20534287257827	0	0.0429625240650178	0	0	0.095771377289588	0	0.0928460642850897	0	0	0.12019661196262	0.0239161301599985	0.0267840017729678	0	0.0271139427986945	0.031209757234745	0.00712968811717076	0.0467542897484479	0	0.0551929320985135	0.7	0.00937710682399067	1.06049775115129	GSM996390
0.121296745577052	0.0154725779515746	0.00967186718412277	0.0284772604675743	0	0.0961811003824134	0.198692945313425	0.0596259113470567	0	0	0.295183075718242	0.0132198815116114	0	0.0208120650296213	0	0	0.0757794238611232	0	0.0655871456561834	0	0	0	0.32	0.0676360954882966	1.10098668951712	GSM996391
0.345977969970995	0.0613878439450256	0.211979704108503	0.0111788595827542	0	0	0	0.0859724719857484	0	0	0.131530165739832	0	0	0.0234930257405345	0	0	0	0.0699322306927259	0	0.0412689405486862	0.0172787876851948	0	0.4	0.0513263983190864	1.07647028819324	GSM996392
0	0.174998114821886	0	0	0.28130971055537	0	0	0.00548027313464656	0	0.0295103349685264	0.00179589284287319	0	0.10847856287468	0.0581491262454931	0.0896145851132906	0	0	0	0	0.117245147210807	0	0.133418252232427	0.96	-0.0260950063480946	1.11754973126744	GSM996393
0	0.201304128420033	0	0	0.026662348314518	0.210371496853872	0	0	0	0.00641584633402227	0.0513673365879992	0	0.0174512681229622	0.068661316871721	0	0.0812899047090267	0	0	0.0546145709746309	0.130363843419142	0	0.151497939392073	0.57	0.0236555062921883	1.08855368716542	GSM996394
0.256660765576112	0	0.0297853774191353	0	0.0317965088557014	0	0	0.0827336205421143	0.029545218894502	0.0387852997724885	0	0	0.0346399140061646	0	0	0	0.268782522762066	0.0414069311675374	0.118722459700241	0.00219601824215919	0.0649453630617786	0	0.9	-0.0165475463756321	1.08531970859231	GSM996395
0	0	0.281691774562678	0	0.0712417280513404	0.0613366740718161	0.0801257174771556	0	0.111064995837171	0.0505031300501393	0	0	0	0	0.0225861527754323	0	0	0.0784002760923757	0	0.125790260671752	0	0.11725929041014	0.75	0.00294062778504446	1.06741917568963	GSM996396
0.16519536106254	0	0.154803912221085	0	0.052039161694629	0.0424938022607913	0	0.0645775809396759	0	0	0.114953530864161	0.0374053956745943	0	0.0792859883503867	0	0.0159535605553252	0.0344437604183737	0	0.153765664745958	0	0	0.0850822812124804	0.66	0.0140810886240958	1.06752907144246	GSM996397
0	0.0353452894891058	0	0	0.248154224381595	0	0	0	0.134413468290681	0	0	0	0	0	0.0835549138655897	0.106893665290234	0	0.130915599158118	0	0.125118975813044	0.0778273367792095	0.0577765269324239	0.25	0.0790583552755076	1.07080044638814	GSM996398
0	0.190960764964472	0	0	0.129579765319583	0.0157240626466324	0	0.0090553589347307	0	0.152274250409626	0	0.0430213122348636	0	0	0	0	0.144599861941959	0	0	0.286028705010163	0.0112782292398551	0.0174776892981153	0.75	0.00352444045355911	1.12838661755752	GSM996399
0	0	0.0926966164594835	0.175425685994732	0.141624937476339	0	0	0	0	0	0.215249911613357	0	0.0621164154972932	0.0555258203612592	0	0.0133518989989136	0	0.0526237720154725	0	0.0721473468763402	0	0.119237594706809	0.97	-0.0416225972087021	1.13517879340337	GSM996400
0.359650059820629	0	0.0513899645127212	0	0	0	0	0.0972724618453083	0	0	0	0.120506246398073	0	0.15056530974126	0.0224507497933104	0	0	0	0.122747096074566	0	0	0.075418111814132	0.67	0.011567910190303	1.10010644255895	GSM996401
0	0.204227508049069	0.124642242250647	0	0.201286288258517	0	0	0	0.0633644398788918	0.00740504653069186	0.0739762781092811	0	0	0.216414792183629	0	0	0	0	0	0.0201737447712683	0	0.0885096599680057	0.61	0.0207561249047891	1.07803320561261	GSM996402
0	0.0132278217432704	0.268881371605351	0.0780557969326343	0.188068068982955	0	0.0478448211467739	0	0	0.0477676316316164	0.0958091315647801	0	0.0104147475470005	0	0	0.0478472687951347	0	0	0	0.153464990653655	0	0.0486183493968292	0.99	-0.0681501387413854	1.10697204108998	GSM996403
0.0417593711954158	0	0	0	0.195266958273089	0	0	0	0.0739331817647767	0.122037338397665	0	0.0932440557136633	0.00828605777372826	0.0528408637634414	0.0500787365442547	0	0	0.0208166558217121	0	0.15738984382753	0.0253269854724755	0.159019951452249	0.98	-0.0630008556949146	1.16107240495951	GSM996404
0	0	0.0201668542373825	0.413733887784606	0	0	0.00412605650681112	0	0.132580229818987	0	0	0.127512731820818	0	0.0937858369723099	0.0482509651757209	0	0	0	0.142517584363973	0	0.0173258533193921	0	0.71	0.00712740063112194	1.14378144836434	GSM996405
0.103135156271313	0	0	0	0.155159193095219	0	0.0814232776841591	0	0.0744685574332524	0.264865038415689	0	0	0.0391528948077807	0	0.0401645284663985	0.0347967178645392	0	0	0	0.139628535086507	0.0588385052669867	0.00836759560815627	0.77	0.00114517792303105	1.11197422226999	GSM996406
0.20133234629242	0	0.0692165071614294	0.0704530527709425	0	0.0868934782616371	0.238818878950104	0.0369522931032878	0	0	0.0760038076497454	0.00337186738716729	0.0224808412231253	0	0	0.0199667978888121	0.106167742664993	0	0.0683423866463357	0	0	0	0.6	0.0222346031621386	1.0666634434903	GSM996407
0	0.118148511714362	0.181335113358407	0	0.0906197103452605	0	0	0	0	0.0952554942228929	0.101243979254605	0	0	0.107470146181763	0.0412135955778074	0.0580333208864381	0	0	0	0.131871625065245	0	0.0748085033932186	0.97	-0.0438870745550769	1.09693047906133	GSM996408
0.121599437030645	0	0.419711572222005	0	0	0.0864811457880255	0.00850139977236649	0.00035782324421821	0	0.0339273104846777	0	0	0.0195225077946945	0	0.0234176087000108	0.0764629960435348	0.131803849916993	0	0.00237058644599636	0	0.0758437625568325	0	0.07	0.126860360352569	1.01259516805556	GSM996409
0.0205222810162986	0	0.0399376611150685	0	0	0.0260789160926715	0	0	0.188942716527153	0	0	0	0.0599635364647189	0.195221565144899	0.0319771027920864	0	0	0.0875309145233703	0	0.19143695828587	0	0.158388348037864	0.27	0.0765803815176916	1.08624128928746	GSM996410
0	0.409657877250395	0	0	0.213385611400635	0.034840957928698	0	0.104031134413982	0	0.0311243362440473	0	0.0446537169588113	0	0.110455823417196	0	0	0	0.00147138814125308	0	0.0123082915371648	0	0.0380708627078184	0.71	0.00654302697611824	1.11394357413337	GSM996411
0	0.196927456838337	0	0.0142330828871891	0.0893564966446521	0	0	0.216156686955734	0	0.0279763727374961	0	0.200772377048785	0	0	0	0.0347994540459661	0	0.0861645634844395	0.0964232123419289	0	0.037190297015473	0	0.96	-0.0332072544941425	1.13668129138374	GSM996412
0.198424877725765	0	0.394486134008018	0.0303658658247582	0.113941190513091	0	0	0.0775218652266566	0.00577989647773175	0	0.0444380736029328	0	0	0	0.00925231157902587	0	0	0.0516743740420586	0	0.0417965610347197	0.0258033148974093	0.00651553506783376	0.54	0.0264244261340937	1.05815975975655	GSM996413
0	0.250081957693412	0	0.219835882399219	0.207655819938386	0	0.153064537191531	0	0	0	0	0	0	0.0699542989385228	0	0	0.0994075038389299	0	0	0	0	0	0.95	-0.0208924633044179	1.11348379538908	GSM996414
0	0.165562770267667	0	0	0	0.129109479657971	0	0	0.00109406912955992	0.0814344135327899	0	0	0	0.167251136045809	0	0.165172364474451	0.0142461577939642	0	0	0.096522176704321	0	0.179607432393468	0.7	0.00943840450086377	1.1085423071945	GSM996415
0.436394637138809	0	0.0236692363697451	0.185733771853704	0.140569048663508	0	0.105786610769456	0.0779130592733524	0	0	0	0	0	0	0	0	0	0	0	0.0299336359314264	0	0	0.1	0.104678924997529	1.09362897366292	GSM996416
0	0.209975739133453	0	0	0.18659767148053	0.146624732152766	0	0	0	0.164044537102342	0	0.0519492366754022	0	0.0643976715911636	0	0	0	0	0	0.0884563024764586	0	0.0879541093878843	0.99	-0.123371110354458	1.17262826871146	GSM996417
0.15392743826536	0	0.170344387905575	0.2824148494413	0	0	0.0701553441204854	0.165130970649647	0	0	0	0.0679363167295696	0	0	0	0.0900906928880626	0	0	0	0	0	0	0.63	0.0187817192675251	1.09650930825986	GSM996418
0.282801697052042	0	0.310862782502235	0	0.0747170393340708	0.0143062253134198	0	0.0795663973130267	0	0.108214607548392	0	0.0211096926459753	0.0166821273719669	0.0576908920697146	0	0	0	0	0	0.0287473394878855	0	0.00530119936127161	0.48	0.0315663539628664	1.06886531748783	GSM996419
0	0.189005862559184	0	0	0.1711172662451	0	0	0	0.027767789831251	0.0122497289325051	0.123609897234418	0.00686869139022454	0	0	0.0638111275104917	0.163332688066392	0	0.00299014624050673	0	0.109001878026232	0	0.130244923963696	0.97	-0.0541356285119065	1.11664137927649	GSM996420
0	0	0.217045339578684	0	0.175730401110095	0.0693990674773325	0	0	0.0198396946822659	0.202658252121278	0.0238051621468257	0	0.0853261851338801	0.0603200899185762	0.0639375150575238	0	0	0	0	0.0721263799825066	0	0.00981191279103214	0.98	-0.0655923794242433	1.10996035961406	GSM996421
0	0.188701434094968	0	0	0.220588751680447	0	0	0	0.0936778237929852	0.0374313006556173	0.0713607605477651	0	0	0	0	0	0	0	0	0.189648171869367	0	0.198591757358851	0.99	-0.0764921998608561	1.1573107036366	GSM996422
0.0378592964359612	0	0.214025421726999	0.0752301021875002	0	0	0.028275393622221	0.0402978189796671	0	0	0	0.168268737536432	0.108313041112496	0	0.0142117125291719	0	0.0571144140708319	0.0130624234936402	0.0993137180607131	0.118570808865494	0	0.025457111378873	0.31	0.0715799069040619	1.06969150504455	GSM996423
0.129999777818239	0	0.0274904265518309	0.0433338681289513	0	0.145620323839512	0	0	0	0	0.232156393188559	0.0372741200805408	0.0927624345884263	0.0101453479221427	0.042902266158238	0.0362269507144828	0.111742689320695	0	0.0903454016883821	0	0	0	0.33	0.0652500842314148	1.07608750730392	GSM996424
0	0.0154660190118409	0	0.241103976327227	0.0695245458612428	0	0.0308777336154	0.166405241802999	0	0	0.0491928305538792	0.0828630731038235	0.0668157918660389	0.1566109543834	0	0	0.0123797771386933	0	0.108760056335455	0	0	0	0.85	-0.0108603538703647	1.12248149882982	GSM996425
0	0.111018307809883	0	0	0.228805264705684	0	0	0	0	0.173498625197422	0	0	0	0.0639502248596531	0.0208704826282444	0.0115171196952351	0	0	0	0.336213729567019	0	0.0541262455368602	0.85	-0.0115144060685978	1.1565543803805	GSM996426
0.252869239957898	0	0.0844850231724321	0.101645672702728	0.0274923240039708	0	0	0.0400562653661534	0.00549216546778393	0	0	0.0117852497893423	0.0331549870119234	0	0	0.00526453557786738	0.0892967619090545	0	0	0.348457775040847	0	0	0.09	0.106042509157711	1.08853917249451	GSM996427
0.0670253475261904	0	0.365371540815648	0.218653580253788	0	0	0.0159514105240082	0.0704731262590011	0	0	0	0.0374831182660001	0	0.00968874265195085	0	0.00934969443817563	0	0	0.0837390763204499	0	0.122264362944788	0	0.35	0.0602777488804767	1.04510007168893	GSM996428
0	0.150363298139479	0	0	0.281264933041752	0	0	0	0	0.106612691473559	0	0	0.0101832255821563	0.196415658372894	0.0142382797696868	0	0	0	0	0.0585915368712412	0	0.18233037674923	0.9	-0.016399650380252	1.12457295031491	GSM996429
0.257062512635484	0	0.306846355753256	0.0943260297941422	0	0.0465058208026472	0.0823364091252492	0.0510225568021908	0	0	0.0258737663323189	0.0593938573505397	0	0	0	0.0209261542860834	0.0299631817793201	0	0.0141506689028162	0	0.0115926864359526	0	0.44	0.0396658666511106	1.06460215103607	GSM996430
0	0	0	0.0489250486355711	0	0	0.02198109255047	0.177334795690533	0	0	0.181648318626489	0.021164113067564	0	0	0.0486566008134597	0	0.16862295911568	0	0.326266188863261	0	0.00540088263697254	0	0.58	0.0226223480757952	1.10735470710417	GSM996431
0.237191562091718	0	0.116865927282466	0	0	0.247504684582547	0.00151658714583413	0	0.0233909538706341	0	0.294389373296729	0	0.0379182396357608	0	0	0	0.00431923059358911	0.0302880440580212	0	0.00661539744270102	0	0	0.79	-0.00207664214253322	1.13217887988261	GSM996432
0	0.135035748970219	0.247364750999362	0	0.0135167139757219	0.242089836046654	0	0	0	0.106769275268975	0.0744690233607637	0	0	0.0385452453657153	0	0	0	0	0	0.107906844154729	0	0.0343025618578604	0.99	-0.102062020301695	1.11912863230458	GSM996433
0	0.224993982386952	0.0435073013112273	0	0.107529879875487	0	0.0460348041863507	0	0	0.0863442012726805	0	0.0586883629438591	0.0617399250659844	0.151186299636064	0.107561588587029	0.0050541374515054	0	0	0	0	0	0.107359517282861	0.98	-0.0662265463680886	1.12534514429411	GSM996434
0.2673567030684	0.0401562380320732	0.358672053171422	0.0278591602551131	0.0919508537173227	0	0	0.129038089941917	0	0	0	0	0.0144811433161439	0.00559467914235347	0	0	0.0384609710926401	0	0	0	0.0264301082626149	0	0.09	0.105555314869042	1.04369824072665	GSM996435
0.0803245922872954	0	0	0.150055873043003	0	0	0.164119116913564	0.137583504680679	0	0	0.0603210306540949	0	0.182163729341349	0	0.0379839585573055	0	0.045844416115836	0.053985008314295	0	0.041052955516541	0.0465658145760373	0	0.98	-0.0588348444793727	1.10400219461538	GSM996436
0	0.207638882188657	0	0.145477230496129	0	0	0.0336370891627302	0	0.184025216788739	0	0.168457670669383	0	0	0	0.057720911189338	0.126806112150528	0	0	0	0.0751824755513418	0.00105441180315455	0	0.78	-0.000404444877390048	1.10788739728883	GSM996437
0	0	0	0	0.0523874981826937	0	0	0	0.137066978896836	0.102313058326882	0	0.0633182158223405	0.0795948329916793	0.0652894416172028	0	0.0297783989417623	0	0.0706997054622175	0	0.263858540663378	0.0155509936481666	0.120142335446841	0.59	0.0223822859184721	1.12886023518168	GSM996438
0	0	0	0.134270371032894	0	0	0	0.138357473100959	0	0.0218678526686485	0	0.0513072577096584	0	0	0	0.110119542520232	0	0	0	0.477619312172468	0.0664581907951401	0	0.2	0.0885201344362522	1.17295926127023	GSM996439
0.123908127623882	0	0	0.0943173314517663	0	0.129843366337378	0.260282164474811	0.146875603845345	0.0340010109272957	0	0	0	0	0	0	0	0.200714957361848	0	0.0100574379776734	0	0	0	0.96	-0.0348431986116777	1.10802874992049	GSM996440
0	0.110378482579469	0	0	0	0.0848625184079522	0	0.0142005682757365	0.0251092681693329	0.0209433400497113	0.0496707906712193	0	0.0581854350227326	0	0.0269744840547001	0.100410586250241	0	0.0582653238555051	0.221778816362862	0.0338193795985148	0.195401006702023	0	0.45	0.0373984297042511	1.07524885047923	GSM996441
0.181804701209253	0	0.164115825098868	0.0235398557426242	0	0.180560323318611	0.0812429685828035	0	0.0333936742339679	0.119059899467321	0	0.0708820377465405	0.0391792885757016	0	0	0	0.10622142602431	0	0	0	0	0	0.48	0.0319853459675395	1.07611561577787	GSM996442
0	0.208851288985943	0.0624093383962291	0	0.00728112565083086	0.0375450576611982	0	0	0.00291667912639771	0.0750182672523505	0	0	0.0282752940265079	0.300562384723613	0.00128124559217475	0.069058180337163	0	0	0	0.108121298371712	0	0.0986798398758805	0.0600000000000001	0.130246007051281	1.05462885421684	GSM996443
0.185877437641381	0	0.17699717442016	0.149419396733816	0.0212292125109207	0	0.0368253029651865	0	0.00526196338369043	0	0.0579143125995688	0	0	0	0	0.115195335176913	0.0529741455624777	0.0598867693717543	0.0676453131781845	0.00383924986469622	0.0669343865912504	0	0.93	-0.01895109364467	1.06590540719847	GSM996444
0.359350698726176	0	0	0.263426338530002	0	0	0.00450812258187361	0.117508135590402	0	0	0.0222850138982979	0.0856207734315872	0	0.00505165295196367	0.0102374058048138	0.0147836740263856	0	0.0364743915700222	0.0242983597177629	0	0.0163448151643457	0.0401106180063672	0.5	0.0283852968834448	1.12473564479872	GSM996445
0	0.224618886504921	0	0.0304745499360777	0.0411483678356356	0.0606508645207436	0	0	0.0154410026824475	0	0.150045541603012	0	0	0	0	0.122819502220632	0	0	0.27662480744524	0.0274009912203724	0.0507754860309185	0	0.44	0.0393685933325829	1.08398012544962	GSM996446
0	0.004099712308993	0.16706057540305	0	0.247753632218421	0	0	0	0.113891490806201	0.0170350276632629	0	0	0.0694482792760934	0.0302638486831712	0.0124756735432675	0	0.200698715812153	0	0.0226987928767756	0.00180323321983425	0	0.112771018188777	0.96	-0.029386337304741	1.08734469736881	GSM996447
0.0762626634263431	0.0138399603182399	0	0	0.0816458032130716	0	0	0	0.0807479316102362	0.00111683917866361	0.0667732895635897	0	0	0.215409735856645	0.0476457167177746	0.00578980698274163	0	0	0	0.233310937465938	0	0.177457315666757	0.0600000000000001	0.13403622646515	1.07329607587807	GSM996448
0.37074635427011	0	0.338927860089907	0	0.0323553956345444	0	0	0.161054515531198	0	0	0.0328297849040385	0	0.00270819065675768	0	0	0.0308512710065968	0.0235454135063816	0	0	0	0.00698121440046595	0	0.05	0.146414425063198	1.03493549138662	GSM996449
0	0.199189467058398	0	0.0915283387124734	0	0.287224454379343	0.0179861014953243	0.0583346284715559	0	0.073085247486814	0	0.0352820442633622	0	0	0.000373593111074597	0	0.15948484587917	0	0	0.0742355244582389	0	0.0032757546842464	0.69	0.00979063499435942	1.10238521681002	GSM996450
0	0	0	0	0.0267445029904544	0	0	0	0.331070248939287	0.00374183185953329	0.0955722640349745	0	0.176484860944047	0.0178949264511801	0.074013382849641	0.00961537583130594	0	0	0	0.11356420482427	0	0.151298401275307	0.84	-0.00806545308558665	1.12216040140204	GSM996451
0.121855881813143	0	0.437668087178472	0.14405109734815	0.0505563027934644	0	0	0.0417167123322647	0.0416572665025305	0	0	0.0286048218434875	0	0	0.00936403031360167	0.0496658245236122	0.0235081599568327	0	0	0.0114579298329769	0.0398938855614644	0	0.22	0.0854382729912671	1.03368309074774	GSM996452
0.0904894087887464	0.0189628993990378	0.22082249976387	0.0538072629056346	0.104469769074831	0	0	0.118848926707583	0	0	0.0532747637882412	0	0	0	0	0	0	0.0967296783335345	0	0.0335964369319151	0.152973417838108	0.056024936468498	0.35	0.0599444306145154	1.04730265585118	GSM996453
0	0.186423571778359	0.0746682772172356	0	0.0337537153969633	0.229002290834118	0.0734411150909272	0	0	0.0168510299599171	0.0268970972708151	0.10122047102653	0.0295753071798591	0	0	0	0.0425414605485932	0	0	0.18340942709736	0	0.00221623659932258	0.31	0.071088312076467	1.08030715762324	GSM996454
0	0.0352522485382522	0.00281372177117111	0.115970383602788	0	0	0	0.041917773479206	0.200889921515067	0	0.34080703087456	0	0.0231789606626767	0	0.023576760502475	0.166458056270568	0.0491351427832364	0	0	0	0	0	0.23	0.0809176380665321	1.11329701180668	GSM996455
0.210504968423729	0	0.127702021444191	0	0	0.109197841652061	0.00382598534580414	0.155220087146847	0.0479698412795545	0.0252468619784674	0	0.028930577525967	0	0	0	0.129459548162551	0	0.0291852666175089	0.0601598825290632	0	0.072597117894255	0	0.49	0.0310376786354644	1.06153780351156	GSM996456
0	0	0	0	0.190701566761502	0	0	0	0.144410879609114	0.0713761505462362	0.0713207444465783	0.0406018740458796	0.0152848610633696	0.0981870316410435	0.0274657654690327	0	0	0.0627977669609685	0	0.115269797330309	0	0.162583562125967	0.61	0.0209518262470123	1.11010567928382	GSM996457
0	0.111490257051161	0	0.253674348132203	0	0	0.115096747719301	0	0	0	0	0.183385581832132	0.0144450145836935	0.200931006046099	0	0	0.0169229111790867	0	0.104054133456324	0	0	0	0.47	0.0331237731402507	1.1156575493364	GSM996458
0	0.392570157095203	0	0.0321254714590351	0.104152818764665	0	0	0	0	0.19359176153297	0	0	0	0.100956430074002	0	0	0.00275099069440411	0	0.0583573656343885	0.0173501144611962	0	0.0981448902841356	0.97	-0.0399854443265908	1.12313115300072	GSM996459
0	0.01767769059118	0	0	0.0725964024023175	0.199306868741031	0.0115163468708993	0	0.0564761880140165	0.0183310068607321	0	0	0	0	0	0.139970660609955	0.0997950927869106	0.0178192396096527	0	0.0668506376041707	0.203249519282634	0.0964103466265009	0.85	-0.0125521030585072	1.09835293922377	GSM996460
0.340241900558302	0	0	0.192843427764595	0	0.0627918254937657	0	0	0.0834708033594176	0.145875007665695	0	0.00592237236331875	0	0	0	0	0	0.0358011457156641	0	0.104970945311581	0.0280825717676616	0	0.74	0.0040718748138288	1.13372146103066	GSM996461
0	0.110576773706324	0	0	0.111035687851756	0	0	0	0.0591259171806818	0.11362694045217	0	0	0.10223795038818	0.124233316648036	0.121989119804517	0.139758949582565	0	0	0.048270250175498	0.0046239126947692	0	0.0645211815155036	0.79	-0.00253650198182079	1.09571235563601	GSM996462
0	0.170486207721513	0	0.352226228648942	0	0	0.0645580382780142	0.000848199661848967	0.0933898611689414	0	0	0.0473843374224144	0.00511208638858804	0	0	0	0.166822434690174	0	0.0749398519650843	0	0.0242327540544793	0	0.95	-0.0219312098986274	1.11312151016993	GSM996463
0.026892666387126	0	0	0	0.152468225620931	0	0	0.0193285299863696	0	0.0511524291684206	0	0.119781057576284	0	0.06357853707741	0.0218714870498362	0.0216118729247254	0	0	0	0.388186298239763	0.00763587700819017	0.127493018960943	0	0.276243388042672	1.03910075489053	GSM996464
0	0.268582084343256	0.0278048195573254	0.0956639946674327	0	0.126662433691819	0	0.0788055703900885	0	0	0.140604306285101	0	0.0020559888332069	0	0	0.0363239924828709	0.0462659711653382	0.0285790077511622	0	0.034364169612174	0.114287661220226	0	0.79	-0.00228987899218218	1.09414377150164	GSM996465
0	0.311336811417955	0	0	0.0500014206010713	0	0	0	0	0	0.00186535963427667	0.0213273047579435	0.022806178515585	0	0	0.0278750683630984	0.233469602272286	0	0	0	0.252946400582422	0.0783718538553616	0.67	0.0116502171035844	1.10178918093537	GSM996466
0	0.0737434065932371	0	0	0.0745203131763529	0	0	0	0.250403765345541	0	0.044189804204795	0	0.0694693251070111	0.0780151885331889	0.0440274513953097	0.0694339022643088	0	0.0472855725653656	0.016542290124073	0.10451686218942	0	0.127852118501398	0.62	0.0199831728235355	1.08503774970377	GSM996467
0.340594347453498	0	0.197379770086453	0.230164530816219	0	0.00860721427701123	0.0940835844359979	0.05806092002234	0.00869531437170072	0	0	0	0.0166692408042487	0.0278157986929214	0	0	0.00330717444580785	0.0146221045938025	0	0	0	0	0.31	0.0710701391137752	1.0702477512355	GSM996468
0	0.0905071050638007	0	0.221936709404876	0	0	0.0570899770653213	0	0.0593010996528663	0	0	0.0636010535005673	0.0400829190177591	0.0259485156853103	0.00405685571111255	0.089647066955943	0	0.0256485891821781	0.0940757918399851	0	0.22810431692028	0	0.96	-0.0330482819529665	1.1038777264707	GSM996469
0.231707020004478	0	0.236486135888979	0.18174765878948	0	0.0330261911150797	0.092930255439163	0.0574569823357559	0	0	0.0754225115038487	0	0	0	0.0112739364791294	0.0755308110644824	0.00441849737960333	0	0	0	0	0	0.31	0.0719603373107698	1.05469193549324	GSM996470
0	0.186210894746879	0.114854902296647	0.24876146252226	0	0.0642197711695359	0.0531760771453423	0.0529969691659139	0	0	0.11935839715247	0	0	0	0	0.00376017152337435	0.117298561649289	0	0	0	0.0393627926282894	0	0.48	0.0322536043757568	1.08431660429065	GSM996471
0.155237672966528	0	0.0321433744727641	0.0423266552129236	0.0662598445038963	0	0	0	0.12308485690118	0	0	0.0359632182071366	0.0418259233315679	0.19108842422725	0.0359393346572316	0	0	0.0685894394378877	0.0443661086290527	0.037210121709096	0	0.125965025743486	0.94	-0.0199071359005294	1.10036718124336	GSM996472
0	0	0	0	0	0	0	0	0.507341214938963	0	0.074084909583545	0.0871225413527341	0.0736537006937084	0.0220220681025537	0	0.0270211440682941	0	0.0809677881915475	0	0.0308423560666921	0	0.0969442770019616	0.66	0.0146800897110365	1.12959865114142	GSM996473
0	0	0	0	0.233977635283647	0	0	0.0762133253832034	0.0546197880031059	0	0	0.0119398816542913	0	0.0139279076266467	0	0.107653936689595	0	0.00997761831960014	0	0.16227711747268	0.0881180066988158	0.241294782868415	0.99	-0.0759329044843779	1.16595484442548	GSM996474
0	0.153274089543462	0.167929116079484	0	0.0476609914572397	0	0	0	0	0.0572154369725152	0.0386260652070388	0	0	0.223072506509965	4.12145038591016e-05	0	0	0	0	0.0886892599497949	0	0.223491319776642	0.4	0.0514411598321476	1.08758730427705	GSM996475
0	0.339532029433396	0	0	0.0605743533548047	0.101122062948339	0	0.0120170357930677	0	0.241290079574345	0	0	0	0	0	0	0.0435872609511717	0.0443776051086513	0	0.0410491410427395	0	0.116450431793486	0.96	-0.0363421344484795	1.12660471195157	GSM996476
0.200746701956924	0	0.0284369349630158	0.137539630562181	0	0	0.0652238700068222	0.173685217284825	0	0.0767883925780757	0.13550586673202	0	0	0	0	0.0534090110983188	0.000731844615661111	0.0335924989276456	0.0125706731739663	0	0.0817693581005448	0	0.42	0.0481444027872132	1.09182980715567	GSM996477
0.0145793401282015	0.026882581441034	0	0.0265184982383065	0.0899128156924091	0	0.29222254535452	0	0	0.0176716690847804	0	0	0	0	0	0.180959139992776	0	0.141276925595	0	0.209604096722569	0.000372387750403043	0	0.85	-0.0117140059454058	1.11170198680132	GSM996478
0.107063402138242	0.153954636968084	0	0.18476343805871	0	0.143062822931787	0.0977196341164537	0.104988787465389	0	0.0430873237952806	0	0	0	0	0	0.10429635183585	0	0.0181636285488814	0.00229529224143768	0	0.0406046818998844	0	0.36	0.0556541550358227	1.08159579881848	GSM996479
0	0.0195122556983312	0.114209600119983	0	0.208014088089044	0	0	0	0.0702252155009473	0.0452806391748444	0	0.0698436517592366	0	0.100591102840559	0	0.0840359936204708	0	0.0116879071857014	0	0.17169896373096	0	0.104900582279922	0.23	0.0821014914452001	1.06431194327975	GSM996480
