B.cells.naive	B.cells.memory	Plasma.cells	T.cells.CD8	T.cells.CD4.naive	T.cells.CD4.memory.resting	T.cells.CD4.memory.activated	T.cells.follicular.helper	T.cells.regulatory	T.cells.gamma.delta	NK.cells.resting	NK.cells.activated	Monocytes	Macrophages.M0	Macrophages.M1	Macrophages.M2	Dendritic.cells.resting	Dendritic.cells.activated	Mast.cells.resting	Mast.cells.activated	Eosinophils	Neutrophils	P.value	Correlation	RMSE	sample
0.129447849486561	0	0.01726361525944	0.192293518188681	0.00789142669350032	0.0115365864504718	0.00592443583658696	0	0.0362307415332881	0	0.108237238210151	0	0.0907901436152448	0.0122338654758626	0	0	0	0	0.00458368053663562	0	0.108345468465302	0.275221430248275	0	0.644523965844414	0.769610371132313	GSM1008060
0.0900495141520956	0	0.0278496032111133	0.284629540176478	0	0.0292029602309315	0.0277931421075773	0	0.0608780995963804	0	0.128362974789956	0	0.0713621381540499	0	0	0	0	0	0.00881386306204559	0	0.0175631576703498	0.253495006849022	0	0.683640594386567	0.739574620455896	GSM1008061
0.11134347538788	0	0.0148909172153701	0.3052750047241	0.00374061209353343	0	0.0464197808199426	0	0.0477104488370629	0	0.18048138336135	0	0.0865674432783147	0	0	0.00228556432961563	0	0.000868644523854584	0	0	0.0180024206346247	0.182414304794352	0	0.682604969813785	0.739577973182609	GSM1008062
0.132168103546408	0	0.0185072142006194	0.285746347643398	0	0.0138329382131778	0.0491753220048116	0	0.0195162949928399	0	0.11976923353086	0	0.0396354448363368	0	0	0.00305496853741472	0	0.00623202834158363	0	0	0.179381208050569	0.132980896101981	0	0.676803617626247	0.752215595489094	GSM1008063
0.194474946293177	0	0.0652319277277932	0.187222914586344	0.00127104179800852	0.0512276619125165	0.0334066405443409	0	0.00319998941043272	0	0.1430018059153	0	0.102449108563824	0.0283371844006515	0	0	0	0	0	0	0	0.190176778847612	0	0.712824733293544	0.729245386634151	GSM1008064
0.101780289404934	0	0.0231762403164376	0.255507688005703	0.0384907870959782	0.0579307073533123	0.0158999900550397	0	0.0447317375197952	0	0.0817946205326833	0	0.10497827001746	0.00137062200961493	0	0	0	0.00250315746252332	0.00389668512876721	0	0.0677704159636462	0.200168789134105	0	0.669314867487408	0.755829532384303	GSM1008065
0.0517404997091745	0	0.00178018620442846	0.230293337637451	0.0520323013380256	0	0.00586902411506726	0	0.0244924991040301	0	0.177985556176682	0	0.0204947183501279	0.00306313691289349	0	0	0	0.00637302697592413	0	0	0.0419997144747442	0.383875999001451	0	0.711817804464667	0.706874054029789	GSM1008066
0	0.0590088997633893	0.0247144433137383	0.0968709470840968	0.0367220649021155	0.0486681536401087	0.0195719361055171	0	0	0	0.155472033496266	0	0.12042282081508	0	0	0.00200313341646154	0	0.0516108580881725	0.00331927629057369	0	0.0288106956300294	0.352804737454451	0	0.651419531452373	0.760707975094755	GSM1008067
0.0948873905361263	0	0.0307220902024985	0.224798040801713	0.00397031732681391	0.0454923846519117	0.0168837371809476	0	0.0438210122403427	0	0.104098965792316	0	0.0948824879288774	0	0	0	0	0	0.0136979871126248	0	0.165739295790373	0.161006290435454	0	0.642538607031102	0.777330301685001	GSM1008068
0.114129805195749	0	0.0686209615821014	0.195120015533439	0	0.00180501350675628	0.034437648303906	0	0.0602495415799364	0	0.121715698769644	0	0.0641535957663976	0.0130105785616858	0	0	0	0	0.00393261331561477	0	0.0295518613872064	0.293272666497564	0	0.666068428059562	0.755494864738768	GSM1008069
0.0979531883793645	0	0.0171293193350426	0.240304712262699	0	0	0.00789400850011414	0	0.0509493367844505	0	0.250177816313597	0	0.10935634884435	0	0	0	0	0	0.00944900858151583	0	0.132371668380313	0.084414592618553	0	0.629989034639037	0.779341273361147	GSM1008070
0.114788385688133	0	0.0480413627175964	0.18311335826114	0.00444233648213238	0	0.0109385589578234	0	0.0782749207799072	0	0.125366569133378	0	0.0926566616088625	0.0126109412322463	0	0	0	0	0.0171367497536033	0	0.0177485663225013	0.294881589062676	0	0.674142955386949	0.748238530585292	GSM1008071
0.0981482421402442	0	0.0128617511649768	0.321212717631405	0	0	0.0296343742570177	0	0.0326304309408772	0	0.154754473238711	0	0.0872541248994239	0	0	0	0	0.00287069395202092	0	0	0.0975671098487874	0.163066081926536	0	0.693562617660928	0.734008634426965	GSM1008072
0.144145974669148	0	0.00902428286306487	0.168935199610274	0.0274608318738962	0.101085846805841	0.00173303008854465	0	0.0452529484496011	0	0.067840872079733	0	0.0695101813097089	0	0	0	0	0	0	0	0.0720943402668213	0.292916491983367	0	0.689330332311169	0.73547226312443	GSM1008073
0.116779659208634	0	0.028052685644724	0.208847250654074	0	0.0345804404459705	0.0159636547417016	0	0.0550194314066193	0	0.106355147956897	0	0.0922198431103933	0	0	0	0	0.00356553890888969	0.00710032774247906	0	0.0489532475356768	0.282562772643941	0	0.675210834762058	0.747246698163309	GSM1008074
0.180016976354951	0	0.0315288737481455	0.165271702604427	0.0328563251066933	0.0920617965586362	0	0	0.0306064399895049	0	0.112976390320992	0	0.100605861154215	0	0	0	0	0	0.00284592154706465	0	0.0438403494326045	0.207389363182766	0	0.662062333270593	0.761754143552766	GSM1008075
0.0806670766158919	0.00692358013098635	0.0307221480935409	0.347259897922077	0	0.031776076465295	0	0	0.0685498275325645	0	0.119145842008867	0	0.0646173584499476	0	0	0	0	0	0	0	0.0223021966748915	0.228035996105938	0	0.696216138384454	0.72819124773624	GSM1008076
0.129728137347504	0	0.0334066964298891	0.199861852680782	0	0.0762043770828387	0.0131304624044321	0	0.017835812161445	0	0.119484370648668	0	0.0569122137262559	0	0	0	0	0.00326055498967649	0.00221064144514907	0	0.091447903298846	0.256516977784514	0	0.669162634313048	0.753504396256799	GSM1008077
0.15913939072495	0	0.0566794944337071	0.148187584912791	0.00040267046211454	0.00238924045964089	0	0	0.100872481136354	0	0.142008917184269	0	0.0939275567068643	0.0436752344694292	0	0	0	0	0	0.00178378182964243	0	0.250933647680238	0	0.658549789006871	0.76309582066568	GSM1008078
0.092563901870328	0	0.00943396184505416	0.184217965087	0.0229499997930846	0	0.00640366709311138	0	0.0494512839857148	0	0.171832865104176	0	0.101069743895045	0.00346853258887387	0	0.00975837257718455	0	0	0	0	0.07186042176586	0.276989284394569	0	0.655805199604038	0.759319854083036	GSM1008079
0.120100594637078	0	0.0305547443341867	0.0851270663805754	0.0412229698709322	0.0120059067103854	0.0168718447869649	0	0.0492384819453748	0	0.139203692213036	0	0.0817757735687318	0.0437832277084997	0	9.97001442802391e-05	0	0	0	0.00514015914566036	0.0245407945696249	0.35033504398467	0	0.668418072812843	0.748248682297867	GSM1008080
0.202257324974184	0	0.0877506982808515	0.286445807248904	0.0515526922041908	0.0189882924404756	0.0404719388326763	0	0.00245139294055633	0	0.0981118362481472	0	0.0449272605949435	0	0	0	0	0.00310305231779144	0.00503481661124173	0	0.00974530144700531	0.149159585859032	0	0.724030396454043	0.722124542549556	GSM1008081
0.0977406103572346	0	0.0355690024288896	0.190270278262237	0	0.0605982340694441	0.00350095468496534	0	0.0423441183471662	0	0.207113567728831	0	0.148177593481317	0	0	0.00331015566167886	0	0.0108594183957651	0	0	0.0242847217411666	0.176231344841305	0	0.650214307228776	0.766311122504604	GSM1008082
0.0815034474584168	0	0.0255013684329954	0.068840448676269	0.0354790805431155	0.0680629940996105	0	0	0.0259961084119265	0	0.0942725623570583	0	0.104950869718802	0.095252634630754	0	0	0	0	0	0	0.0233453018346002	0.376795183836452	0	0.703822190084353	0.715752229036202	GSM1008083
0.123895396927337	0	0.0253304648485585	0.116479210764123	0.0165290577738556	0.0538016931770904	0.0133814347257079	0	0.0289084306507864	0	0.0900070267561555	0	0.0628881262236642	0	0	0	0	0	0.00983853996663537	0	0.147163815955667	0.311776802230419	0	0.669387649727758	0.749711985676424	GSM1008084
0.109495745510825	0	0	0.144372590447493	0.0199934281527627	0.0499021606280763	0.0315503940395436	0	0.0170321115248498	0	0.146597965180993	0	0.0510348722636799	0	0	0.00295382214778982	0	0.00686170249860885	0	0	0.100729474041301	0.319475733564077	0	0.678479306098694	0.741034451512526	GSM1008085
0.0925893637709449	0	0.0559576292006947	0.070994076497543	0.0454601873414773	0.0386074668470648	0	0	0.0430320264699619	0	0.0812033591210625	0	0.0880671323781354	0	0	0	0	0.00682787276518398	0	0.00841216980344722	0	0.468848715804484	0	0.682853549436669	0.731456955191642	GSM1008086
