CD14_positive_monocyte	CD16_positive_monocyte	CD4_positive_alpha_beta_T_cell	CD56bright_natural_killer_cell	CD56dim_natural_killer_cell	CD8_positive_alpha_beta_T_cell	MAST_cell	basophil	eosinophil	gamma_delta_T_cell	hematopoietic_progenitor	macrophage_m0	macrophage_m1	macrophage_m2	memory_B_cell	myeloid_dendritic_cell	naive_B_cell	neutrophil	plasma_cell	plasmacytoid_dendritic_cell	P.value	Correlation	RMSE	sample
0.00394516857314505	0	0.220238760746814	0	0.0937052827436966	0	0.167554520143397	0	0.114800568095102	0.0255151013172728	0	0.0363366961747954	0	0.05777995069931	0.0389440511247709	0	0	0.234648283890541	0.00653161649115547	0	0.97	-0.0409628431163695	1.08882057100149	GSM996267
0.244753825139007	0	0.230912890144841	0	0.0968439272462003	0.0142380154831898	0.124174890936314	0.00333814687744847	0	0	0	0.0743577826750892	0	0	0	0.0940889907608533	0.0885901042676843	0.0234918168913008	0.00520960957807254	0	0.15	0.141497326047869	1.04677027700711	GSM996268
0	0.218013769581268	0.034422194151632	0.197203375534953	0	0	0.00351095445184752	0	0	0.0835521910241387	0	0	0.0242023802221159	0	0	0.357520833716507	0	0	0.0815743013175377	0	0.71	0.0119148405134929	1.16628079681927	GSM996269
0	0.0624715463307961	0.274986333714466	0	0.102958050517003	0.0226623917322182	0.210914131038182	0.0675717182364369	0	0	0.00596772340793549	0	0.0360245201408215	0.0679853408109601	0.0903767695495093	0	0	0	0.0580814745216722	0	0.33	0.0866475842848021	1.07519703249044	GSM996270
0.279452945778081	0	0	0.0527372554054138	0	0.208126800898139	0	0.143301177364226	0.0823707496117844	0	0.00352575008028794	0.0374157855029762	0	0.0630060308714455	0	0	0.00769864473346524	0.011136458556883	0.111228401197299	0	0.4	0.0658229269407802	1.12773024761115	GSM996271
0.0753368531868661	0	0.0825683585001596	0.0899864457459835	0	0	0.118402512577818	0	0	0.0648801583702464	0.0317208692374472	0	0	0.241578637569874	0	0	0.190162570829917	0.0848664616794224	0.0204971323022655	0	0.86	-0.0108366475777335	1.12321924932184	GSM996272
0.0194917770294318	0	0	0.23499903452234	0	0.0242476188824541	0.10911358873454	0.221508637986826	0	0.0742750916663385	0.0039089112028621	0	0	0.0255715390214571	0	0	0.122214319080746	0.0392606012530905	0.0548553859303506	0.0705534946895631	0	0.244406015551045	1.00653126445146	GSM996273
0.0588866806315005	0.107015184417365	0	0.250757039181008	0	0.05592856066349	0.229639997388893	0.0362245488468201	0	0	0	0.166776055141408	0.00949976523543825	0	0.0852721684940781	0	0	0	0	0	0.54	0.0417770718124101	1.07269784592444	GSM996274
0.0870527179369544	0.0409242647382917	0.19521914104882	0	0	0	0.165720520108906	0	0.0960497464069242	0	0	0	0	0.00945468066902958	0	0	0.14378309558589	0	0.0474134920144154	0.214382341490768	0.61	0.0286798551037386	1.05593873694671	GSM996275
0.0384778074561061	0	0	0	0	0	0.00739843510021767	0.116199034289054	0.0800546597653166	0.120747722377067	0.0353214313210208	0.145117902026206	0	0	0	0	0.114837452795162	0	0.0974208501186945	0.244424704751156	0.08	0.168906713563306	1.01854861426917	GSM996276
0	0.0275070607056887	0.645802342412379	0.0793301709649591	0.0306743964461195	0	0	0	0.0832632230406952	0	0	0.0563043114237598	0	0	0	0	0.0104302858313008	0.0666882091750979	0	0	0.28	0.0966815791334637	1.05330378782153	GSM996277
0	0.197966593249976	0	0	0.0140863152079321	0	0.0140832000192375	0	0	0.105627007338476	0	0.20188992277242	0	0	0	0	0.170611538008477	0.136161183616998	0.0726617378266377	0.086912501959846	0.1	0.153173724635765	1.06006822910331	GSM996278
0.0857281644511105	0	0	0	0.142147998088186	0	0.00581541797541436	0.0511811048328503	0	0.173708383064488	0	0	0	0.0837672678222951	0	0	0.257900363884541	0.0337433621225782	0.116417057060807	0.0495908806977292	0.27	0.0997079576187751	1.08992298758293	GSM996279
0	0.0286645102339869	0.0564364789800471	0.193130205393927	0	0	0	0.0877333368127598	0	0	0.0830052711805372	0.0628235613216991	0	0	0.200204923513561	0	0	0.156027481546182	0.0598915965523264	0.0720826344649735	0.6	0.0300262997772366	1.06667343420255	GSM996280
0	0.112185155393344	0	0	0	0.0437313489803657	0.142424582366079	0.109916335672903	0.199066365444157	0.0290234314574029	0.0165073586814107	0.0177810349961312	0.070063107798002	0	0	0	0.139036911885108	0.120264367325098	0	0	0.11	0.149867505134782	1.05809648272244	GSM996281
0	0.17524776711521	0.0288707288669982	0.100843906095961	0.149278624870667	0	0.106482769654298	0.104486441385857	0	0.137765526871138	0.0196096066896058	0	0.140544201435235	0.00869863489748314	0	0	0.0215442154355522	0	0.00662757668199441	0	0.05	0.188708700947359	1.08329512627011	GSM996282
0	0.03893818033305	0.0935818010258729	0	0	0.00294091140784428	0	0	0	0	0.0913194916537957	0	0.00246708814233542	0	0	0	0.194463987342836	0.100789058941995	0.0882680977413255	0.387231383410945	0.56	0.0376905963165881	1.05128577259482	GSM996283
0.105507157519328	0	0	0	0.0381059187349206	0.0226529972785815	0	0	0.00570527868374675	0	0.00952242359961475	0	0.0707438796337988	0	0.0151217874959243	0.469455585687969	0	0	0.0214066698106237	0.241778301555492	0.94	-0.0266096027226015	1.1274556678149	GSM996284
0	0.170818474294537	0	0.29174326926893	0	0.0332468997789796	0	0.0942612213144283	0	0.12311519667234	0.0248533408650908	0	0	0	0	0.0692197238240571	0.0695723426642151	0.118285806668709	0	0.00488372464871288	0.26	0.100919675291229	1.07974867905476	GSM996285
0	0	0	0.203713030372584	0.2245436797329	0.10053131151246	0.12440598474796	0	0	0	0.00924602165780735	0	0.0136150421238414	0.22695289612764	0.0199512633593805	0	0	0.0770407703654272	0	0	0.4	0.06646746297502	1.09360666151359	GSM996286
0.0637936841879286	0.0804625377392348	0.162991403781586	0.0434747549909869	0.105547805745085	0	0.228973246575651	0.151745741424579	0	0	0	0	0.0242447808449569	0	0.0456001008396636	0	0	0	0.0931659438703279	0	0.52	0.048162622884935	1.1144682394988	GSM996287
0	0.0174000410891932	0.217069901720753	0.0062948892588092	0.0089718703571138	0	0.0726402504676275	0	0.163328647811897	0	0	0.0178837350776405	0.102102615580019	0	0.157465822782939	0	0	0.0377202538519689	0.0201590869312395	0.178962885070799	0.35	0.0814418570775011	1.04467125746544	GSM996288
0	0.137631036932358	0	0.0354726087862847	0	0.07562486238128	0	0.0342076831868199	0.157073142470042	0.0300792147729797	0	0.123087281230466	0.0459699994390754	0	0.100454012719804	0.246338483562531	0	0	0.0140616745183584	0	0	0.23721791712536	1.02112204219789	GSM996289
0.110040089723054	0.143941761594191	0.152826689118723	0	0.0697792531423817	0.0460783937581027	0	0	0	0	0.145060188845341	0	0.0367643456970442	0	0.160172383623709	0	0	0.133146486399605	0.0021904080978477	0	0.5	0.0534653865229106	1.12752134811457	GSM996290
0.181705266885051	0	0.00557749548500147	0	0.165553179129514	0	0.10301319695092	0	0.0157302443126862	0	0.105525126133733	0	0.107583837354619	0.0095704597975394	0	0.00959572959224792	0.295738328619572	0	0.000407135739116078	0	0.91	-0.0212139093211753	1.16552065536496	GSM996291
0	0.096999285504546	0	0.0210309287049955	0	0.0966779499000371	0.23705984501712	0	0.136425414176298	0.0472312029948156	0.0317215047167495	0	0	0.0457693823114537	0.0278470437985465	0.0483090022306276	0.017083853085678	0.0821258954204802	0	0.111718692138652	0.69	0.0139643001142063	1.06738007075941	GSM996292
0	0.0413568544240517	0	0.104555032014074	0	0.0651215914501418	0.101284775385332	0.15391828776542	0	0.0368446029283671	0	0	0	0.161619054311056	0.269828889450255	0	0	0	0	0.0654709122713019	0.51	0.0514336446583998	1.10448979917877	GSM996293
0.0619324631779907	0.187181393279166	0	0	0.0239076457943439	0	0.0380983776126983	0	0.0593353546607865	0.296470699684105	0	0.162943094526049	0.0333181839809076	0	0.136812787283952	0	0	0	0	0	0.14	0.143201914923539	1.08889038486371	GSM996294
0.0773156691097818	0.0885660624291007	0	0	0.00185576280642446	0	0	0.00877240612628481	0.339829017580542	0.117031522857022	0.134907688574857	0	0.10706346001653	0	0	0	0.106521831701518	0	0.018136578797939	0	0.01	0.218370489979117	1.03426409186271	GSM996295
0.297203287108641	0	0	0	0.0352549808776904	0.068624644146139	0.0605715980379942	0.0176026215191314	0.0935833180701749	0.0567369077840517	0	0	0	0	0.108690114859846	0.232989336972549	0	0	0	0.0287431906237815	0.54	0.0415366500388936	1.10893386412576	GSM996296
0.085029114556711	0.0428463422892483	0	0.054936393747642	0.184709767342175	0	0	0	0	0.155056207590633	0.133426113376177	0.0927305792575987	0.0907916208129826	0	0.160473861026832	0	0	0	0	0	0.54	0.0407799052455698	1.12315841532678	GSM996297
0.0565891549877577	0	0.269863561570399	0.329109154808048	0	0.0186230372745268	0	0	0	0	0.0378142745394799	0	0	0.0917062789846058	0.0719786661067811	0	0.0292716288556147	0	0	0.0950442428727871	0.4	0.0643088351580915	1.04598993885703	GSM996298
0.177461649581356	0.0546904060884663	0.0745191074955876	0.162351086398663	0	0.061808933510064	0	0.0213704920870939	0	0	0.0184762819994901	0.260392569856528	0	0	0	0	0.0967838915820194	0	0.0721455814007311	0	0.35	0.0817303103484392	1.08526477741799	GSM996299
0.0053384237592948	0.00748542478361114	0.0877659220299422	0.32754145330422	0.0247302412678556	0	0	0.000647257456627636	0	0	0.0637218519172111	0.124445645611724	0	0	0.163784827006345	0	0	0	0	0.194538952863168	0.4	0.067361640368051	1.03215634739827	GSM996300
0.146955088178959	0	0	0	0.139264224132226	0	0.0416505042706439	0	0.0426921950453554	0.106674781279741	0	0.00755783939096848	0	0	0	0.243132079203281	0.0384922633705616	0.126254544381277	0.0561236778288618	0.0512028029181255	0.97	-0.035741113549316	1.12232819857718	GSM996311
0.0990230699790278	0	0	0.242056875415615	0.053473779626364	0	0.0937532832516777	0	0	0.0408419584668533	0.0582383880003343	0.211600880105766	0	0.0109241548426265	0	0.101315361517167	0	0.0887722487945692	0	0	0.95	-0.0287813977366804	1.09347835736246	GSM996312
0	0.0123454507991898	0	0.345568579443159	0	0.136872030236499	0.11008802616868	0	0	0	0	0.0836317029276508	0	0	0.187356533781624	0.0196319872011891	0.0973050653922411	0	0.00720062404976733	0	0.73	0.0072879119128353	1.07741906956902	GSM996313
0.0666974406382411	0	0	0	0	0.0115203129522814	0	0	0	0	0.0755903364539299	0	0	0.0652225640064273	0.271155203511472	0.0268776271703103	0	0.25279851737271	0	0.230137997894628	0.91	-0.0202525318063583	1.07742671190482	GSM996314
0	0.00658148333257297	0	0.00895343989386732	0.114013413670756	0.179647148624255	0.410321207831468	0	0.0129964171443961	0	0	0.0791877876116254	0	0.00779004826209653	0.0479288027004817	0	0.0512628476553827	0.0268762770587952	0	0.0544411262143026	0.48	0.0556773647950366	1.05170147527854	GSM996315
0	0.0405891826203976	0.163284798822459	0	0	0.0276613609627895	0	0.0327535279190874	0	0	0	0.128495476578201	0	0.0131158445591041	0.0782137470776728	0	0.0788555678025482	0	0	0.43703049365774	0.88	-0.0158101589582734	1.05963098945349	GSM996316
0.0377451141532311	0.0127690860555658	0.215114837950815	0	0	0.023552543732265	0.0192879248445434	0.0718533595045936	0.200335134331348	0	0.0619112632292783	0	0.0182863062704098	0	0	0	0.0454282354334035	0	0.00402508162981364	0.289691112864733	0.81	-0.0013315548709497	1.06596176779415	GSM996317
0.0766088518284845	0	0	0.344854468022646	0	0.0189630104426658	0.0854661376706865	0.0173564914279405	0	0.0969210697230269	0.0356446311734436	0	0	0.0400504258199929	0	0	0.284134913891113	0	0	0	0.89	-0.016656315118684	1.09786810608852	GSM996318
0	0	0	0.102613913334049	0.102407726444619	0.152158911874529	0.134061605804298	0	0.160798758101776	0.10887588682984	0	0	0	0.0674631348323812	0	0	0.171620062778508	0	0	0	0.9	-0.0185067979821572	1.10922869162263	GSM996319
0	0.0853191434331098	0	0.0360774430528261	0.00785811853001114	0	0.134772271655196	0	0	0.00737809015253267	0.0410009015997468	0.028183012634106	0.0690925463013975	0	0	0.0490903703200333	0.344988815881772	0.153681314604809	0.0425579718344604	0	0.99	-0.0725849661659822	1.16217870138661	GSM996320
0	0	0.0791309795790613	0	0	0.118835968012743	0.0663157219563519	0	0	0	0.0278901738054824	0.0185782943686732	0.0353334383220488	0	0.429647278193352	0	0	0.119433104719052	0	0.104835041043235	0.97	-0.0323530788696931	1.10299510405566	GSM996321
5.5160251766975e-05	0.0480354162187102	0	0	0.148381985940843	0	0	0.0145595056203265	0	0.00458162959354162	0.0793260414285991	0	0.140655399305926	0	0.345808645622149	0	0	0	0	0.218596216018137	0.86	-0.0135535722146776	1.12876323700118	GSM996322
0.026666197192138	0	0.163182867512378	0.100968992289481	0.0414047333722018	0.0134781376224038	0.292708641039972	0	0	0	0	0	0	0.0369517783602622	0.0559822726446042	0	0	0	0	0.268656379966559	0.99	-0.0654555896347637	1.05897662239561	GSM996323
0.169657829006064	0	0.0200558560916024	0.0987834859231312	0.0515532574576116	0.0194258966314265	0.144931643588067	0.014541280449725	0.0103559142480407	0	0	0	0	0.0131230780064096	0.457571758597922	0	0	0	0	0	0.72	0.00886567619235208	1.10586513020037	GSM996324
0	0.00904303987836699	0.111522857432475	0	0	0	0.0745081646691586	0	0	0	0	0.208133531464422	0.0277235934304367	0	0	0.107762642318369	0.217431149898428	0.243875020908344	0	0	0.94	-0.02743890774711	1.11112998099805	GSM996325
0	0.0189788562800677	0	0	0.1204655831621	0.0884774783929495	0	0	0.0724292943348935	0	0	0	0	0.189003519720944	0.137331169055637	0.0633034996304509	0	0	0	0.310010599422957	0.99	-0.0852638560705021	1.12153401470344	GSM996326
0	0	0	0	0.110325410816133	0.0830047966578228	0	0	0	0	0.0300557415676688	0.270033080484849	0	0	0.238412425975334	0	0	0	0.0654618913913916	0.2027066531068	0.98	-0.0526862080237859	1.1109834336859	GSM996327
0	0.0251783304661938	0	0	0.0827479541283775	0	0	0.00922554332833283	0	0.0181250831829118	0.0187721040793303	0	0.0722400788478604	0.10012075726299	0.115817562231801	0	0	0.388759646934289	0	0.169012939537914	0.91	-0.0212815316901449	1.12267190243541	GSM996328
0	0	0	0	0.093791599913822	0.104635349519871	0	0	0	0	0.000588976553328649	0	0.0288943896319788	0.0580802025959073	0.224166470139774	0	0	0.0901550008872735	0.0801102423541042	0.31957776840394	0.72	0.0084175100687394	1.06819682141817	GSM996329
0.0226319561191807	0	0.0545153409497812	0.0966579281906719	0.00444819410684082	0.0959970145767577	0	0	0	0	0.0851399637122713	0	0.0174431741337689	0.0194190073415155	0.337790174851249	0	0	0	0	0.265957246017963	0.48	0.0551417989480614	1.05276377483552	GSM996330
0.0620037810648563	0.00206307171423993	0	0.387445657131176	0	0.0571926761411528	0.0897740717002371	0.00768060273750088	0	0	0	0	0.0279306694848123	0	0.204290962128101	0.148211075257958	0	0	0	0.0134074326399651	0.97	-0.0416892381896403	1.08790511145668	GSM996331
0	0.00954080960931476	0.107625985500979	0	0	0	0	0.0230412160521767	0	0.050627964816852	0.0135787214176817	0.0513222827257109	0.0267340185804585	0	0	0	0.286754501278893	0.39071971464908	0.0400547853688536	0	0.36	0.0808209792154699	1.0747199384236	GSM996332
0	0.0295239139620664	0.286824085413268	0	0.00136361173457949	0	0	0.0803831220815132	0	0	0.0873503107094278	0	0.0501428636201949	0	0.112881138914406	0.17923941683022	0	0.172291536734324	0	0	0.99	-0.114647436796115	1.16344372802677	GSM996333
0	0.0414228094570224	0	0.00146456597990885	0	0	0	0.0538970334898409	0	0.0465528893951311	0.0767374178279965	0.0761291416984572	0	0.069401576059201	0.139418532470894	0	0.144265687195996	0.342860269815708	0.00785007660984349	0	0.99	-0.0688296826190429	1.14446697727421	GSM996334
0.00387587187194223	0	0	0	0	0.0544765733320624	0	0.0636523353522611	0.0989101218042282	0.0757357886764996	0.0858614321030323	0.0915224184969841	0.12966225819938	0	0	0	0.206425848303152	0.0297432080286985	0	0.160134143831759	0.62	0.0243250326641541	1.10456984933706	GSM996335
0	0.028115392580839	0.0808984201259756	0.132850154217575	0	0.0680619006870559	0	0.00653804609631711	0.00559591884748291	0.0255118854307531	0.0239303238032255	0.18975647163669	0.0267052551260337	0	0.308519559237391	0	0	0	0.02264564590641	0.080871026304251	0.62	0.0245894536062075	1.08068073909571	GSM996336
0	0.0502961947833037	0	0	0.0756492409984387	0.0488751961454351	0	0.0844892028679926	0	0	0.072227240325812	0	0.107250196971772	0	0.407354104668515	0	0	0.153858623238731	0	0	0.99	-0.0651277035938582	1.17731419714909	GSM996337
0	0.108276169947746	0	0	0.139108404807713	0	0	0	0.133336157077114	0.0320887076342506	0.100408819215793	0.19310871101099	0.0848705388890026	0	0.00987420518456988	0.0634967962505871	0	0.0243915442323545	0	0.11103994574988	0.98	-0.0518676361041048	1.15921216880216	GSM996338
0.182380292567947	0	0	0.0654166073312703	0.164963919079027	0	0.0820731738134443	0.0476044094901727	0.0213519099569989	0	0.10910027493519	0.0472358269285839	0.00856072146460614	0.0637422824937472	0.207570581939014	0	0	0	0	0	0.96	-0.0310100766192628	1.13243466221702	GSM996339
0	0.0425231449600347	0.160369105384281	0	0.0331274652828974	0.0100503337769866	0	0	0	0.0303458174739883	0	0	0.0512537224666002	0.0199413559587317	0	0	0	0.472289685020306	0.0047064921983146	0.17539287747786	0.99	-0.0630888012889014	1.12366829295313	GSM996340
0	0.0584867307985355	0.120127698763843	0	0	0.0703900970675834	0.186189217481612	0	0	0	0	0.139019411127703	0	0	0	0	0.194831009095736	0.107353053269101	0.123602782395886	0	0.92	-0.0216829249390077	1.10263345912402	GSM996341
0	0.0574041850532445	0	0.148931438967731	0	0.0861425389072478	0.114525219403284	0.0647299682550137	0.0142176140300356	0.0314587490678417	0	0.0855826064175356	0	0.0368534653568178	0.317949859651981	0.0135370005977607	0	0.028667354291506	0	0	0.99	-0.0555353823484988	1.11842576326471	GSM996342
0	0.164860148987102	0.196429973150955	0.129388752758782	0.0361710767388495	0	0	0.0188398091612463	0	0	0.0260748743121834	0	0.0421325454123118	0	0.222517835064588	0.0958905118688698	0	0.0159195133831919	0	0.0517749591619198	0.99	-0.0674237161309558	1.15726852080139	GSM996343
0	0.0416923370994413	0.0509675885286572	0	0	0	0.146070172485461	0	0	0	0	0.0636877205348743	0.0695962230303199	0	0	0.205526818964126	0.302058256136882	0.120400883220239	0	0	0.97	-0.0377387862239512	1.13711089914859	GSM996344
0.00141584007494627	0.0683235712190889	0	0	0.0261922332749392	0.0851568930159381	0	0.0141078877911001	0	0	0.059464099528029	0	0.0286792359165658	0.0531153266251057	0.0911499208921085	0	0.100576310249251	0	0	0.471818681412927	0.81	0.000842142867974603	1.06478057885983	GSM996345
0.0332841228625259	0	0	0	0.115653020710715	0.0767200459440855	0	0.0564996314238216	0.0143554730805694	0	0.132016112457634	0	0.0113683932796479	0	0.0595138436077317	0	0	0	0	0.500589356633269	0.98	-0.0490919724806733	1.07254482068614	GSM996346
0.0977670089507871	0	0	0.526311591571204	0	0.0782976815204313	0	0.0612829729349356	0.096680952231737	0	0	0	0	0.0246857518993777	0.0370437866553507	0.0683623992238132	0.0074524015036562	0	0.00211545350870741	0	0.66	0.0165554116407264	1.07407060770964	GSM996347
0	0.145604819435439	0	0.00954485445869163	0.189274519095264	0	0	0	0.0682704743777943	0	0	0	0.112769416832157	0	0.0855044746305268	0.00068585614177694	0	0	0	0.388345585028351	0.99	-0.0850268373927661	1.14392991335478	GSM996348
0	0.00631450064000072	0	0.316149855867474	0.0341304693282284	0.0228834189141526	0.163940502514635	0.00854535336168313	0.0418080147575142	0.11518491253348	0	0	0	0	0	0	0.291042972082832	0	0	0	0.38	0.0722651761627681	1.06328039267283	GSM996349
0	0.0285092578335163	0.0621466214236991	0	0	0	0	0.0415230610745	0.0672338851897495	0	0.21501199808523	0	0.0391834104687014	0	0	0	0.0285952933137061	0.47208040252821	0	0.0457160700826878	0.46	0.0579787804413885	1.0890129318386	GSM996350
0	0.0566240804005303	0	0	0	0.0425452092395728	0	0.0425326053743894	0	0.0782894567381884	0.0437472785391321	0.257677065967066	0	0.146023991642972	0	0	0.186653317988552	0.145906994109598	0	0	0.99	-0.0703921224414727	1.18545990768839	GSM996351
0	0.00584591763627805	0	0.354036339419248	0	0.109721747725567	0.138605980228793	0.0139104731868124	0.0505173928687313	0	0	0.145702888670982	0	0	0	0.0185147315947429	0.109838649812454	0	0.053305878856392	0	0.98	-0.0434738194360864	1.08415605230244	GSM996352
0.0270231710257665	0	0.146162502447985	0.0515864030583861	0	0.0241938094402433	0.101427936304703	0	0	0	0	0	0	0.0699218174424755	0.140010733491724	0	0	0.435294122279629	0.00437950450908722	0	0.26	0.101001083881346	1.04513874996664	GSM996353
0.058085356832399	0	0.233214070407191	0.167236199178523	0	0.095741707657597	0.261040925985902	0.00299813782156093	0	0	0	0	0.017206469005104	0.0179969970614345	0	0	0.139527171509944	0	0.00695296454034422	0	0.74	0.00579266457753564	1.0714949697466	GSM996354
0	0.0232189853738585	0.0673026330779737	0	0	0	0	0	0.0599507823278303	0	0	0	0	0.125877889216636	0	0	0	0.652226145742185	0	0.0714235642615169	0.19	0.12327916965403	1.08304903747393	GSM996355
0	0.0207924960241211	0	0.223374224704895	0.0229655478205394	0.175011709326369	0	0.015346518368077	0.0301603114797561	0	0.0497503137624806	0.0844956769967438	0.0412979847291714	0	0	0	0.0757710432826948	0.0791939621420991	0	0.181840211363053	0.75	0.00502159506398856	1.06454692649605	GSM996356
0	0	0.156191751808708	0.204213125531614	0	0.0219563202276861	0.068941748416741	0	0	0	0	0	0	0	0.414546031978062	0	0	0.134151022037188	0	0	0.31	0.0915301048537354	1.04809940613552	GSM996357
0	0.0202768476514754	0.198090904982268	0.177010132226769	0	0.0217802616076479	0.264157482245544	0	0.0357584853381529	0	0	0	0.0129872003900886	0	0	0.012586803765297	0.22306926807772	0	0.0342826137150357	0	0.64	0.0186111168562623	1.07161109457053	GSM996358
0.0509430230761401	0	0	0	0.169485407827282	0.0459826418814855	0	0	0.094683487126504	0	0.183620449572015	0	0.0322670590048476	0	0	0.0384620937692691	0	0	0	0.384555837742457	0.74	0.00600717246024159	1.06626461336044	GSM996359
0	0.0337514656206342	0.236131501077687	0	0.0699798877534984	0	0	0	0	0	0.14055941437576	0	0.0613183681985699	0.00396759509812031	0.184318410641899	0.0694608923156898	0	0.0465369929150316	0	0.15397547200311	0.98	-0.0496923103651854	1.11135479071341	GSM996360
0.225685467839575	0	0	0	0.194641978962475	0.0540005333316289	0	0	0	0	0.122018533690171	0.0259699313925392	0.0430065181217002	0	0	0.255140888896683	0	0	0	0.0795361477652284	0.98	-0.0527979867633842	1.1701897581509	GSM996361
0.200297133807304	0	0	0	0.118478176677646	0.0549808118757839	0	0	0.000948975460306071	0	0	0.0340309260088921	0	0.00652879198519817	0.354512007889221	0	0	0	0.00701543037798027	0.223207745917669	0.99	-0.0620201926289784	1.1206797355703	GSM996362
0	0.0373184956616597	0.179047034611022	0	0	0	0.176085224627436	0	0.00425438356942347	0	0	0.0160351342486719	0.00732087902785552	0.0359872506267984	0.338152352124762	0	0	0.0826471971560171	0.0223768232727034	0.100775225073651	0.63	0.0235879534827388	1.06689968245087	GSM996363
0.102557612846509	0	0.115285847378698	0	0.047462344375717	0	0	0.0214772892419908	0.0897685316720333	0.0213244916310755	0.0404646323208497	0.23086485698638	0	0	0	0	0.314703831210326	0.0160905623364207	0	0	0.99	-0.073913799879397	1.1548344665771	GSM996364
0	0	0	0	0.013085637092714	0.098351480824472	0.0880850947134976	0	0	0	0.0184170949780475	0.0258873371312944	0.0278184768509747	0.0352615350816343	0.317061665967316	0	0	0.0980469169681836	0	0.277984760391866	0.99	-0.0717495233277769	1.08599065892024	GSM996365
0	0.0247110161284884	0.0852831956125931	0.164026391178986	0	0	0.152931385768545	0.010441844995905	0	0.0446125868314517	0	0.0799316085787753	0	0	0	0	0.28421187214251	0.0221367796302715	0	0.131713319132475	0.23	0.107091680042315	1.03400025137623	GSM996366
0	0.0151713323075214	0.172066458119342	0.114153232489772	0	0	0.10531064797956	0	0.0245672080037154	0	0	0	0.105845074934433	0	0.184250194094482	0.0540095889803012	0	0	0.0851030455110985	0.139523217579774	0.55	0.0392037518426814	1.067749939677	GSM996367
0.0386335198796733	0	0	0.452188659107393	0.107775215690258	0	0	0	0.00469624930169318	0.0492519275107724	0	0.0568835842469997	0.025641051994507	0	0.136368846340031	0.0363359239509561	0	0	0	0.0922250219777162	0.97	-0.035755133292902	1.0821228701055	GSM996368
0.0245825314053691	0	0	0.348345128665351	0.132813005746563	0	0.0413063245910978	0	0	0	0	0.326769382092828	0.0020743532034642	0	0	0	0	0.110565397578287	0	0.0135438767170396	0.92	-0.0235829024720938	1.10016208464258	GSM996369
0	0.015930184177419	0	0.0126538018915451	0.0641383484989673	0.20472545200975	0.0429311320748458	0	0	0	0.055510138932383	0	0.123962587780262	0	0.298540156394265	0	0	0.100134144060631	0.00955650529228228	0.0719175488876509	0.34	0.0846865799480617	1.07795116290378	GSM996370
0.00999293104583969	0	0	0	0.0236647130830419	0	0	0	0.175606537221197	0.00867521772927425	0.0892095783410645	0.481301723796609	0	0.0194829955322245	0.19206630325075	0	0	0	0	0	0.71	0.0119498365254833	1.13614591701915	GSM996371
0	0.122359945048991	0	0.119422461853922	0.0922486808669415	0	0	0.090403734323223	0	0.0631266842814878	0	0.0599332855874359	0	0	0.243064646280606	0	0	0	0	0.209440561757392	0.97	-0.0401204933335982	1.11496521123437	GSM996372
0.0381361711642025	0	0.12858184522616	0	0.00741968453136244	0.0867112012227771	0	0.0241148572705331	0	0	0.0714262371909171	0	0.0320020125619784	0.00505857660635526	0	0	0.109308006331006	0.309109815035317	0	0.188131592859392	0.82	-0.00345429813891914	1.07227396429777	GSM996373
0	0.0222653879358156	0.253727432247281	0	0	0	0.0435626274540481	0	0	0	0	0	0.0603836779278569	0	0.213935314209189	0	0	0.225843534446088	0	0.180282025779722	0.98	-0.0493668075357911	1.08336480412152	GSM996374
0	0	0	0	0.0804239825680337	0.0286703957918406	0	0	0	0.0207513111402292	0.0161718088905771	0	0.16611078649503	0	0	0	0.0606396103334033	0.334734116842606	0.0764817674266137	0.216016220511666	0.19	0.123636384695981	1.06177568798905	GSM996375
0	0.00314863493541991	0.173200260828873	0.255106403117672	0.0168066114679272	0	0.157495421154594	0	0	0.0426483199968402	0	0.0352063013319244	0	0	0	0	0.178150062972234	0	0.0397941936546744	0.0984437905398402	0.35	0.0815704849459306	1.03700451818699	GSM996376
0	0.0341647867950667	0.299154587492705	0	0	0.0880615391236032	0.194526870024934	0	0	0	0.0414189712647183	0	0.0141360363071535	0	0	0.0686251266261773	0.149435793448359	0.0476676883725158	0.0628086005447675	0	0.97	-0.034636388486206	1.10692976009446	GSM996377
0	0.0647994051573711	0	0.179313161379979	0.0358191717580325	0.0366213218913537	0.33527100731606	0	0	0.0397251859147587	0	0.010994031676133	0	0.0137023728416166	0	0.0176132735467582	0.231920350873645	0	0.0342207176442922	0	0.52	0.0464567052729699	1.06651396656298	GSM996378
0	0.0655887327617513	0.00330886749484314	0.261005256610875	0.217022750171702	0	0	0	0.184207572142826	0	0.146294555258526	0.0506897475270086	0.0225115160287143	0	0	0	0.0284323659455835	0	0	0.0209386360581699	0.85	-0.00833028049448883	1.10690839661846	GSM996379
0.0204817539400415	0	0.252165646046341	0	0.0657280094250411	0	0	0	0.220245666538393	0	0	0.114337931615253	0.0366852311797472	0	0.0379442980211863	0	0	0	0	0.252411463233996	0.88	-0.0157014584430909	1.0688904646737	GSM996380
0	0	0	0.300064167924525	0	0.0447398434926121	0	0	0.0311096339284157	0.021351658812597	0	0.120575157330259	0.049681382203298	0	0	0	0.264154632002926	0.147808718029371	0.020514806275995	0	0.59	0.033907103522098	1.07633883827319	GSM996381
0.103466852005092	0	0	0.0725515883073748	0	0.174940951826722	0	0	0	0	0.0146060835167104	0.18095355770294	0	0	0.324612348061615	0.0303434831864129	0	0	0.0985251353931322	0	0.76	0.00391553396261395	1.11146584357707	GSM996382
0.126875231748321	0	0.239930070872754	0	0.109503665331029	0	0.00771915032558644	0	0	0	0.0466925586305686	0.0957741671988813	0.156908737949218	0	0.216596417943641	0	0	0	0	0	0.41	0.0618055905993624	1.12295260209284	GSM996383
0	0	0	0	0.00645143877210761	0	0	0	0	0.0355292333783751	0.0695449601161256	0	0.109245038556759	0.0421126135515065	0	0	0.120602710879034	0.616514004746092	0	0	0	0.253976740491525	1.02502463882465	GSM996384
0.0182195852293791	0	0	0.292606998954055	0	0	0	0	0.0344803570197841	0.116266608223073	0.0107099795366159	0	0	0.133460590778196	0	0	0.117889935926419	0.179637593497655	0.096728350834824	0	0.97	-0.0329597000291579	1.10074553604688	GSM996385
0.0267004330130428	0.0341752457917982	0	0	0.0086436552231613	0.04916828396548	0	0.0643547747565836	0.169439399082475	0	0.143087308551485	0.0768462704529338	0.0822342092260879	0	0	0	0	0	0.0751764083654207	0.270174011571532	0.71	0.0120114255132958	1.08695011342951	GSM996386
0.102457698733283	0	0	0	0.132128709007245	0	0.048432117087719	0	0.146767929570987	0.0687306918342466	0	0.139513180957788	0.0323178058309997	0	0.125193835025696	0.174658953560649	0	0.0297990783913878	0	0	0.91	-0.0211541922559351	1.11585719683596	GSM996387
0	0	0	0	0.149011031478212	0	0	0	0	0	0.0715513148789672	0	0.0376395785341876	0.0341872808310224	0.145702085547523	0	0	0.543234954159175	0.0186737545709131	0	0.79	0.00175970669334488	1.12362887199924	GSM996388
0	0.013537176386557	0	0.275323012307263	0	0.0268646663932941	0.0563727382630647	0	0	0.0575210582551571	0	0.0449926316000127	0.0127246053073728	0	0	0.0169830624388705	0.468570381085402	0	0.0271106679630059	0	0.11	0.14916106045465	1.0621862227134	GSM996389
0.179998889608071	0	0	0.0413945639086837	0	0.0419683647492456	0	0.0522912333470158	0	0.0940937051135894	0.105001493253023	0	0.127759753420616	0	0.239851176426303	0.117640820173452	0	0	0	0	0.54	0.039878255538	1.13211314772914	GSM996390
0.028813834897437	0	0	0.561302719059974	0.0810830832309756	0	0.0307365549809423	0.00392966561723023	0	0	0	0	0.0162460473815622	0.0302947500922171	0	0.00784517847820521	0.106145870778154	0	0	0.133602295483302	0.83	-0.00559066623064407	1.06493354615362	GSM996391
0	0.0728896064406847	0	0.247653069473028	0	0.00583560139242472	0.0302442286391739	0.00904901668131309	0	0.0426161498649173	0	0.0719323634520183	0	0	0.0321741847035121	0	0.202396004551998	0.0915041801438604	0.0609021757173486	0.132803418939721	0.65	0.0177835402027816	1.0675777211935	GSM996392
0.247086963220394	0	0	0	0.10571135531826	0	0	0.0243431419987838	0	0.0150905231447965	0.0634052599456677	0	0.134967095651641	0	0.111177006287499	0.216233801011629	0	0.0747915755575116	0.0071932778638186	0	0.88	-0.0159330956859114	1.19201531412757	GSM996393
0	0.0308929892813816	0.0100792984275904	0	0.035609761544616	0	0.119612680018519	0	0	0	0.0592372911039441	0	0	0.15713633312056	0.154672996123237	0.033577807899442	0	0.367602403370797	0.031578439109913	0	0.99	-0.079886796457043	1.1420227111915	GSM996394
0.215994925597109	0	0.114517091825184	0.130414552263208	0	0	0	0.015789124923535	0.0543167365957694	0.000940554225637458	0.000927837886806091	0	0	0.0768617683174779	0	0	0.142590940493354	0	0.0097012746115794	0.237945193260339	0.63	0.0237621442813888	1.07004103645051	GSM996395
0	0	0.256753995304974	0	0	0.0258479703211435	0.205362186833833	0.00594847637339029	0.046304215968846	0	0	0	0.0916932468405743	0	0.00212270072812274	0	0	0.188287779818766	0.118069552242817	0.0596098755675339	0.99	-0.0586329481141064	1.1019276175339	GSM996396
0	0.0153985933581441	0	0.213184278286953	0	0	0.00934821955432399	0.0264943133623907	0	0.0662079863252139	0	0	0	0.071896223948952	0.28050391856078	0	0	0.167903617939243	0	0.149062848664	0.91	-0.0206264816993773	1.07062885616856	GSM996397
0.00988031790905733	0	0.0946027355062405	0	0.0361043797317641	0.0450780890069767	0	0.0645676749196164	0.164528006657369	0.0965499514829183	0.0111145911354876	0.0966111552407865	0.196760166860852	0	0.0779380983583803	0	0	0	0	0.106264833190551	0.88	-0.0159634229965414	1.15585141414185	GSM996398
0.0105743308957836	0	0.268814853611767	0	0	0.0819456468628643	0	0.0404785684609451	0	0	0.01134903102738	0	0	0.0721398573886863	0.219775257023786	0	0	0.134655651368111	0	0.160266803360676	0.99	-0.0638275389563095	1.09792010979488	GSM996399
0	0.00528637375366945	0	0	0.0267993492420943	0.0542864601125832	0.0137284584810836	0.00626014470310699	0.106211013567913	0	0.0555978408418949	0.0132380775489553	0	0	0.141466285578264	0	0	0.510620800022443	0.005181883350852	0.0613233127971408	0.61	0.0290741365184578	1.08313717911562	GSM996400
0	0	0	0	0.0582927999555029	0	0.0763752574834933	0	0	0.0262005802974578	0	0.0243164867467026	0.0634393490020146	0	0	0	0.388084272970428	0.070650181874332	0	0.292641071670068	0.37	0.0797842848829947	1.06464664503529	GSM996401
0	0.0045678095867468	0.184113957432381	0	0	0	0	0.0290605232927049	0.0172920690545327	0.0551583321059095	0	0.0476130935805666	0	0.0838106461884913	0.177858515041262	0	0	0.399103197156343	0	0.0014218565610613	0.44	0.0591428191276963	1.0726758788494	GSM996402
0	0	0	0	0	0.102816409278056	0.235366735595587	0	0.0105339571460334	0	0	0	0	0.128698215212599	0.212065475401666	0.00898391563918398	0	0.300458876993354	0.00107641473352045	0	0.99	-0.0632439593666403	1.10510338031656	GSM996403
0	0.0380894512305777	0	0	0.0125436469536901	0.0732168466203237	0	0	0.173619547803589	0	0.000654276491868881	0.059350884257472	0.0207387904541054	0	0.010932894084428	0	0	0.218400810431058	0.0161009714631034	0.376351880209783	0.97	-0.0414469074894683	1.0655132841865	GSM996404
0.0317970374393696	0	0	0.0956026222572564	0	0.246852820601772	0	0	0	0	0.0631172969688811	0	0	0.0585703088473017	0.191233782436003	0	0	0	0	0.312826131449416	0.92	-0.0222146939943853	1.07604591349169	GSM996405
0.19968760155398	0	0	0	0	0.151584240681125	0.214115717357883	0.00534366859135584	0.0177697656341886	0.024150867843575	0	0	0.0199257666404371	0.108281342312068	0	0.00203841855814869	0.0207960492838568	0	0	0.236306561543382	0.92	-0.0239705664712822	1.08930850878052	GSM996406
0	0.017644851051846	0.25265691246216	0.229935259790101	0	0	0.112350513389348	0	0	0	0	0	0	0.0839531318973902	0	0	0.133075263795848	0	0	0.170384067613307	0.97	-0.0382106300376918	1.07131207540774	GSM996407
0	0	0	0	0.159704296233459	0	0	0.0285231830141408	0	0.0144913332712299	0.163110888460148	0	0.105398499349827	0.0279823077917073	0	0	0	0.362712918778398	0.0639397452358659	0.0741368278652237	0.85	-0.00796285547725739	1.13269933570694	GSM996408
0	0.0894740355599189	0	0	0	0	0.164844713038978	0	0.0169870731488166	0	0	0.0981621117152782	0	0.079755138405903	0.241746395802157	0	0	0.12147871404453	0.187551818284419	0	0.71	0.0115284170760587	1.11444908094643	GSM996409
0.018877912876557	0	0	0	0.11664108435568	0	0.0218151760896197	0	0	0.0230198836042853	0.0139780496820286	0	0.0631769786304077	0.0205044763675963	0.013035546285453	0	0	0.660210563963596	0.0487403281447763	0	0.19	0.123535313424416	1.09008373262967	GSM996410
0.0594626221850042	0	0.222680658689437	0	0.0420650505485651	0	0	0	0.112656284903017	0	0	0	0	0.112630432226571	0.276623022424466	0	0	0.0159501077379072	0	0.157931821285032	0.84	-0.00682428849045322	1.08611932206361	GSM996411
0.0885235743101841	0	0	0.311932855024283	0	0.0252378787565754	0.13567635725645	0.0151061543784977	0.0882811024501944	0	0	0.199916373743148	0	0	0	0	0	0	0	0.135325704080668	0.89	-0.016711726670295	1.05970798491377	GSM996412
0	0.0141479997445324	0.0440179426231316	0.0910320875539996	0	0.0799922872534721	0.0650770848013136	0	0	0	0	0.140008888164022	0.0339107043995344	0	0	0	0.300357448992675	0	0.105649888030429	0.12580566843689	0.69	0.0135452942635612	1.09804085177988	GSM996413
0.0977099406820316	0	0.105220500352789	0	0.0395325646429299	0.0392777290382971	0	0.00447688295755749	0	0	0.0500787605012812	0	0	0.0667762042052308	0.296439271655968	0	0	0	0	0.300488145963915	0.97	-0.0417592614092257	1.08638060969779	GSM996414
0.0202682448860375	0	0.115321278345746	0	0	0.0101327888260577	0	0.00205808479928013	0	0	0.0519030354546653	0	0	0.124573144376369	0.110334734168431	0	0	0.223474345488628	0.0105092055879093	0.331425138066875	0.98	-0.0531405294348832	1.07380507847944	GSM996415
0	0.0373628713593648	0.210576749418551	0.193860465691149	0	0	0.133693433153293	0	0	0	0	0.0517826639596988	0	0.022772018042647	0	0	0.336529099951251	0	0.0128789061585706	0.000543792265474909	0.39	0.0677073093848074	1.07304939273589	GSM996416
0	0	0.27159918832949	0	0	0.0747994589731939	0	0	0	0	0.0115375360876026	0	0	0.160471799680145	0.181682902879448	0	0	0.0842709882800144	0.0377746155118542	0.177863510258251	0.99	-0.11287663646101	1.12668874609255	GSM996417
0.0227360511662284	0.0147954310027207	0.0105953149614646	0.157463569960825	0	0.177239609334765	0.11475398288783	0	0	0.0372282627160237	0	0	0	0.0617749396321464	0	0	0.31954415680124	0	0.0838686815367558	0	0.5	0.0526686330656106	1.09664111091492	GSM996418
0	0.019131350259161	0.0920911171398929	0.128129532497134	0	0	0.159281506890043	0	0	0	0	0	0.0132710340128683	0	0	0.0283429940748396	0.403328778316838	0.044468538178447	0.0694260671729194	0.0425290814578573	0.6	0.0309652145957113	1.10160459033494	GSM996419
0.0632312292266819	0	0	0.221426374043439	0.0620495913871446	0	0	0	0	0	0.456664722147327	0	0.0635243149725392	0.133103768222868	0	0	0	0	0	0	0.82	-0.00367509349421746	1.1711578618697	GSM996420
0.214362978627721	0	0.119091330989814	0	0	0	0.263745968507592	0	0	0	0.0216884439493126	0	0.151014237438038	0	0	0	0.087536961402132	0	0.0325894263169689	0.109970652768422	0.86	-0.0101449810079713	1.12369924540033	GSM996421
0	0	0.164084279550329	0	0	0.0910399725062333	0	0.0383469742710459	0	0	0.0365728702109569	0.177985025867592	0.089836131903453	0	0.205516848673227	0	0	0.165470815973394	0	0.0311470810437686	0.99	-0.0603877021453718	1.13713310671502	GSM996422
0.242863683215174	0	0	0.155726798580068	0.0516728798933491	0	0.198047239964029	0.0754610854413201	0	0.0144539925563944	0	0.0210786817059594	0	0	0	0.0800909202150518	0.125688428560439	0	0.0349162898682139	0	0.99	-0.0685005937080513	1.13436583438561	GSM996423
0.0884966298516526	0	0	0.51846237732549	0	0	0.104842095045388	0.0544265781029259	0	0	0.0502972378580346	0	0.0810974444460895	0	0	0	0.0567737485661114	0	0.000403479816664361	0.0452004089876435	0.62	0.0274177953467631	1.0632845187238	GSM996424
0	0.00493693452489837	0.122967224917547	0.0195895296708356	0	0.121073822131879	0.354406730845366	0	0	0	0	0.0846785955881713	0	0.057674861736126	0.00948307514624373	0.128139156168464	0	0	0	0.0970500692704693	0.96	-0.0306769525607759	1.07923743307322	GSM996425
0	0.0457584016206933	0	0	0.0556218744353141	0.0216588666550035	0	0	0.174250309483909	0.0691891805601145	0.0199033628090764	0.0784553980622462	0.0091211422712103	0	0	0	0.0528291755204797	0.443965238913119	0.0160299745467847	0.0132170751220487	0.99	-0.0591585633440544	1.13441149039386	GSM996426
0.072579883557937	0	0.0872830580537516	0.0070798548378855	0	0.0362554071309091	0.10353461923893	0.102196405502507	0	0	0.0164024256941189	0	0	0.0345789980505323	0	0.0211801057220468	0.37403809725598	0.0379106365531277	0.106960508402275	0	0.73	0.00733218520301518	1.143698659449	GSM996427
0	0.0860197027211856	0	0.355196571469617	0	0.116624049549523	0.128573210680365	0.0068370021302865	0	0	0	0	0	0.0101883224015432	0.0806719606084999	0.0287064836428265	0	0.0359641521427716	0.151218544653382	0	0.28	0.0966889729862882	1.05075151308806	GSM996428
0	0	0	0	0.0844082296152407	0	0	0.00485164582848807	0.0383799554485214	0.0146481818404322	0.063490143520826	0	0.0969411109166896	0	0	0	0.02940439608909	0.654416715365689	0.0134596213750234	0	0.04	0.197129190780028	1.05475703592635	GSM996429
0.0764944688641951	0	0.0345470392697515	0.184765081371141	0	0.0429923007052508	0.263909730482029	0.01049296244397	0	0	0	0.0254900993115082	0	0.00698217480720839	0	0.0400626036330747	0.289780266952658	0	0.0163119190422793	0.00817135311693473	0.74	0.00556382324677671	1.08249916055967	GSM996430
0.014293637157673	0	0	0.48525121709306	0.0641266075702446	0	0	0.0439939130956736	0	0.0931030292314907	0	0.00842055276940256	0.016423969644547	0.000104738639528163	0	0.10763220821016	0	0	0.00439414321336285	0.162255983374857	0.77	0.00301386700902005	1.06465224448658	GSM996431
0	0	0	0.277945611793911	0	0.0567840995865834	0	0.00993848129692943	0	0	0.0175204641124098	0.136635934602562	0	0.131351823088456	0	0	0.143491870317053	0	0.0883023605323604	0.138029354669735	0.97	-0.0363271308481439	1.1032747151025	GSM996432
0.00512693852709563	0	0.20487067084808	0.054598016097986	0	0.010278753962411	0	0	0	0	0.147972232099372	0	0.0947430861301123	0.0142425316644521	0.29648651488178	0	0	0.0075502350982286	0.137150743581486	0.0269802771089959	0.98	-0.0436182780088104	1.14897964061916	GSM996433
0.0108983393231902	0.0338661758335503	0	0	0.184728567027742	0	0	0.0104690126486934	0.0968824357941278	0	0.222097387005758	0	0.145418010594032	0.0309359363085309	0.000745308567897522	0	0	0.0464725348817263	0.0897418488893445	0.127744443125407	0.72	0.00958541287940872	1.14218397204368	GSM996434
0	0.132332151436864	0.227030737360533	0.0954885861539617	0	0	0	0	0.13128048320015	0	0	0	0	0	0.0136604351317311	0.0395647180582338	0.258106437097012	0.0388550250590636	0.0636814265024507	0	0.83	-0.00537878287264305	1.13088881747145	GSM996435
0.153509691453476	0	0.311764562015958	0.166273050077821	0	0	0	0	0.0336002797461376	0	0	0.0845621643830209	0.00662145084893526	0	0.0710381965254593	0.129611970200147	0	0	0	0.0430186347490451	0.99	-0.0656463181784918	1.1092535608071	GSM996436
0.00626953220528792	0.0171341770157114	0	0.229490447535945	0	0.192300375346439	0.140713649668793	0	0.0199371265681468	0.0107552871580815	0	0.192473420874386	0	0	0	0.0292452426976386	0.161680740929571	0	0	0	0.99	-0.0640142794204314	1.10749071651774	GSM996437
0.122986678642425	0	0	0	0.0781304192024101	0	0	0.0260864175025201	0	0.0525864695030038	0	0.175643864327631	0.020495753922985	0	0	0.108022739535386	0	0.263723128402696	0.010745381892163	0.141579147068781	0.68	0.0149839634860152	1.09266427330208	GSM996438
0	0	0	0	0.0292617585533554	0.0191566062792253	0.331451246788906	0	0	0.101712283123513	0	0.100944841956781	0	0.0512118918004214	0.119159128750718	0	0	0	0	0.24710224274708	0.91	-0.0207460039376097	1.06066557564544	GSM996439
0.0860950219277121	0	0.158778456141306	0	0.2918580830029	0.0504044369943776	0	0.0171382477796677	0.0371561065497151	0.0762084257143658	0.0364547601058684	0	0.0390113599315608	0.0629666027572068	0.0592145582829882	0	0	0	0	0.0847139408123318	0.98	-0.0513171004152801	1.14786711706918	GSM996440
0	0.0637080924263581	0	0.245046365012391	0	0	0	0.0546095813659481	0	0	0.121770174237889	0	0.075884316136096	0	0.107011219826663	0.0495530164907162	0	0	0	0.282417234503938	0.96	-0.028953116172082	1.08179001347645	GSM996441
0.153511973167648	0	0	0	0.0289812871705514	0.0562461241109535	0.0834356819015885	0	0.0560523679717054	0.0381155414190212	0	0	0.033990652387573	0	0	0.0395062149347474	0.394452944175991	0	0.0348346660209609	0.08087254673926	0.41	0.0629262930219965	1.10023284347974	GSM996442
0.0441562619355387	0	0	0	0	0	0	0.028978992752888	0	0.0530760270564775	0	0.0665175952861713	0	0.104603663156941	0.0941226175993362	0.0599914339077996	0	0.450253252199836	0.0983001561050117	0	0.33	0.0877584431843204	1.08226786896901	GSM996443
0.0771941838116745	0	0	0.0425329741122846	0	0.0370544041048986	0.260442718957341	0.1023727429369	0.244525459874607	0.0118629418983243	0	0	0.00969869924034799	0.00917262963194627	0	0	0.205143245431676	0	0	0	0.61	0.0282891705916747	1.0913746328086	GSM996444
0.0250597751593751	0	0	0.223031367680356	0.00236321836697244	0.216457832808398	0	0	0.0209000675731542	0	0	0	0.0232156076287657	0	0	0.00273048793885466	0.341874648010393	0	0	0.144366994833731	0.24	0.103446122230586	1.06182200225939	GSM996445
0	0.100211208680545	0	0.104171399977159	0.0018024027639424	0.0602904891573972	0	0.0578165304652387	0.238914952770994	0.000155170798838269	0.126963725341468	0	0.107828276746208	0.0206216153329713	0	0	0.0546128162902419	0	0	0.126611411674995	0.99	-0.0623175173567972	1.14452333773605	GSM996446
0.153531375858292	0	0	0	0.130441863401607	0.0445781399519464	0	0.0350793598771561	0.050512905118723	0	0.04650623564398	0	0.025605838522713	0.107159556543844	0.0392827141303509	0	0	0.0412165426449187	0	0.326085468306469	0.6	0.0301697712981561	1.07215261830116	GSM996447
0	0	0	0	0	0.0113628691482269	0	0	0	0	0.160616643222192	0	0.0302694646684367	0.185370028745387	0	0	0.0375813285385993	0.530458796966457	0.0443408687107014	0	0.28	0.0956155594510863	1.10619614793358	GSM996448
0.0665236970420685	0	0.0565402324339132	0.152509508316949	0	0	0	0	0	0.0245911748780484	0.0345455032754048	0.0142918254899137	0	0.0437782178173522	0	0	0.37054057346064	0	0.00442824862351318	0.232251018662197	0.54	0.0422738681098826	1.07659184611856	GSM996449
0.0426157828396738	0	0.0267816211913929	0	0.047720717307554	0.0612220757209867	0.162809513914879	0	0	0.0535880750860024	0	0.273047342436079	0	0	0.199774299558373	0.0983472657459953	0.0340933061990634	0	0	0	0.86	-0.0116853467884192	1.10203877294776	GSM996450
0	0	0	0	0.182715185281838	0.0300461341632165	0	0.0143935109092359	0	0.0197307520700356	0.0870850438453108	0	0.0730085671448143	0.0321811396698033	0	0	0	0.3074329428055	0	0.253406724110245	0.98	-0.0475158353661873	1.10410302592008	GSM996451
0	0.0385761185563493	0.0984504058071818	0.103434422305078	0	0	0.253297170509452	0.0740655435014397	0.0414385526363271	0.0545644753229308	0	0.0254514811826735	0	0.0105108195346267	0.0423325432817903	0	0.100903754852675	0	0.156974712509476	0	0.48	0.0549827633850017	1.07620641303237	GSM996452
0	0.00940226257882095	0.0714153187609933	0.114969554119792	0	0.0109787596192007	0.073350725379681	0	0	0.0108414954237653	0	0	0.0150144339719842	0.0230960704470132	0.120671740410921	0	0.0967627036062085	0.364346335589548	0.0891506000920717	0	0.37	0.0799492036909016	1.05275596224522	GSM996453
0	0	0.261919850395724	0.238045835409314	0	0.0404386362701877	0.284810950597709	0	0.0230479983784479	0	0	0	0	0.0451341170473158	0.0126029258645931	0	0	0.0939996860367088	0	0	0.98	-0.0492880983411178	1.07027172008759	GSM996454
0.0751040113023914	0	0	0.535699010405241	0.0984441990288656	0.0234221806984257	0.10486906614407	0	0	0.0385832891952609	0	0.00433976371477307	0	0.00553257300222296	0.0632383487813194	0.0507675577274305	0	0	0	0	0.65	0.0176344471258726	1.06698090990772	GSM996455
0.103418906688283	0	0	0.0266618009470841	0.0650914574362635	0.0672385673179188	0.35376127867803	0.0201442492953419	0	0	0	0	0	0.0677559403581234	0	0	0.217561520044215	0	0	0.0783662792347403	0.97	-0.0337507971966016	1.09335951252857	GSM996456
0	0.01045315052363	0	0.220823677030201	0	0.0374628210869333	0	0	0	0	0.108608814582262	0.0519367260758445	0.0355854389338537	0	0	0.0766061299589481	0	0.408964375809288	0.0495588659990391	0	0.71	0.0116853789214006	1.08665701603579	GSM996457
0.0193819554056149	0	0.186721568741277	0	0.0675692852583229	0.0956142237560285	0	0	0	0	0	0	0	0.185256352947017	0.0933817175864373	0	0	0.0722420947039027	0	0.279832801601399	0.83	-0.0059662017582425	1.0826846671219	GSM996458
0.0407565396025147	0	0	0	0	0.13782276745046	0	0.0514066243331434	0.0479774624161098	0.0118489192450004	0	0	0	0.0793767609052396	0.463509661489785	0	0	0.0635719349508372	0	0.103729329606909	0.9	-0.0181311829187516	1.11782740718275	GSM996459
0.0271989053490644	0	0.355428943420083	0	0.0271853322170456	0	0.03774714707758	0	0.0582880909802281	0	0.0289770526344157	0.146194179953054	0	0	0	0	0	0.164267256423682	0.0116517130482567	0.143061378896591	0.99	-0.0657144463669393	1.08245386648461	GSM996460
0.00497398381463192	0	0	0.12660669744497	0	0.123973809947724	0.172283264283476	0.0182219896691451	0	0.0073199749136843	0.00486889919425214	0.208438944369074	0	0	0	0	0.333312436363041	0	0	0	0.34	0.0831015176011863	1.06915797988529	GSM996461
0.0837116515331535	0	0	0	0.185962760984552	0	0	0	0.0279203502506633	0.0325602922356939	0	0	0.189113038529845	0	0.126162856402916	0.0682154198159632	0	0.286353630247213	0	0	0.51	0.0520340420882014	1.14923427963389	GSM996462
0	0.0340075021811015	0.261429694983728	0	0	0.290861832218055	0	0.0298364736674744	0	0	0.0595472317586943	0	0	0	0.205724681556753	0.118592583634194	0	0	0	0	0.84	-0.0061305193410489	1.1376223693429	GSM996463
0	0.0150717118470909	0	0	0.0603312554199571	0	0	0	0.0370875170597614	0.0778541942223135	0	0.00889918291759999	0	0.0690682412499151	0	0	0.0585702776333031	0.650211031290591	0	0.0229065883594676	0.07	0.178706581198391	1.04653514856742	GSM996464
0.105263338758801	0	0.228278966425927	0.105580590767336	0.037535743823357	0	0.365036526813476	0	0	0	0	0	0	0.0573969908589798	0.0431061728107355	0.0532978321631121	0	0	0	0.00450383757827508	0.97	-0.0329586649720901	1.07957377702624	GSM996465
0	0.0869997399561617	0.130853774354489	0	0	0	0	0.0748055076226746	0.113864872204888	0	0.00633003515845817	0	0.103913335485805	0	0.388881988326461	0	0	0	0	0.0943507468910618	0.97	-0.0322182259522675	1.14549277804366	GSM996466
0.00414119149819038	0.0288619799042659	0	0	0.0710087205960118	0.0216238333509453	0	0.0423547357254288	0	0.190241518833166	0.134750718452503	0.0380824341699527	0.0979390221457611	0	0.0484956088926648	0.0365625115587007	0	0.270809763439549	0.0151279614328593	0	0.54	0.0400983635051907	1.11245147917143	GSM996467
0.14090612793888	0	0.0467334359176148	0.215730234769919	0	0.0435898129932954	0.0482867507350742	0.0207912671731588	0	0.0293174461125005	0.00203397428485494	0.0129128703314297	0	0	0	0	0.265718986042136	0	0.0404124123881184	0.133566681313018	0.55	0.0388122191038103	1.06922684601102	GSM996468
0	0.0927459291037252	0.0142951197689144	0.217072651023982	0	0.0930104543173326	0.0962716779705519	0.0328337333109056	0.0282445150854857	0	0.0100182758074552	0	0.00204998688560429	0.0703851108595743	0.0174521339615377	0	0	0.111427465877669	0.0478876814088669	0.166305264618395	0.84	-0.00664773297549592	1.0717430637196	GSM996469
0	0.0189878069236725	0.0871412392982569	0.296320300632488	0	0	0.104627988126315	0	0	0	0	0.027230361229447	0.00768836147372099	0	0	0	0.229357378941615	0	0.0234736049246287	0.205172958449857	0.34	0.0826758471922766	1.03282967826311	GSM996470
0.00871641030961717	0	0	0.23138236964212	0	0.195750342788046	0.340837110089708	0	0	0	0	0	0	0	0.148798444951338	0	0	0	0.0566876109539511	0.0178277112652196	0.59	0.0339948480547145	1.06022705973132	GSM996471
0.134976611269597	0	0	0	0.0965987390768627	0.041628574707517	0	0.0316508184621788	0	0.0589087637101365	0.0602299436608444	0	0.228554257938781	0	0	0	0.0803563013103102	0	0.00977324864809619	0.257322741215676	0.47	0.0560881052893045	1.12867057316731	GSM996472
0	0	0	0.143381040034409	0.0396399146089808	0.0620788994897617	0.429404212234995	0.0237326050978683	0.0111548861919294	0	0	0.0541268143110264	0	0	0	0	0.0330178125468839	0.203463815484146	0	0	0.85	-0.00896117010058975	1.05696452468383	GSM996473
0	0	0	0	0.039039823846917	0.0249213571825079	0.0863256084868065	0	0.057380734442988	0	0	0.249056506438991	0	0.0241962479919355	0.177526675068705	0.0568563505805174	0	0.273322287839957	0	0.0113744081206743	0.98	-0.0490497949673222	1.10985546645132	GSM996474
0.0470694324050087	0	0	0	0.0777294134623974	0.0230329470201332	0	0	0	0	0.0547133019736397	0	0.079053388503252	0.0577387628223456	0.12238583226252	0	0	0.186491953378855	0.0105323199606527	0.341252648211196	0.68	0.015123549475477	1.06780507979847	GSM996475
0.0538255869666086	0	0	0	0.0179511271324212	0	0.0869058208483457	0	0	0.050486531397836	0	0.119451983457552	0	0	0.229616070465408	0.0330630259773209	0.137068601580199	0.271631252174309	0	0	0.73	0.00766816321520869	1.09108154444826	GSM996476
0	0.0127652343872346	0	0.260149995987928	0.0547181045386406	0.104159060723928	0.176782082598807	0.0332764311578104	0.00340921919687264	0.0208211290226829	0	0	0	0.00143336714903958	0	0	0.132952022564784	0	0	0.199533352672271	0.33	0.0874461276935834	1.03081408491332	GSM996477
0	0	0	0	0	0.224713135946039	0.182920677854379	0.0527286425883392	0.0749298780278782	0	0.0330099728812366	0.0374940596345986	0	0.0356193228881544	0.0974223992645136	0	0	0	0	0.261161910914861	0.98	-0.0526641077306972	1.08191116270417	GSM996478
0.0326286169701526	0	0.0581553043297035	0.212260236921167	0	0.0437846717664932	0.134723905673499	0.00748851594495633	0	0.0489639390133183	0	0	0	0.0642240752418819	0.0657592613450915	0	0.206388389918973	0	0	0.125623082874764	0.33	0.0863163847971485	1.04121497122497	GSM996479
0	0	0	0	0.0152988530618176	0.0747333487827486	0	0	0	0	0.0501569165086481	0.0428920162596807	0.030686132111737	0.0644554560505739	0.100885462070432	0	0	0.547070278667121	0.0738215364872409	0	0.38	0.0737646739556485	1.08917331897819	GSM996480
