B.cells.naive	B.cells.memory	Plasma.cells	T.cells.CD8	T.cells.CD4.naive	T.cells.CD4.memory.resting	T.cells.CD4.memory.activated	T.cells.follicular.helper	T.cells.regulatory	T.cells.gamma.delta	NK.cells.resting	NK.cells.activated	Monocytes	Macrophages.M0	Macrophages.M1	Macrophages.M2	Dendritic.cells.resting	Dendritic.cells.activated	Mast.cells.resting	Mast.cells.activated	Eosinophils	Neutrophils	P.value	Correlation	RMSE	sample
0	0	0	0.0421976849933892	0	0.0878588982428891	0.00920646420988602	0	0.0914878503079061	0	0.0896498502818388	0	0	0	0.0559540960199099	0.0865022260819238	0	0.0146116781826965	0	0.42696870554107	0.00946326940153359	0.0860992767369564	0.14	0.0732082522828014	1.10871417864581	GSM1356732
0.145975111857918	0	0	0.182788789736295	0	0.0239785657978501	0	0.035543633973756	0	0	0	0.0619318640147407	0	0	0.0161810800093442	0.0563274912674596	0	0.046935755589547	0	0.354461188848857	0.0232279898279125	0.052648529076319	0.19	0.0589661099447784	1.09544008024263	GSM1356733
0.0036987003889311	0	0.0923531004849885	0.230498943811584	0	0.0182503703220717	0.11084005749609	0.170681625667741	0	0	0	0.0452765308506936	0	0.010454945087248	0	0.019491187459009	0	0	0.220044086530851	0	0.0781990697362317	0.000211382164560861	0.87	-0.0225543604905991	1.10884353435753	GSM1356734
0	0.0658798588083486	0.0953418207929828	0.169292160737743	0	0	0.0428734472729881	0	0	0.163633398832355	0	0.00980612610905399	0	0	0	0.0313325443173344	0.099818343929998	0	0	0.120456564993208	0.0923352013711093	0.109230532834879	0.86	-0.0205646680733491	1.09757095178347	GSM1356735
0	0.0862179492288488	0.361073612573098	0.0194160604933674	0	0.032779897508624	0	0	0.0218679391166203	0	0	0.0345176177651046	0.00893044509294985	0	0.023897229550692	0.142399866913708	0.0236227163084026	0	0.169761777163516	0	0	0.0755148882850682	0.53	0.011013770074601	1.04880558577762	GSM1356736
0	0.0381962244533529	0.123107089412293	0.0506486907870669	0	0.036818583612627	0	0.102384356359846	0	0.0764106097192541	0	0	0	0	0	0.0267655439793656	0.0574569497598238	0.00233084242082747	0	0.485881109495543	0	0	0.71	-0.0104438490700817	1.15365068295803	GSM1356737
0	0.0964045843148555	0.0788643239075048	0	0.0483868886235382	0	0	0	0	0	0.0460784037415486	0	0.0448380670286665	0	0.0492156065178774	0.220012487920402	0	0	0	0.315918790750668	0.0285918708930308	0.0716889763019086	0.45	0.0268452934042318	1.09607573820014	GSM1356738
0.0608701524250629	0	0	0.052092669453715	0	0	0.0342644926788542	0	0.114974911606408	0	0.0216675242862979	0	0	0.29454552133967	0	0.0223678578876608	0	0.14392712425113	0.229999943298578	0	0.000137351595017802	0.0251524511776055	0.68	-0.00460432466810022	1.11099765792579	GSM1356739
0.0880794509929437	0	0.0738812413564254	0	0.325843871974144	0	0	0.10292636828669	0	0	0.141234139893158	0	0	0.0973683429542251	0	0	0	0	0.141366218506113	0	0	0.0293003660363004	0.69	-0.00849194902271965	1.10600985337526	GSM1356740
0.17945511387552	0	0	0	0.329084572058504	0.106168615448069	0	0	0	0.105952105342692	0	0.033060587245734	0	0	0	0.0300960632186917	0.150675523726449	0	0.065507419084341	0	0	0	0.89	-0.0246045677219333	1.12820687750072	GSM1356741
0	0.19960266232351	0	0.0314301416529575	0.0113890581108375	0.13395706007476	0.0659027027146517	0	0	0	0.0249600474766533	0	0.051717700520691	0	0	0.149774463228788	0.0579438423091369	0.0544322190817776	0.0981961650362961	0	0.0602126054968709	0.06048133197307	0.94	-0.0355549806134741	1.08047279714425	GSM1356742
0.0098321029464359	0	0.221886287859226	0.0535089138915216	0	0.0452691074059484	0	0.0555290925205503	0.0120166602429932	0	0	0.0596032301842771	0.0404283269048091	0	0.0284527139730829	0.00999768848053367	0.0389597315498353	0.0187272608789004	0	0.405788883161886	0	0	0.32	0.0383961311391302	1.09525751700668	GSM1356743
0	0	0	0	0.22451789444108	0	0	0	0.168983201059698	0	0.150803229172033	0	0.172552283077752	0.0133073797578873	0	0	0	0.0245640980849969	0.245271914406553	0	0	0	0.91	-0.0320865932988287	1.12072454971155	GSM1356744
0	0	0	0	0.0954127839597445	0	0.105985204397321	0.0194151914797978	0	0	0.0946795789210675	0	0.0524184077829125	0	0	0.222954498863314	0.123593118936503	0.0425069989626132	0.121258796803109	0	0	0.121775419893617	0.89	-0.0279628039046112	1.096351053303	GSM1356745
0	0.00121184976936871	0	0.432447964737576	0	0	0	0.0591631299791191	0.191884569257128	0	0.0372227909115083	0	0	0.0317427978888394	0	0	0	0.0875233088917841	0	0.155958024071351	0.00284556449332591	0	0.65	-0.00269286021608552	1.15371537922897	GSM1356746
0	0.0394604652556484	0.294975921433006	0.124702275687626	0.0121861533257841	0	0.111121097078837	0.0343907825897271	0	0	0.0183098042808859	0.00366090142617712	0	0.00178390290772123	0.0440089104760086	0.0598261406614175	0	0	0.195137236955139	0	0	0.0604364079220227	0.47	0.0225251627257121	1.04717417096583	GSM1356747
0.177563623498535	0	0	0	0.193692509908912	0.0178396992090569	0	0.121107543680946	0.0716895945652716	0	0	0.039493986245632	0	0.11786248707969	0	0	0	0.242860476377817	0	0.0178900794341394	0	0	0.53	0.0124241848650012	1.11184305409918	GSM1356748
0	0	0.0133587856272896	0	0.0545741096295043	0.283208585482631	0	0.108583219257216	0	0	0.0212223825585303	0.0113292180139197	0	0.0788682256359625	0	0	0	0.00999342878091916	0	0.375782225901816	0.043079819112211	0	0.89	-0.0258320833114658	1.15342795052907	GSM1356749
0	0.0815066009442381	0.417632354660305	0	0	0.0873942274843795	0.0289662288594334	0	0.00686311397919007	0.0202779635648689	0	0.00722153893783332	0.0553904654676402	0	0.0349317255883341	0.0351732995319509	0.0659222974195539	0	0.142462836458253	0	0	0.0162573471040195	0.72	-0.0108125455871578	1.04838974556315	GSM1356750
0.0926621536087324	0	0.0343669059265996	0	0	0.17051383727439	0.0591192872854603	0.0375452387576012	0.0138085628355545	0.151353396373061	0	0	0	0	0	0	0	0.0797350871163048	0	0.288284361016482	0.0726111698058156	0	0.58	0.0046711146158525	1.10285995003148	GSM1356751
0.0914352009863804	0	0	0.021696561302274	0.0309597333760349	0	0	0.0825900758630047	0	0.0292621591296315	0.0355086305195549	0.0202934748219772	0	0	0	0	0.0100649659595499	0.135114710062603	0	0.415475019564499	0.12759946841449	0	0.18	0.061663071655222	1.10975623129936	GSM1356752
0	0.00339534526925463	0.1339175810164	0	0.153930685102	0.102143171018151	0	0.0208300264651856	0.1206261136581	0	0.0277650422707632	0.0447344452286898	0.0143296945618056	0	0	0	0.0807067563570095	0.000314414195278594	0.297306724857363	0	0	0	0	0.37276416145903	0.931086387385682	GSM1356753
0	0.0922728175668427	0	0	0.0120703286988993	0.12044749393406	0	0	0.101441237941128	0	0.322466688383546	0	0	0.0353828106050375	0	0	0	0	0	0.284452046807016	0	0.0314665760634704	0.59	0.00319514908112057	1.15652661941421	GSM1356754
0.11768936980245	0	0.193501418904761	0.223996958474931	0	0	0.00208174960966186	0.0986139562166534	0	0	0	0.0977735851485388	0.00795985121371227	0.0353750872703654	0	0.0199093387705663	0.00805319781994668	0	0.172520207298183	0	0	0.0225252794702304	0.52	0.0156253325589477	1.07762127074585	GSM1356755
0.0822357373523728	0	0.158818805151987	0	0.000400824237260541	0	0.110955602946736	0.0349330759488807	0	0.14190823771595	0	0	0	0.166004213202953	0	0	0	0	0	0.215862835920706	0.0718342945960953	0.0170463729270593	0.66	-0.0034317281534867	1.08435587600302	GSM1356756
0	0.0712438087183309	0.352170753180633	0	0	0.0132702491537498	0	0	0	0	0.0123006865746949	0.00177726261380858	0.185307277509904	0	0.0672347883774293	0.0579353753866041	0.0371649432531005	0	0.0861730267080325	0	0	0.115421828523713	0.04	0.128435722392528	1.02601744433346	GSM1356757
0	0.116236860262442	0	0	0	0	0	0.0312773486091635	0.00892483027571506	0	0.0772657767728552	0	0.12549767191204	0.17990490276653	0.0372664812634737	0.0357208260191559	0.170041663632092	0	0.167702772720084	0	0	0.0501608657664479	0.53	0.0117322266812222	1.08813020757149	GSM1356758
0.123391015192076	0	0	0	0	0.104333678139311	0	0.0658693970896379	0	0.0193845247394067	0	0.0323199536774891	0	0	0.0726395051953372	0	0.0400303340273226	0.0505024630032803	0	0.396191370946818	0.0748012734827533	0.0205364845065683	0.09	0.0935033461687937	1.08503867533885	GSM1356759
0	0.136178986972697	0.144416846138949	0.0944018876521081	0	0.0561315774484093	0.0481402915863072	0.0362161205763362	0.0360833331774043	0.0437498805661014	0	0.00694610105340685	0	0.121978644552813	0	0.0463732827648453	0.0105752031346668	0.106801359006943	0.0402459995657821	0	0.000606164138796713	0.0711543216644343	0.89	-0.0259490199292617	1.07468487793471	GSM1356760
0.113448124303888	0	0.37664903013015	0	0	0.00277412168521689	0	0	0.0910469738594697	0	0.035208715475018	0.0303960179978818	0.0615141717100598	0	0.0224619772108491	0.0370280190800295	0.0973990903870429	0	0.128017742392607	0	0	0.0040560157677867	0.96	-0.0398049323139299	1.05991793169594	GSM1356761
0.144172359979079	0	0.341267491810508	0	0.110412978182393	0	0	0	0.0346026873046185	0	0.0756326742699125	0	0	0.0949266088690161	0	0.0395356729690229	0	0.0315422326834046	0.0906134965700143	0	0	0.0372937973620318	0.36	0.0327674868158904	1.04304076250605	GSM1356762
0	0.100174601333623	0	0	0.246347792805571	0	0	0.0893501463559627	0.0445360464697621	0	0.0798853158182861	0.0419335407481899	0	0.0491348001733862	0	0	0	0.0911127470387615	0	0.257525009256458	0	0	0.83	-0.0187212575514003	1.11989042092684	GSM1356763
0.163105693115586	0.0850665422318108	0	0	0.0583892631299967	0	0	0.06211463914423	0.0529333810218012	0.193746505167886	0	0	0	0	0.0408598524746222	0	0	0.107532412787557	0	0.234936435158323	0	0.00131527576818609	0.69	-0.00715879314060371	1.11196739623688	GSM1356764
0	0.179344954927039	0	0	0	0.0387482296980326	0	0.0220388430840851	0.0540650309554735	0	0.035240180344806	0	0.00125471080670242	0.319103665170032	0	0	0	0.0774425614106562	0	0.251941967627227	0	0.0208198559759473	0.56	0.00594912173006166	1.12915340678434	GSM1356765
0	0.0944006242946921	0.0672899999668117	0	0	0.151264682433413	0.00805981679993171	0	0.117687975519532	0.0388647520597968	0.0630670599038195	0	0.0383881575511967	0.171172999362107	0.0275840363538495	0.0644098843304186	0.0343766776096707	0	0.108639587958744	0	0	0.0147937458560166	0.79	-0.0162397643701981	1.08028736181055	GSM1356766
0.125352432430897	0	0.172484848002127	0	0	0.13097803756402	0	0.107027882996328	0.0318764419580466	0.140665649988825	0	0.0961300863368468	0	0.0330827731823616	0	0.0324857975369232	0	0.0314885085805637	0	0.0984275414230605	0	0	0.89	-0.0276333942111915	1.10280472808374	GSM1356767
0.309690775729642	0	0.199377115443278	0	0	0.0872967468634055	0.000158028032281823	0.0748797272541069	0	0.121238769342297	0.0181768955819995	0.0273475701369321	0	0	0	0.0444150786136765	0.0239068366433601	0	0.09351245635902	0	0	0	0.59	0.0040276336162093	1.08807863846237	GSM1356768
0	0.263225108330363	0	0.0447079251401997	0	0	0.012020965426377	0	0.0502457970837641	0.0617653912738442	0	0.0308185761261029	0	0.00103693691494684	0.0279667737229869	0	0	0.08308293990261	0.0467849431248816	0	0.187185875360622	0.191158767593302	0.5	0.0204201629567132	1.10439363491952	GSM1356769
0	0.0239035486882502	0	0	0	0	0	0.0970168030036563	0	0	0	0.0848987819014084	0	0	0.12118628916598	0	0	0.151196229464497	0	0.383535848422179	0.0222542345212272	0.116008264832802	0.09	0.0937582255468898	1.11032862623486	GSM1356770
0	0	0	0.22410602995121	0.0614585430474649	0	0.0591619075369107	0.161347222127258	0.0565706520426942	0	0	0	0	0.211988416330026	0	0	0	0.157867424933196	0.0674998040312405	0	0	0	0.89	-0.0250915729281593	1.12606496148522	GSM1356771
0	0	0.421524083054549	0.0278302051651367	0.0160572771825033	0.0388021224190582	0	0	0	0.119087304467556	0	0.0462065240055835	0.0103205480567076	0.0267878990371095	0.00697846160536016	0.0270447186637159	0	0	0.152955144628518	0	0.0698475526367201	0.0365581590774812	0.9	-0.0294143332733627	1.06653270893196	GSM1356772
0	0	0.0426790970856785	0	0.0423119774890455	0	0	0.12251164381121	0	0	0	0.0770479836857927	0.212421977826446	0.0247177544135714	0.118015905227584	0.132435565933292	0.0207531985028526	0	0.0704011723800315	0	0	0.136703723644497	0.48	0.0217830698463071	1.1011201853359	GSM1356773
0.272692729628997	0	0.168308226241744	0.194401232865847	0	0	0	0.0247411167463156	0	0.0823505904068048	0	0.0637562371817094	0	0	0	0.0234993460183669	0	0.0376880923333755	0	0.132562428576839	0	0	0.62	0.00160729581595728	1.10047224633462	GSM1356774
0	0.187184612261019	0.0317274822137396	0.00564511254178414	0	0.0400495078040303	0	0	0	0.0303642430737083	0.12371634553616	0	0.00962709394655821	0	0	0	0.166012967698117	0.0170253456524057	0	0.376147363810294	0.0124999254621843	0	0.46	0.0245983489246083	1.10864334860627	GSM1356775
0	0.0324046831524949	0.390603735856219	0	0.108974633253043	0	0.0150961819246761	0	0	0.134978059370355	0	0.0875532833725892	0	0	0	0	0.0288165090971842	0.0732629866397226	0.119243486504475	0	0	0.00906644082924116	0.55	0.00717261465451204	1.06079463803738	GSM1356776
0	0.000524923253163191	0.313778987222113	0.0552779328826941	0.0449223235953815	0	0	0	0.153151626872309	0	0.0469317855415357	0.0154701816691755	0.100700254657301	0.0868641337090906	0	0	0	0	0.172112401861755	0	0	0.0102654487354807	0.77	-0.0146372916411881	1.06169433307492	GSM1356777
0.029001559994476	0	0	0	0.454556483680497	0	0.0427015162481099	0	0	0	0.169005657553642	0	0.0876182063235927	0.0143201497747172	0	0	0	0	0.202796426424965	0	0	0	0.98	-0.055197549614609	1.15171026941327	GSM1356778
0	0	0	0	0.371949526872466	0	0	0.125783752859126	0	0	0.073763424431237	0	0	0	0.0206684630280386	0	0	0	0	0.407834832809133	0	0	0.83	-0.0186414160999237	1.1726291390299	GSM1356779
0	0.0426587239817079	0	0.155434247925189	0	0.0927092610811364	0.0835937994501725	0	0.0185616864537113	0	0.00976911505696768	0	0.0299368115545407	0.0810875918747909	0.00829473144135687	0.0850964030793766	0	0.0609171165982552	0.292092751951179	0	0	0.0398477595516153	0.87	-0.0223966009275607	1.09695514150041	GSM1356780
0.0416523710553939	0	0.396494784463331	0.132912051178782	0	0.0362588661843601	0.0403836122007759	0.0677854178260264	0	0.0896398312988634	0	0.0110913560401757	0.00429413154438641	0	0	0.00290232233651723	0.011512943697687	0	0.127943514853192	0	0.0371287973205091	0	0.18	0.0618507522532598	1.04118980168317	GSM1356781
0	0	0	0	0	0.234815109616138	0	0	0.103104562284046	0	0.111924219200977	0	0.077943083053112	0	0.060717820283863	0.0890040249190846	0.0740523048121358	0	0	0.200612596376975	0.018593659375941	0.029232620077727	0.93	-0.0348286835923687	1.10438779612457	GSM1356782
0.151360278437732	0	0.0571227566037933	0.0119753930010188	0	0.131087612413803	0	0.0139877298040634	0	0.116664860251403	0	0	0	0	0.0457860282725731	0.0269889059052282	0.0111575816616564	0	0	0.369742584588991	0.0192210464394478	0.0449052226202894	0.18	0.0619129774509995	1.09086857176898	GSM1356783
0	0.296214884204523	0	0	0.066199921979223	0.321546113036394	0.0435146635066043	0	0	0.125133595915098	0	0	0	0.0616243348027738	0	0	0.0212180100823827	0	0	0.0645484764730015	0	0	0.66	-0.00364589084574905	1.11831499331495	GSM1356784
0.314831890049173	0	0	0	0.169560860192285	0	0	0	0.00996026616748045	0.0970846765204646	0	0.0328913722006556	0	0	0.0372871913995613	0	0	0.00593278553005437	0	0.332450957940326	0	0	0.26	0.0436384500801998	1.11578618443207	GSM1356785
0.336721368171128	0	0.204225818893741	0.0799072904455152	0.011099916319669	0	0	0	0.0897760297697593	0.0791540825002253	0	0.0178153866625771	0	0	0	0.0117709758772854	0	0	0.130255063330827	0	0.0392740680292735	0	0.86	-0.0208652255021245	1.10277815778678	GSM1356786
0.0272973535054649	0	0	0	0	0.20619928798437	0	0	0	0.0421729815648168	0	0.0303846114518094	0	0	0.0780461864138331	0.0517575291948701	0	0.170488546248142	0	0.38237856721472	0.0112749364219734	0	0.1	0.0838649968862992	1.10112817560061	GSM1356787
0.118126490909179	0	0	0	0.0796995784787837	0	0	0	0.0061176929176873	0	0.101753683778875	0	0.154045568662145	0	0.0223777981559603	0.026264863186326	0.252980246316552	0	0.238634077594492	0	0	0	0.97	-0.0515446722184192	1.10703802222803	GSM1356788
0	0.23414019884338	0	0	0	0.153255235905228	0	0.0393522719035785	0	0	0.126642892327882	0	0.140207559630073	0.0616355102915866	0	0	0.140143417399662	0	0.10462291369861	0	0	0	0.96	-0.0429683819043998	1.09400673129219	GSM1356789
0	0.0594213979432848	0.035772891131451	0	0	0.0391091540973551	0	0	0.000102553763340122	0.169911861007053	0	0.0449793917344957	0	0	0	0	0.0318852395189106	0	0	0.449948947386415	0.168868563417694	0	0.15	0.0685016467128133	1.12612756193547	GSM1356790
0	0.189997729946437	0	0	0.0719433008495636	0	0	0	0.0182181223625019	0	0.0390429433166661	0.00691010931009114	0.125905113229592	0	0.122175391642234	0.063013866522538	0.161358770862043	0	0.201434651958333	0	0	0	0.82	-0.0175545148352024	1.0909388178403	GSM1356791
0	0	0.0262263179979248	0	0.201726988066104	0	0	0	0.214544091903274	0.019070146589006	0	0.0698594957227341	0	0.0409868695217127	0.0375143703586715	0	0	0.246308652416607	0.143763067423965	0	0	0	0.88	-0.023919906147335	1.12810148736711	GSM1356792
0.185222296801958	0	0.00417799835585793	0.414183537482343	0	0	0.0419799461327589	0.186891350945052	0	0	0	0.0453590124512265	0	0	0	0.020746720619958	0.0164254721797868	0	0.0801323927093022	0	0	0.00488127232175743	0.37	0.0318362838537345	1.13541323311312	GSM1356793
0.0568936297614014	0	0	0.311117843617103	0	0.05655037438933	0.0162978084882269	0.0570059406423863	0	0	0.013374270063745	0	0	0	0	0	0	0.00324992659823411	0	0.322644996026606	0.133019135229649	0.029846075183318	0.24	0.0500535749099814	1.10990241576828	GSM1356794
0	0.137376588885552	0	0	0	0.0593937462762832	0	0	0	0.0219208046479268	0.0826965360841764	0	0.0762536365742408	0	0	0.0720347765124232	0.150444431668378	0.0735588902297423	0.263379985533	0.0322189739279072	0.0145806175287268	0.0161410121316436	0.83	-0.0182661023307	1.09292750349205	GSM1356795
0.379392578200794	0	0	0.0235958466428396	0	0	0.0555637334161868	0.0796386894865947	0	0.0205651148462077	0	0.0268858043879945	0	0.0118522271990192	0	0.0210524599486894	0.142152085808824	0	0.23930146006285	0	0	0	0.14	0.0726772128616278	1.07503084030337	GSM1356796
0.1907466608522	0	0.0814046920589869	0	0	0.0889954203522172	0	0	0	0.0448248556540933	0	0.0139636600989873	0	0	0	0.00787106460284975	0	0.105553793578345	0	0.351802269286651	0.0669515221669831	0.0478860613486868	0.1	0.08742127337362	1.07382878146502	GSM1356797
0.243490667398794	0	0.343915752712067	0.0826182218350121	0	0.0491185664232913	0.0774663415997764	0	0	0.0730868849471635	0	0	0	0.0643533577549807	0	0	0	0	0	0	0.00930217800406826	0.0566480293248468	0.69	-0.00704030696671454	1.07240887416543	GSM1356798
0	0	0	0	0	0.134850029763319	0	0.136877730566082	0	0.0213812912404167	0	0.101663997119033	0	0	0.190614220657352	0	0	0.0571010750582957	0	0.260148953273194	0.0378559700608045	0.0595067322615028	0.04	0.144055859668494	1.06956458520309	GSM1356799
0.0238256746567727	0.0372423385989171	0.0514140963352138	0.172483405501401	0.2807852422184	0	0.0158928184504081	0	0.0320565563571684	0	0	0	0	0.0767503408261033	0	0	0	0.000727731774508892	0.308821795281107	0	0	0	0.19	0.0597759298866863	1.09080123554565	GSM1356800
0	0.193693310772166	0	0	0.352113447169218	0	0	0.176698689234092	0	0.0364427505057996	0.0729211550956522	0	0	0.00562732992797192	0	0	0	0	0	0.109584891545081	0.0529184257500187	0	0.83	-0.0185915125684238	1.1376286834231	GSM1356801
0	0.0606554986366484	0	0	0	0.161476806714831	0	0	0	0.0149083272034749	0	0	0	0	0.0519681573669825	0.0508288728564004	0	0.107683215039171	0	0.471841945347811	0.0267285816559916	0.0539085951786894	0.16	0.0663329205100196	1.12447685259117	GSM1356802
