Macs_IFN_B1a_Macs_IFN_y	Macs_IL_10	Macs_IL_4_Macs_IL_13	DCs_IFN_B1a	DCs_IFN_B1a_DCs_IFN_y	DCs_IL_10	Monos_IFN_B1a_Monos_IFN_y	Monos_IL_10	Monos_IL_4_Monos_IL_13	PMNs_IFN_B1a	PMNs_IFN_B1a_PMNs_IFN_y	PMNs_IL_4_PMNs_IL_13	P.value	Correlation	RMSE	sample
0	0.0139926313168762	0	0	0.282953456979448	0.224317364475186	0	0	0.0989109349204519	0	0.379825612308039	0	0	0.509755920016577	0.860982582791928	X01_0524D030uL01_0524_L8.LB7
0	0	0.0268307145136238	0	0.253304552815173	0.33632483982422	0	0	0.243890141573261	0	0.139649751273723	0	0.02	0.318547393217581	0.953566237261282	X010524PAXGENEIC_L5.LB5
0.00132084799375511	0.017737687862191	0	0	0.133380505376713	0.287361986267371	0	0	0.308702778139652	0.0434178979468187	0.208078296413499	0	0	0.550746804081207	0.837738911170693	X01_0673D025uL01_0673_L6.LB7
0.0103572725315549	0	0	0	0.361412822254332	0.179492300323869	0	0	0.228184155339451	0	0.20594487336612	0.0146085761846726	0.01	0.445967043995162	0.892602174849131	X010673PAXGENEIC_L6.LB11
0.0300928965830639	0	0	0	0.163340881640888	0.346148089537842	0	0	0.152228264039277	0	0.308189868198928	0	0.01	0.463006426752889	0.885541674095477	X010757PAXGENEDAY0_L1.LB7
0.0242296223197988	0	0	0	0.370865635814038	0.211822910424191	0	0	0.0856895085470256	0	0.298679138345434	0.00871318454951308	0	0.524924235133632	0.849024932776715	X010757PAXGENEIC_L5.LB7
0.0416746345212576	0.00795151066259764	0	0	0.235144412434061	0.303280954285112	0	0	0.239003583737822	0.0744027262406652	0.0878511856240086	0.0106909924944759	0.03	0.296470936501644	0.967199929018486	X01_0934D020uL01_0934_L1.LB1
0	0.0768830084440291	0	0	0.373993637766373	0.0961024232446347	0	0	0.262496210498243	0	0.190524720046721	0	0.04	0.289118306630978	0.982523917317504	X01_0940D030uL01_0940_L6.LB10
0.0205999462881563	0.0132412734074845	0	0	0.301031756075263	0.24677026351485	0	0	0.17927668692336	0	0.239080073790887	0	0.01	0.380115638025274	0.932041802207298	X01_0993D030uL01_0993_L8.LB8
0	0.143090405225124	0.0294745126286474	0	0.475527967808065	0	0	0	0.230999740066569	0	0.120907374271595	0	0.11	0.175426316298345	1.07226993799083	X030697PAXGENEDAY0_L2.LB11
0	0.0184405557059068	0.00582078770779086	0	0.381162916568471	0.265719454491096	0	0	0.218971823024027	0	0.109884462502708	0	0.04	0.287851566991491	0.972167640303708	X030711PAXGENEDAY0_L4.LB23
0	0	0	0	0.445659415853355	0.229741948122509	0	0	0.230666538106198	0	0.0939320979179376	0	0.07	0.254571324841893	0.985789112514381	X030714PAXGENEDAY0_L3.LB21
0	0.00417838419034419	0	0	0.360691104073588	0.307168110907807	0	0	0.186664644940012	0	0.141297755888248	0	0.01	0.388934318262835	0.921936463188585	X04_0152D020uL04_0152_L2.LB11
0	0.0157884597743437	0	0	0.442216378922592	0.226110072370452	0.00296780142780627	0	0.119834160088625	0	0.193083127416181	0	0.01	0.377679404883561	0.934706601992059	X040152PAXGENEDAY180_L4.LB7
0	0.00496209144695564	0	0	0.294327157678044	0.327726640220851	0	0	0.243544540930192	0	0.129439569723957	0	0.01	0.380113662571693	0.924537703529806	X040152PAXGENEDAY360_L4.LB8
0	0.0129922789638602	0	0	0.126934518167782	0.372400638549712	0	0	0.288145844052553	0.0679808972809414	0.131545822985152	0	0.01	0.403991325713986	0.912552966273813	X040152PAXGENEDAY540_L6.LB9
0	0.0802029103041264	0	0	0.501227677313411	0.0534013152115464	0	0	0.212222743443507	0	0.139343883743111	0.0136014699842977	0.0600000000000001	0.269102732434083	0.999100248022319	X040238PAXGENEDAY0_L2.LB15
0	0.0585341926457721	0	0	0.649836389864003	0	0	0	0.12832151746196	0	0.163307900028265	0	0.02	0.306093782160818	0.990460442597194	X040238PAXGENEDAY540_L3.LB18
0	0.0214440976464785	0	0	0.381627667363415	0.0721347847750454	0.0897414112633864	0	0	0	0.435052038951675	0	0	0.572093419572224	0.825948309180358	X040238PAXGENEIC_L2.LB16
0	0.120303843471715	0	0	0.425469411166284	0	0	0	0.166637797807412	0	0.268827414138706	0.0187615334158828	0.04	0.286306085216918	1.01162932581094	X04_0511D025uL04_0511_L6.LB9
0	0.0315865554009073	0.0508855051301569	0	0.267061291312263	0.216520843914098	0.0502366116305848	0	0.215440574662362	0	0.168268617949627	0	0.02	0.310004307823901	0.963917676384386	X040511PAXGENEDAY360_L6.LB12
0	0.0538152075980138	0.07840374724491	0	0.425936463609416	0.0186433901767854	0	0	0.173754000510016	0	0.249447190860858	0	0.08	0.24609511766665	1.01980848388524	X040511PAXGENEDAY540_L6.LB13
0.0355422951644312	0	0	0	0.172801838956456	0.273680620784419	0	0	0.217886454548049	0	0.300088790546645	0	0.01	0.501362913718413	0.861768613837857	X040695PAXGENEDAY180_L7.LB19
0.0140407117311973	0.00469065986945792	0	0	0.263726300133098	0.221530235706686	0	0	0.168626688098891	0	0.327385404460669	0	0	0.547713013120747	0.832801839231313	X040695PAXGENEDAY360_L7.LB20
0.000760582386157229	0.0118089207957741	0	0	0.303901354612611	0.169012863845417	0.0389788625858942	0	0.0853603515845908	0	0.390177064189556	0	0	0.542089620271972	0.839804770034947	X040695PAXGENEDAY540_L7.LB21
0.0201835087863478	0	0	0	0.375384041928149	0.230344712892318	0	0	0.0745228217078366	0	0.274947198607465	0.024617716077884	0.01	0.473157137806166	0.881927846147229	X040695PAXGENEIC_L7.LB22
0.039524936407771	0	0	0	0.131797471860746	0.304242719388083	0	0	0.33319662050224	0.129023076953416	0.0622151748877438	0	0.01	0.355875486837788	0.934815646207978	X04_0699D025uL04_0699_L3.LB6
0.0298634794106235	0	0	0	0.235744338937299	0.352264729109335	0	0	0.210455778769914	0	0.171671673772829	0	0.01	0.427912274652368	0.901899066148053	X040718PAXGENEDAY0_L8.LB2
0.00759793117971735	0	0	0	0.281776265090532	0.307077069851319	0	0	0.199427221298171	0	0.204121512580261	0	0.01	0.432570426237601	0.899503038802794	X040718PAXGENEDAY180_L8.LB3
0.0524621936633659	0	0	0	0.163582110111217	0.355986862341028	0.0082658077398508	0	0.0061350694244616	0	0.413567956720077	0	0	0.548635994188413	0.838024621691919	X040718PAXGENEDAY360_L8.LB4
0	0	0	0	0.395134356067775	0.242935884124054	0	0	0.247427999117553	0.0406493244955364	0.0738524361950822	0	0.01	0.344334743294862	0.941548057454	X040718PAXGENEDAY540_L8.LB1
0.0417358037792922	0	0	0	0.478077952846602	0.177732001776787	0	0	0.0857770291068053	0	0.185303032415368	0.0313741800751457	0.02	0.329859575264178	0.968240751849162	X04_0779D025uL04_0779_L5.LB6
0	0.0141263183186732	0	0	0.302235974567631	0.15369506693332	0	0	0.144810408309707	0	0.385132231870669	0	0	0.58411566265069	0.80793323673267	X040779PAXGENEDAY180IC_L1.LB5
0	0.0554166882764586	0	0	0.32013827311838	0.182884664412431	0	0	0.192284016956538	0	0.249276357236193	0	0.01	0.431383182026903	0.904691100116218	X040779PAXGENEDAY360_L8.LB4
0	0.00710386948740823	0	0	0.201308016800344	0.243142573793281	0	0	0.323911958203532	0	0.195782189136055	0.0287513925793804	0.01	0.426319981737466	0.902060826749143	X040779PAXGENEDAY540_L1.LB6
0.0603646255065536	0.0160388771180931	0	0	0.051463603769998	0.309843639540742	0	0	0.336254457075123	0.162237161404624	0.0375192182994336	0.0262784172854328	0.02	0.330703414732989	0.946905901189141	X040811PAXGENEDAY0_L6.LB18
0.0659606446498402	0	0	0	0.115945895480815	0.398106110968231	0	0	0.230318691542947	0.0571365596942993	0.0554150676259974	0.0771170300378705	0.02	0.325131713460452	0.951830270102399	X040811PAXGENEDAY180_L3.LB23
0.00349616918363986	0.0193609707563556	0	0	0.185747773855026	0.310525444979188	0	0	0.222483417154513	0.134905544299369	0.0368835312266739	0.0865971485452344	0.01	0.366063585684331	0.929775762797289	X040811PAXGENEDAY360_L4.LB25
0.0468917512330403	0	0	0	0.130192181836377	0.327705171368087	0	0	0.158772425001517	0	0.336438470560978	0	0	0.514166659804304	0.854770622893131	X040811PAXGENEDAY540_L4.LB27
0	0.00431480256092626	0	0	0.257738917141989	0.300492015247022	0	0	0.259206363551603	0.0315520411204244	0.103418636154317	0.0432772242237188	0.01	0.383805433554417	0.921863829616704	X04_0843D030uL04_0843_L6.LB12
0	0.0343914115240815	0	0	0.304549446741136	0.291648490472328	0.0163630788798858	0	0.117956632130412	0	0.144623030873576	0.0904679093785799	0.01	0.413347290616888	0.910234093243059	X040843PAXGENEDAY180_L8.LB1
0	0	0	0	0.358489966459126	0.394908210388378	0.0252705803183664	0	0.0117991330414116	0	0.156499704706646	0.0530324050860727	0.01	0.408069334538239	0.91582472456282	X040843PAXGENEDAY360_L8.LB2
0.0568265755133732	0	0	0.0164806199284164	0.0469704200278352	0.500790621957854	0	0	0.110359440467552	0	0.26857232210497	0	0.01	0.424886193041024	0.908226915256784	X040843PAXGENEDAY540_L5.LB15
0.00754207823072325	0	0	0	0.25427452114471	0.278070652826184	0	0	0.125868948523858	0	0.334243799274524	0	0	0.521872714887912	0.849878150739329	X04_0859D020uL04_0859_L2.LB9
0	0	0.0292490490305391	0	0.289101515112553	0.212384735048333	0	0	0.131332681624606	0	0.337932019183969	0	0.01	0.464823412860285	0.886814044327332	X040859PAXGENEDAY540_L8.LB27
0	0.0164315877252411	0	0	0.286889812346632	0.241015096706495	0	0	0.209081570560392	0	0.24658193266124	0	0.01	0.384802481337399	0.926872983180837	X040886PAXGENEDAY360_L8.LB5
0.038885737184578	0	0	0	0.181489512519423	0.380297621681178	0	0	0.225325496897094	0	0.174001631717727	0	0.04	0.285974131170923	0.973623135607148	X040886PAXGENEDAY540_L8.LB6
0	0.0488188300936501	0	0	0.246665242263938	0.24428716018301	0.0156908025317322	0	0.251362671401731	0	0.173604855575151	0.019570437950788	0.01	0.364002855823812	0.934860842033932	X040910PAXGENEDAY360_L5.LB6
0	0.026643633442219	0	0	0.491206375124478	0.0882054094493034	0.0388123858004408	0	0.116573923107691	0	0.238558273075868	0	0.02	0.317375377258968	0.977698960226357	X040910PAXGENEDAY540_L5.LB7
0	0.00817238653146009	0.0279756043534542	0	0.192427420369702	0.290155375268842	0	0	0.284440536570445	0.0775945390846839	0.119234137821413	0	0.01	0.450808250452797	0.890190799289848	X040979PAXGENEDAY0_L2.LB20
0	0.0211409072732371	0.0762697557842794	0	0.107317844468565	0.303253854213772	0	0	0.290608115406755	0	0.201409522853391	0	0.01	0.372971627688001	0.928201917913541	X040979PAXGENEDAY180_L3.LB21
0	0.0434741450162893	0.0541365420638644	0	0.108147732655518	0.330269951805454	0	0	0.241996110708571	0.0100844247049072	0.211891093045395	0	0.01	0.422387490078098	0.904838564745721	X040979PAXGENEDAY360_L3.LB22
0	0	0	0	0.109662301493951	0.493604461878245	0	0	0.253680239871572	0	0.143052996756232	0	0.01	0.394655020100354	0.917110993672791	X040979PAXGENEDAY540_L3.LB23
0	0.0290456395498833	0	0	0.123406974559152	0.393530282475966	0	0	0.146571591975368	0	0.307445511439631	0	0.01	0.370667110557177	0.938347911156391	X041003PAXGENEDAY0_L4.LB3
0	0	0	0	0.317464565868065	0.413935985516034	0.0180631914340954	0	0.113214955636914	0	0.137321301544891	0	0.01	0.364997003401988	0.935703098106932	X041003PAXGENEDAY180_L5.LB11
0	0.0097160005465317	0.025368864335174	0	0.279487596332831	0.32310761356651	0	0	0.250435060141119	0	0.111884865077833	0	0.02	0.309094468237361	0.958342538263439	X041003PAXGENEDAY360_L4.LB5
0.00527742452568435	0	0.00998585888436729	0	0.207259634788685	0.36155713404499	0	0	0.161581237424081	0	0.254338710332192	0	0.01	0.417760620651366	0.908717399583448	X041003PAXGENEDAY540_L4.LB6
0	0.0454271255416865	0	0	0.298898914316302	0.246434283664089	0	0	0.174195808682026	0	0.185660439991785	0.0493834278041104	0.01	0.395150531928696	0.920957932304623	X041020PAXGENEDAY0_L6.LB13
0.0259613052473548	0	0	0	0.234106086556965	0.379313654639869	0	0	0.0273448860085393	0	0.333274067547272	0	0	0.535463681977593	0.842512965476226	X041020PAXGENEDAY180_L6.LB14
0	0.0213722056982992	0	0	0.358607909965982	0.269447676084574	0	0	0.139433221658319	0	0.158853365753746	0.0522856208390801	0.01	0.334771471511499	0.952104806379003	X041020PAXGENEDAY360_L6.LB15
0	0	0.0416402987147521	0	0.260877178990235	0.249919976821579	0	0	0.210378123188643	0	0.237184422284792	0	0.01	0.375845611663025	0.929977201626233	X041020PAXGENEDAY540_L6.LB20
0	0	0	0	0.356318613756099	0.180569820520942	0	0	0.277977418576197	0.00600284102995576	0.179131306116807	0	0.01	0.387486695994574	0.921817207839696	X041056PAXGENEDAY180_L1.LB8
0.0237074003150219	0	0	0	0.291668728167829	0.165656061424588	0.0169802286733169	0	0.0535108217606677	0	0.448476759658577	0	0	0.62929313029652	0.774615685304272	X041056PAXGENEDAY360_L1.LB9
0	0.0502087026942164	0	0	0.396391562663619	0.0524719725510698	0	0	0.183346665388267	0	0.317581096702827	0	0.01	0.358717222492414	0.957008794409172	X04_1058D025uL04_1058_L3.LB5
0.0130533307726067	0.0370590364694377	0	0	0.277245252660686	0.156228835273269	0	0	0.218735786259859	0	0.297677758564142	0	0.01	0.367143041621486	0.943271437661338	X041058PAXGENEDAY540_L5.LB8
0	0.0171107511768571	0	0	0.140645237645124	0.285938379140758	0	0	0.343387345048094	0.0875159210710204	0.125402365918147	0	0.01	0.451674400062994	0.890641875976614	X041067PAXGENEDAY0_L2.LB15
0.0114780347810881	0	0	0	0.209766230067685	0.290559992080879	0	0	0.143924581764532	0	0.344271161305815	0	0	0.569797825611042	0.818041205683652	X041067PAXGENEDAY540_L6.LB10
0	0.00562780247925174	0	0	0.198668798996494	0.38054606151711	0.0429992292672463	0	0.147013752431316	0	0.162513887384338	0.0626304679242446	0.01	0.373617240068907	0.928291702366429	X04_1104D020uL04_1104_L1.LB6
0	0.0388797440883237	0	0	0.224615354893975	0.358012274827077	0	0	0.235080138392488	0.0357470008836727	0.0998024942370546	0.00786299267740939	0.02	0.321606402241509	0.954093040841343	X041104PAXGENEDAY540_L7.LB21
0.00842666958597384	0	0	0.0238801041293938	0.174495323899685	0.321038965979956	0	0	0.108251771045955	0	0.363907165359036	0	0	0.544214868857302	0.835364538670357	X041119PAXGENEDAY360_L3.LB18
0	0.0131821688799391	0.0194274483140633	0	0.250026735089337	0.38397507707881	0.0525701111624109	0	0.12157152071782	0	0.15924693875762	0	0.01	0.398959296407525	0.918105132251392	X041120PAXGENEDAY0_L5.LB5
0	0.00838458163862092	0	0	0.244726804322597	0.426219186168459	0.0629394147301633	0	0.0802094819071371	0	0.177520531233022	0	0.01	0.40408947605538	0.916359905628735	X041120PAXGENEDAY180_L5.LB6
0	0	0	0	0.489537806929527	0.108368375373796	0.00742406541116479	0	0.00467398934777086	0	0.389995762937741	0	0	0.534204779413635	0.851646065119086	X041120PAXGENEDAY360_L5.LB7
0	0	0	0	0.253053873080684	0.403458189228293	0.0196312469876503	0	0.180186219490113	0	0.14367047121326	0	0.01	0.396976497241885	0.916898331639334	X041120PAXGENEDAY540_L5.LB8
0.0140951572185803	0	0	0	0.213851975894556	0.342126273832173	0	0	0.243455826474614	0.037851763509729	0.123247234518285	0.0253717685520632	0.01	0.422851352714835	0.90358113811087	X041125PAXGENEDAY0_L3.LB19
0.0003938022688808	0	0.0301039849007915	0	0.136042113315762	0.362631632445497	0	0	0.285100152877327	0	0.185728314191742	0	0.01	0.422105244689002	0.903990083070519	X041125PAXGENEDAY180_L3.LB20
0	0	0	0	0.170111761713644	0.435073915421647	0	0	0.216942310888474	0	0.177872011976236	0	0.01	0.404557603777589	0.912728195693813	X041125PAXGENEDAY360_L3.LB21
0.0291507247216674	0	0	0	0.351129474981508	0.177929115171842	0.0639356112626568	0	0.0140629840708696	0	0.363792089791456	0	0.01	0.49019374227187	0.880886549421111	X041125PAXGENEDAY540_L3.LB22
0	0.0890837947966431	0	0	0.38210035834185	0.108344103753012	0	0	0.261700821932717	0	0.109612187989264	0.0491587331865142	0.07	0.261980829536078	0.99247945149345	X041140PAXGENEDAY180_L1.LB7
0	0.0700466701276245	0	0	0.48697423648892	0.169911309248474	0.0178009750512129	0	0.12473261795493	0	0.118287961123215	0.0122462300056242	0.08	0.239813414014943	1.01815979012549	X041140PAXGENEDAY360_L1.LB8
0	0	0.0423929593882986	0	0.426171861634208	0.192624487750122	0	0	0.183497025415599	0	0.155313665811772	0	0.01	0.344493697228644	0.946859815116266	X041140PAXGENEDAY540_L1.LB9
0	0	0	0	0.414941283605193	0.164911707996751	0.0355856087696891	0	0	0	0.384561399628367	0	0.01	0.497613002274569	0.876554496448742	X06_0127D030uL06_0127_L8.LB9
0	0	0	0	0.445503339776582	0.131597705058775	0	0	0	0	0.422898955164643	0	0	0.58981136159943	0.808744865958578	X060127PAXGENEDAY180_L8.LB1
0.043309512135165	0	0	0	0.265113438301204	0.268078394540248	0	0	0.237309414014292	0	0.186189241009091	0	0.01	0.346909547450126	0.945466169443637	X060127PAXGENEDAY360_L8.LB2
0.019065714476583	0	0	0	0.281902968571176	0.214745679280112	0	0	0.225043492151578	0	0.259242145520551	0	0.01	0.385454667436911	0.927270581787311	X060127PAXGENEDAY540_L8.LB3
0	0.0743137520327111	0	0	0.724909745922959	0	0	0	0.0980198580737238	0	0.102756643970606	0	0.22	0.128792146451892	1.10081013678827	X060129PAXGENEDAY0_L4.LB27
0	0.118209165102167	0	0	0.512076022786559	0	0	0	0.192325005906957	0	0.177389806204317	0	0.13	0.156749120386654	1.08093500817433	X060129PAXGENEDAY540_L7.LB23
0	0.011205783875288	0.0168973297138616	0	0.225228327387633	0.300893303678392	0.0676491244486715	0	0.143858852518835	0	0.234267278377318	0	0.01	0.372707427538129	0.933738654096789	X06_0231D030uL06_0231_L7.LB5
0	0.0118791469883159	0.0164864314436656	0	0.274897609928806	0.301614843475805	0.0168172184741521	0	0.253782980563867	0	0.124521769125389	0	0.02	0.319431087111235	0.95348038774849	X060231PAXGENEDAY180_L8.LB4
0	0.0338313976450128	0.0233478294887867	0	0.334402638561755	0.248929966278085	0	0	0.261948838705792	0	0.0975393293205683	0	0.02	0.305513110205048	0.962803518780596	X060231PAXGENEDAY360_L1.LB5
0	0	0.00191612177731768	0	0.181179543241926	0.47719930456759	0.0720720664436467	0	0.114569589379074	0	0.153063374590446	0	0.01	0.347502332111652	0.942883412729029	X060231PAXGENEDAY540_L1.LB6
0.0431214463073367	0	0	0	0.164699268910381	0.370520179524221	0	0	0.232739162529957	0	0.188919942728105	0	0.01	0.35558658292306	0.939416838795626	X070056PAXGENEDAY0_L4.LB2
0	0.0557234838868892	0	0	0.240513699029409	0.212957449608937	0	0	0.308650408446835	0	0.18215495902793	0	0.01	0.344987721675589	0.944010360925258	X070056PAXGENEDAY540_L8.LB25
0	0.0171567759229029	0	0	0.231031532241175	0.284307625371235	0	0	0.183944684138263	0	0.283559382326424	0	0	0.52251477882493	0.84880158996555	X070060PAXGENEDAY0_L1.LB7
0.00115328269161333	0	0	0	0.284046197014019	0.267121818279385	0	0	0.113365618210465	0	0.334313083804518	0	0	0.585169392560893	0.807315717934695	X070060PAXGENEDAY180_L1.LB8
0	0	0	0	0.353081420307961	0.155024888456487	0.0132840963971962	0	0	0	0.478609594838356	0	0	0.683034917006485	0.727615563302476	X070060PAXGENEDAY360_L1.LB9
0	0	0	0	0.387197219986126	0.108310312430517	0.0508804500151547	0	0.0318575930460772	0	0.421754424522125	0	0	0.650820508160888	0.756009259940507	X070060PAXGENEDAY540_L1.LB10
0.00356239071146052	0	0	0	0.38692526117123	0.210757637815101	0	0	0.095533587747792	0	0.300565415559404	0.00265570699501299	0.01	0.452725059697964	0.895171225587698	X070060PAXGENEIC_L2.LB11
0	0.0223459230827504	0	0	0.414379953012141	0.264989275666187	0.0135725941498316	0	0.160604289670385	0	0.124107964418706	0	0.04	0.289474833976279	0.976459892350694	X070074PAXGENEDAY0_L2.LB12
0	0	0	0	0.206114757722125	0.26057857486174	0	0	0.196768072796229	0	0.336538594619906	0	0.01	0.503840567062875	0.860499675231584	X070074PAXGENEDAY180_L2.LB13
0	0.113926685229861	0	0	0.533200541327089	0	0	0	0.127862671971586	0	0.208713997892606	0.016296103578858	0.1	0.179007763444852	1.07793456008331	X070074PAXGENEDAY360_L2.LB14
0	0.013290529988451	0	0	0.272553871897852	0.367547936736465	0.0540905734044446	0	0.125709436802104	0	0.166807651170683	0	0.01	0.470111051136266	0.879158354289781	X070135PAXGENEDAY0_L3.LB23
0.0173853928244529	0	0	0	0.314183746373891	0.156723782454482	0.0476963170973534	0	0.0582824768645326	0	0.405728284385289	0	0	0.594589785333797	0.801751341189811	X070135PAXGENEDAY180_L4.LB25
0.0513565427206688	0	0.00369637812500898	0	0.155632269842592	0.417071130335552	0.0171826446253471	0	0	0	0.355061034350831	0	0.01	0.501813683450634	0.86849422930909	X070135PAXGENEDAY360_L4.LB27
0	0.0187207465204078	0	0	0.146067090460911	0.299314753586217	0	0	0.295957316423253	0.0858697302515695	0.154070362757642	0	0.01	0.503841322430057	0.863338207567573	X07_0140D025uL07_0140_L4.LB11
0	0	0	0	0.171412347068041	0.288941427780479	0	0	0.288249741338623	0.0452151077486485	0.206181376064207	0	0	0.537158075620063	0.845094526391087	X070140PAXGENEDAY540_L6.LB14
0	0.00033368186312087	0.0271876562717222	0	0.336050384633455	0.34978789930678	0.00367865341032655	0	0.137285270108719	0	0.145676454405876	0	0.01	0.464161752643921	0.882492401726582	X070143PAXGENEDAY0_L4.LB6
0	0.0319129129657483	0	0	0.303808394763979	0.292564102760466	0.0283665128215778	0	0.17734670364888	0	0.166001373039349	0	0.01	0.418254517239661	0.907978538692887	X070143PAXGENEDAY180_L5.LB7
0	0.011840345820063	0	0	0.350047303763482	0.294655288635421	0	0	0.224649735539518	0.00621550453024586	0.11259182171127	0	0.01	0.445025839182802	0.892493986494625	X070143PAXGENEDAY360_L5.LB8
0	0.0475323758110053	0	0	0.19039860624457	0.218588710439028	0	0	0.367153558728827	0.0882811819349157	0.0880455668416539	0	0.01	0.42771246973353	0.901516696935147	X070143PAXGENEDAY540_L5.LB9
0	0	0.032676666448795	0	0.215177695324929	0.307687319919957	0.00634525760832251	0	0.136895835022125	0	0.301217225675871	0	0	0.538298429057332	0.838915952379313	X070157PAXGENEDAY0_L4.LB1
0	0	0.00301016523316159	0	0.292217392312166	0.396968367334921	0.00872916504608797	0	0.174169057727967	0	0.124905852345696	0	0.01	0.439242187253757	0.895477239621154	X070157PAXGENEDAY180_L4.LB2
0	0.0186072173468172	0	0	0.155581682000961	0.447689128377783	0.0613725671829777	0	0.0512440685023778	0	0.206072782688373	0.0594325539007115	0.01	0.409179501271625	0.913622501978187	X070157PAXGENEDAY360_L4.LB3
0	0	0	0	0.201652978757823	0.335828948978297	0	0	0.149965468738271	0	0.204831918480466	0.107720685045143	0.01	0.452707553037421	0.888353813485328	X070157PAXGENEDAY540_L4.LB4
0	0.00095791507813236	0	0	0.428305356925044	0.293024900580309	0	0	0.137814330388831	0	0.139574862973367	0.000322634054316854	0.01	0.333951413099745	0.952988554353077	X07_0177D025uL07_0177_L4.LB12
0	0	0	0	0.204317531171086	0.378277164561081	0	0	0.263267605588491	0	0.154137698679342	0	0.02	0.312437315072142	0.955317918663656	X070177PAXGENEDAY180_L6.LB10
0	0.00765780427985671	0	0	0.341775340074997	0.295105864856223	0	0	0.213833990109697	0	0.141627000679226	0	0.05	0.283276832400293	0.973348902755205	X070177PAXGENEDAY360_L6.LB11
0	0.0257616095990059	0	0	0.266602890996191	0.282601123509878	0	0	0.256497918423116	0	0.16817695292188	0.000359504549929112	0.04	0.287163955509852	0.971026566171564	X070177PAXGENEDAY540_L6.LB12
0	0	0	0	0.433725220232444	0.185738376420544	0	0	0.0685946562765417	0	0.31194174707047	0	0.01	0.43915525735056	0.906782935986987	X07_0180D030uL07_0180_L7.LB2
0	0.00464576257489329	0.0452753143736469	0	0.257904689674238	0.283654604236782	0	0	0.268522091976318	0	0.139997537164122	0	0.03	0.296182222960441	0.963797882996886	X070180PAXGENEDAY180_L5.LB12
0	0	0.0675668561064082	0	0.320937104677412	0.288000398385238	0	0	0.20043133998824	0	0.123064300842702	0	0.01	0.335158234771072	0.94840084984465	X070180PAXGENEDAY360_L6.LB13
0	0	0	0	0.324531725187442	0.312308565469285	0.0454997942301483	0	0	0	0.317659915113125	0	0.01	0.500288826243531	0.866647692540468	X070180PAXGENEDAY540_L6.LB14
0	0.0243841001137446	0	0	0.114621401296455	0.270608011649652	0	0	0.365022956361927	0.0333212018257611	0.19204232875246	0	0.01	0.393118534127766	0.917822482104966	X070200PAXGENEDAY0_L3.LB20
0	0	0	0	0.332025592412124	0.360896748522943	0	0	0.182656471430502	0	0.124421187634431	0	0.01	0.415727547737403	0.907666588277218	X07_0208D030uL07_0208_L7.LB3
0	0.00790763168296981	0.0623113260860717	0	0.264427215501763	0.324760356115731	0	0	0.155853681288706	0	0.184739789324758	0	0.01	0.385396991399752	0.925472682751255	X070208PAXGENEDAY540_L7.LB19
0.0516468709698201	0.00826764741876491	0	0	0.0621289649946665	0.32203361908897	0	0	0.323958051658376	0.0997576336189244	0.121811573758727	0.0103956384917498	0.01	0.418527580152087	0.906006070218984	X07_0218D020uL07_0218_L1.LB2
0	0	0	0	0.2158580136349	0.329764427160026	0	0	0.149167304797344	0	0.276547443668743	0.0286628107389875	0.01	0.393224966946874	0.922783052189603	X070218PAXGENEDAY180_L4.LB27
0	0.0478023275356222	0	0.00238093651300741	0.0755424727847077	0.331324602296923	0	0	0.383747734753743	0	0.159201926115996	0	0.01	0.360188499216862	0.932815085128728	X070218PAXGENEDAY360_L4.LB1
0.0122661074909571	0	0	0	0.14384641516441	0.363761105754916	0.0288400029924888	0	0	0	0.451286368597228	0	0	0.59036388857378	0.805306984311771	X070218PAXGENEDAY540_L4.LB2
0.0400515027213722	0.00537152169775199	0	0	0.219119744911553	0.331043712881592	0	0	0.242268316501368	0	0.162145201286362	0	0.08	0.239219125947743	0.996555023167417	X070229PAXGENEDAY0_L7.LB16
0	0.00319229891147024	0	0	0.271174465419303	0.176241481149186	0	0	0.347552860282299	0	0.201838894237742	0	0.01	0.332399556938854	0.947131677281102	X070229PAXGENEDAY180_L7.LB18
0.0920597345827395	0	0	0	0.118784071767035	0.296926137103746	0	0	0.307328012756054	0.0257026557983138	0.159199387992111	0	0.03	0.296133998506296	0.971128384064434	X070229PAXGENEDAY360_L7.LB19
0	0.0243827117465437	0	0	0.305722113487296	0.158810129438768	0	0	0.221251489206282	0	0.28983355612111	0	0.01	0.403412912188251	0.919910001696773	X070229PAXGENEDAY540_L7.LB20
0	0.0015367804144979	0	0	0.386538507728584	0.292965365265809	0	0	0.186874724536238	0	0.132084622054872	0	0.02	0.299256250019464	0.966880738823911	X07_0236D030uL07_0236_L7.LB1
0	0.0571696127355061	0	0	0.357823711790404	0.147811651332327	0	0	0.192998003192785	0	0.244197020948978	0	0.01	0.359225015754354	0.94770933026762	X070257PAXGENEDAY0_L8.LB13
0.0199510678133814	0	0	0	0.309827532980032	0.146870570443071	0.0197209082057884	0	0.0588382437361942	0	0.444791676821534	0	0	0.598255978788543	0.800505305972117	X070257PAXGENEDAY180_L6.LB14
0.0515664776051695	0.00282763497898685	0	0	0.223400423375109	0.188424931333169	0	0	0.197900959593306	0	0.328221607183882	0.0076579659303773	0.01	0.418906572723658	0.915563156605579	X070257PAXGENEDAY360_L6.LB15
0	0.0149162674835895	0.0397056103764205	0	0.223749443775839	0.30808724022581	0	0	0.263193211671095	0	0.150348226467246	0	0.01	0.370384635063435	0.929399279501035	X070259PAXGENEDAY0_L3.LB25
0	0.0318320647904378	0	0.000709456332854745	0.235671988146293	0.267039276701162	0	0	0.183515267327005	0	0.281231946702247	0	0.01	0.408671125945441	0.916293121828768	X070259PAXGENEDAY180_L3.LB27
0.0063943623111894	0	0	0	0.168859624529765	0.372007776199938	0	0	0.16336978018024	0	0.289368456778868	0	0.01	0.472200514246249	0.878610921998365	X070259PAXGENEDAY360_L3.LB1
0.0146447370181863	0	0	0	0.248700758912156	0.249853904262738	0	0	0.0977715571023003	0	0.38902904270462	0	0.01	0.476656318649443	0.883805484790276	X070259PAXGENEDAY540_L4.LB2
1.51099163288135e-05	0.00267590340272403	0	0	0.339356860456628	0.335907131428405	0	0	0.183916350570183	0.00814045071570904	0.129988193510022	0	0.01	0.377024814791796	0.927589469097632	X07_0282D025uL07_0282_L5.LB1
0	0.0453418090768649	0	0	0.377802069410885	0.273184786977841	0.00801799367808696	0	0.182889428305664	0	0.112763912550659	0	0.07	0.263461496197778	0.990889916114004	X070282PAXGENEDAY180_L7.LB23
0.0324817399215621	0.00645778998507889	0	0	0.274946675114709	0.314880751265308	0	0	0.193265932154465	0	0.177967111558876	0	0.01	0.368216848674452	0.935186446863731	X070282PAXGENEDAY360_L7.LB25
0	0.0270623158848548	0	0	0.399947379120664	0.235825619610739	0	0	0.169837261562061	0	0.167327423821681	0	0.0600000000000001	0.275381527867943	0.9857312754148	X070282PAXGENEDAY540_L7.LB27
0	0	0.0355472552813694	0	0.29048096232038	0.283702790893545	0	0	0.0937255466356037	0	0.296543444869102	0	0.01	0.480468706072779	0.875786072751411	X07_0290D025uL07_0290_L4.LB10
0	0.0105199697674363	0	0	0.180885704073331	0.37846059276466	0	0	0.228836121682493	0	0.201297611712079	0	0.01	0.414365187995538	0.908136349106403	X070293PAXGENEDAY0_L1.LB9
0	0	0	0.100118717681877	0.147598979896606	0.214103109281404	0	0	0.0777948812294413	0	0.460384311910671	0	0	0.585365430343946	0.808531901183337	X070293PAXGENEDAY180_L1.LB10
0.0544097166637982	0.00522332232435008	0	0	0.186426893217205	0.311268358929801	0	0	0.238383592857825	0.0185657090305958	0.185722406976425	0	0.01	0.400132592330158	0.917743872543126	X070293PAXGENEDAY360_L2.LB11
0	0.0398806036509535	0	0	0.207829820892133	0.284115751768515	0	0	0.314106026479463	0.0363243541321486	0.117743443076786	0	0.01	0.378184874371095	0.925135187222563	X070293PAXGENEDAY540_L2.LB12
0.026984155948353	0	0	0	0.117258047435279	0.276361874623062	0	0	0.139455157210496	0	0.439940764782809	0	0.01	0.488269551860872	0.876845725106848	X070308PAXGENEDAY0_L3.LB16
0.00903398592919264	0	0	0	0.413103605107086	0.098020646851016	0	0	0.0350912395862837	0	0.444750522526421	0	0	0.637789054620128	0.768268732511983	X070308PAXGENEDAY540_L6.LB12
0.0317321648989339	0	0	0	0.214827518991967	0.280065562364735	0	0	0.322321551547743	0	0.151053202196621	0	0.01	0.367378443441349	0.93051028944505	X07_0355D025uL07_0355_L5.LB2
0.0220799636430181	0.0355594689919424	0	0	0.237109218915967	0.275823953385909	0	0	0.22947632269559	0	0.199951072367574	0	0.02	0.32189274331019	0.960127799113242	X070355PAXGENEDAY180_L7.LB20
0	0.0677265585077319	0	0	0.582319059106799	0.0533308363800539	0	0	0.210236416839567	0.00904725062099696	0.0773398785448512	0	0.09	0.197220309724539	1.03609911197351	X070355PAXGENEDAY360_L7.LB21
0.0427405781239669	0	0	0	0.235532066818082	0.369272565718862	0	0	0.156256888570935	0	0.196197900768154	0	0.01	0.343666255653312	0.950392466367969	X070355PAXGENEDAY540_L7.LB22
0.00820839717518877	0	0	0	0.209337294020441	0.351431742141106	0	0	0.288810404679477	0.00875578586957459	0.133456376114212	0	0.01	0.364535491066027	0.931027697998397	X070360PAXGENEDAY0_L2.LB15
0	0.0382781738161786	0	0	0.39513329972599	0.132959288072302	0	0	0.239256534822122	0.0180495265008841	0.176323177062523	0	0.01	0.367197481364983	0.936420635967904	X070360PAXGENEDAY180_L5.LB10
0	0.0224525425814297	0	0	0.257253250205765	0.19162932032637	0	0	0.338925991704807	0.0416561216110391	0.148082773570589	0	0.01	0.35518259781296	0.935935787292936	X070360PAXGENEDAY360_L2.LB18
0	0	0	0	0.283281311524965	0.178440891486451	0	0	0.156077756636216	0	0.382200040352368	0	0.01	0.42582070824886	0.914474513850624	X070360PAXGENEDAY540_L2.LB19
0	0.0476045222189929	0	0	0.368958383357923	0.199710606663275	0	0	0.237225489175319	0	0.0718622542731084	0.0746387443113827	0.07	0.252363792243493	0.987863836642795	X070361PAXGENEDAY0_L2.LB14
0	0.0634330768412485	0	0	0.432944523735735	0.217920375292287	0.00833627682775343	0	0.076187840523456	0	0.10763788189907	0.0935400248804509	0.09	0.215689997551773	1.02495282995467	X070361PAXGENEDAY180_L2.LB15
0.0491401134881583	0	0	0	0.27153399584294	0.186560173149923	0	0	0.149972786594843	0	0.342792930924136	0	0.01	0.494352866442298	0.870523015079538	X070361PAXGENEDAY360_L2.LB16
0.0210243804566427	0	0	0	0.148375495001596	0.422563000087469	0	0	0.26347026572213	0	0.144566858732162	0	0.01	0.387875924952337	0.920650039050891	X07_0369D025uL07_0369_L4.LB7
0	0	0.0231398095578776	0	0.282713872962845	0.20403914055457	0.0150374996576564	0	0.215376952034191	0	0.259692725232859	0	0.01	0.46148378951837	0.884426964090196	X070369PAXGENEDAY180_L7.LB23
0.0225180851956503	0	0	0	0.150633563180855	0.411203010028208	0.00541945198444346	0	0.0409965586025895	0	0.369229331008254	0	0	0.56518833758652	0.821485315095184	X070369PAXGENEDAY360_L8.LB25
0.014157711884755	0	0	0	0.289259792964029	0.278530383256383	0	0	0.17746139136182	0	0.208815135501093	0.03177558503192	0.01	0.36578459219593	0.935393731862881	X070369PAXGENEDAY540_L8.LB27
0	0.0285605985787271	0	0	0.214825461480978	0.350765470269679	0	0	0.183438009277902	0	0.196588834369504	0.0258216260232101	0.02	0.327341450807632	0.954265913524017	X07_0386D030uL07_0386_L8.LB10
0	0.00941496246682098	0	0	0.394920170418893	0.262658934874259	0	0	0.221360417143344	0	0.111645515096683	0	0.02	0.312590677321354	0.959157126521154	X070386PAXGENEDAY360_L5.LB10
0	0	0.0411781435794724	0	0.163545440431782	0.285626966405862	0	0	0.212570413381284	0.0623583346618973	0.234720701539703	0	0.01	0.420297626166543	0.906206646201816	X070386PAXGENEDAY540_L5.LB11
0	0.00730802462335092	0	0	0.285445816972156	0.302996541877874	0	0	0.230973977711613	0	0.173275638815006	0	0.01	0.456707927294863	0.886361353649048	X070390PAXGENEDAY360_L7.LB22
0	0	0	0	0.399636433438813	0.324535253827668	0.00985333293970332	0	0.0834182619166486	0	0.182556717877166	0	0.02	0.32275503982881	0.963192378792764	X070390PAXGENEDAY540_L8.LB23
0.0107302419840843	0	0	0	0.213013395102246	0.254646365585018	0	0	0.0565447769430084	0	0.465065220385644	0	0	0.589147377875966	0.806706639206532	X070390PAXGENEIC_L8.LB25
0	0	0	0	0.289608998130174	0.405565989625581	0.0539819263936489	0	0.0531071784571461	0	0.19773590739345	0	0.01	0.34648321161054	0.949858396648774	X070391PAXGENEDAY180_L3.LB23
0	0	0.031802882687853	0	0.258032208067617	0.289609783529871	0	0	0.230555589057299	0	0.189999536657361	0	0.01	0.34766018805432	0.941612955731753	X070391PAXGENEDAY540_L3.LB25
0	0.102978466390418	0	0	0.421410790750827	0.0848069328761561	0	0	0.171907341459473	0	0.218896468523126	0	0.07	0.260438841453751	1.01667987895947	X070392PAXGENEDAY0_L8.LB1
0	0.0374589247454509	0	0	0.302061067901033	0.210878979844472	0	0	0.220880502248452	0	0.228720525260593	0	0.01	0.372487432248166	0.934169309498811	X070392PAXGENEDAY180_L8.LB2
0.0142663942918655	0.00787857310449218	0	0	0.206313841757231	0.234580091262671	0	0	0.263637283348261	0	0.27332381623548	0	0.01	0.426334019429187	0.903699135749023	X070392PAXGENEDAY360_L8.LB3
0	0	0	0	0.362612872536736	0.168643723375094	0	0	0.169376026192069	0	0.299367377896101	0	0.01	0.3482232110564	0.953937899757113	X070392PAXGENEDAY540_L1.LB4
0.0177828013792119	0.0110989350617864	0	0	0.29426169101949	0.248364941942541	0	0	0.175574607067522	0	0.249239090175189	0.00367793335425909	0.01	0.470669094439526	0.880000214644575	X070414PAXGENEDAY180_L1.LB5
0.0209729830858992	0	0	0	0.306327002986387	0.204927585586062	0	0	0.0733337353352031	0	0.394438693006448	0	0	0.545581078849067	0.837978471040389	X070414PAXGENEDAY360_L1.LB6
0.0323556577182881	0	0	0	0.297683981017794	0.204402305590614	0	0	0.134098959244419	0	0.31859202597584	0.0128670704530456	0.01	0.452573092829985	0.89549300934382	X070414PAXGENEDAY540_L1.LB7
0.0130315232547498	0	0	0	0.364851639325066	0.198144083147701	0	0	0.0271149151938463	0	0.396857839078637	0	0	0.512450956776679	0.864867872941451	X070414PAXGENEIC_L8.LB8
0	0	0	0	0.259668604408666	0.303995587696984	0	0	0.245281422837566	0	0.191054385056784	0	0.01	0.373918420788648	0.92817679437916	X07_0424D020uL07_0424_L1.LB3
0.0341611491405371	0	0	0.038296417946167	0.187014500030334	0.207960200716815	0	0	0.193367804980583	0	0.339199927185564	0	0.01	0.446813673328828	0.897290891673696	X07_0425D020uL07_0425_L3.LB1
0	0	0	0	0.375190689313725	0.140554429912135	0	0	0.0735015012782256	0	0.410753379495915	0	0.01	0.499753875097238	0.87318203826396	X070425PAXGENEDAY180_L2.LB13
0	0	0	0	0.413235859993178	0.126793696297133	0	0	0.039844205915108	0	0.420126237794581	0	0	0.527544994384139	0.855898030382561	X070425PAXGENEDAY360IC_L2.LB14
0.000920866509409291	0	0	0	0.289169672290152	0.205841232571629	0	0	0.148985576889735	0	0.355082651739075	0	0	0.530853552384385	0.844417882951057	X070425PAXGENEDAY540_L2.LB15
0	0.0493833787949918	0.0286865120018169	0	0.381313093888972	0.17796994098295	0	0	0.268699965947508	0	0.0939471083837615	0	0.05	0.279748292776285	0.978654301737684	X070438PAXGENEDAY0_L4.LB3
0	0.0206706194297865	0	0	0.277572952649112	0.359021006815092	0.010348211396637	0	0.181747078249622	0	0.15064013145975	0	0.01	0.347749462611813	0.94345949178364	X070438PAXGENEDAY540_L8.LB27
0	0	0	0	0.547522479171892	0	0	0	0.0628794812204699	0	0.389598039607638	0	0.01	0.489093912009822	0.8861637949572	X07_0440D020uL07_0440_L1.LB4
0.0230708128165874	0	0	0	0.292335697950665	0.20928862065424	0	0	0.191470925613458	0	0.28383394296505	0	0.02	0.297274091001614	0.979657195798883	X070440PAXGENEDAY540_L4.LB16
0.0396897509831167	0	0	0	0.183554543336822	0.253067698352828	0	0	0.263190467412259	0	0.260497539914974	0	0	0.514292799620925	0.854288798732121	X070630PAXGENEDAY180_L3.LB20
0.00320834242818627	0	0	0	0.215166436156269	0.375084642040975	0	0	0.149511976247892	0	0.257028603126677	0	0.01	0.485999960578843	0.870405465404465	X070630PAXGENEDAY360_L3.LB21
0	0	0	0	0.400538994620167	0.0859871751674653	0.00110595977744669	0	0	0	0.512367870434921	0	0	0.645958632618943	0.76522733091962	X070630PAXGENEDAY540_L8.LB22
0	0.0104014063342081	0	0	0.330724009461616	0.315562208942063	0	0	0.196464636502368	0	0.146847738759745	0	0.01	0.375012054009462	0.92895159225565	X070663PAXGENEDAY180_L1.LB10
0	0	0.0296311494351187	0	0.189543502151963	0.401258000432675	0.0296514851898707	0	0.179563341057997	0	0.170352521732376	0	0.01	0.437368269767061	0.896341916620715	X070663PAXGENEDAY360_L2.LB11
0	0.00145487821953734	0	0	0.399999646921231	0.266408656939892	0	0	0.207798352224711	0	0.124338465694628	0	0.01	0.371089132402646	0.930462798341027	X070663PAXGENEDAY540_L2.LB12
0	0	0.010734433575016	0	0.227528987695745	0.312146450598884	0	0	0.255278882186567	0	0.194311245943789	0	0.01	0.448466229163138	0.890751065599901	X070663PAXGENEIC_L6.LB16
0.0252467512712878	0	0	0	0.199192949783767	0.277059703752772	0	0	0.132346990735059	0	0.366153604457115	0	0.01	0.449382095351604	0.898301867381668	X070692PAXGENEDAY180_L5.LB14
0	0.0357781999334008	0	0	0.305496658109506	0.244463337929441	0	0	0.231757766101064	0	0.18115655509596	0.0013474828306276	0.01	0.370933121940626	0.93241668823572	X070692PAXGENEDAY360_L7.LB20
0	0.089399845500355	0	0	0.572185124171405	0	0	0	0.178369399842575	0	0.133380814668336	0.0266648158173287	0.1	0.182031590727301	1.05543863559995	X070692PAXGENEIC_L7.LB21
0	0	0	0	0.324880144352068	0.270206932696629	0	0	0.166941775644552	0	0.237971147306752	0	0.01	0.47737973312205	0.875441409192616	X071003PAXGENEDAY180_L5.LB12
0	0	0.0064322673956871	0	0.389731023960218	0.241982541898338	0.0110302568059491	0	0.169114913317154	0	0.181708996622654	0	0.08	0.224524714885301	1.00776442371975	X071003PAXGENEDAY360_L4.LB4
0.0231599371522277	0	0	0	0.335670471379937	0.122348798093776	0.0388071381134237	0	0.0665526952514437	0	0.413460960009191	0	0.01	0.467291009264593	0.89936322582087	X071003PAXGENEDAY540_L4.LB5
0.00257795465977406	0	0	0	0.308807450910519	0.13805314215111	0	0	0.157008317303025	0	0.393553134975572	0	0	0.554493201737391	0.829471799262887	X071104PAXGENEDAY180_L3.LB20
0	0.0408245663380329	0	0	0.419635554478449	0	0.00828856026131585	0	0	0	0.531251318922202	0	0	0.638137546897032	0.778434792800732	X071104PAXGENEDAY540_L3.LB21
0.0230857982556852	0	0	0	0.0370818861594073	0.453453188941608	0	0	0.268492643720518	0	0.217886482922782	0	0.01	0.406592607037921	0.911804991077833	X071112PAXGENEDAY0_L6.LB14
0	0.000700856955648378	0	0.269682678904715	0.261906523730285	0	0	0	0.0349339443254146	0	0.432775996083937	0	0.01	0.501937852787866	0.878502780438089	X071112PAXGENEDAY180_L5.LB13
0	0.0456236795734469	0	0	0.14977279076009	0.227327514557376	0	0	0.288700191462984	0.07668925305556	0.173791728258241	0.0380948423323021	0.01	0.462504460391175	0.883420946866626	X071112PAXGENEDAY360_L6.LB16
0.0470241499492809	0	0	0	0.0833752641822939	0.390853255311157	0	0	0.265043431915098	0.110886919565389	0.102816979076781	0	0.01	0.424309254077617	0.903105210049427	X071112PAXGENEDAY540_L7.LB18
0.0352033478574164	0	0	0	0.300665531173013	0.27926482212369	0	0	0.0891860392030469	0	0.295680259642834	0	0.01	0.406116752162613	0.925121887916326	X071115PAXGENEDAY0_L6.LB21
0.0146846370027295	0.0055983321158642	0	0	0.257830735897549	0.281248881092578	0	0	0.219836017215227	0	0.220801396676051	0	0.01	0.451240847156839	0.889642261515667	X071115PAXGENEDAY540_L5.LB6
0	0.0766458465508537	0	0	0.401816950409327	0.0892733517224113	0.00225614376740903	0	0.16667605704322	0	0.194432622204196	0.0688990283025826	0.04	0.288398123957399	0.986956513975138	X071132PAXGENEDAY0_L5.LB8
0.00323909167277625	0.0138904168699899	0	0	0.268849219633852	0.284909202691156	0.0200291050290695	0	0.193199811966283	0	0.170153172340539	0.0457299797963339	0.01	0.362009811080493	0.934841105143924	X071132PAXGENEDAY180_L5.LB9
0	0.00122238786890612	0.0314735329640544	0	0.222857585754985	0.22246394305458	0.0662445822909718	0	0.162292956616117	0	0.293445011450386	0	0.01	0.342756575171203	0.953366687709993	X071132PAXGENEDAY360_L5.LB10
0	0.0439684490901747	0	0	0.312098700831858	0.141931411059914	0.0552403446028502	0	0.228694251457647	0	0.218066842957556	0	0.05	0.279301356493808	0.984699776884727	X071132PAXGENEDAY540_L6.LB11
0	0.10523604315266	0	0	0.476303151183956	0	0	0	0.16822359816687	0	0.224477060196313	0.0257601473002015	0.1	0.193640321819153	1.05848726584684	X071135PAXGENEDAY0_L7.LB22
0	0.0107544721794303	0	0	0.373572314729889	0.380291449785735	0.00723062838053938	0	0.0598869732733076	0	0.168264161651098	0	0.02	0.319696218088749	0.966460030569734	X071135PAXGENEDAY180_L7.LB23
0.00120943443667679	0.0387225579525705	0	0	0.271317118911553	0.231262652044258	0	0	0.249239353720321	0	0.174347411749006	0.0339014711856141	0.01	0.402539843388033	0.914631504458899	X071135PAXGENEDAY360_L8.LB25
0	0.0378593076794266	0.0252628522294791	0	0.331854563703403	0.227476113291309	0.0853507458390776	0	0.119800338808499	0	0.172396078448806	0	0.05	0.282854707809786	0.986453073710112	X071135PAXGENEDAY540_L8.LB27
0	0.0280984661083471	0	0	0.201581703759638	0.283907899791332	0.0125213200779904	0	0.223174850701132	0	0.250715759561561	0	0.01	0.417174797586226	0.908531725273042	X071147PAXGENEDAY0_L8.LB1
0	0.00432410702374843	0	0.117169631578955	0	0.473936359523324	0	0	0.163777390526613	0	0.24079251134736	0	0.01	0.38312895499094	0.92487096839691	X071147PAXGENEDAY540_L5.LB4
0.0140521758365708	0	0	0	0.30132750831659	0.221392083943902	0	0	0.260561929835444	0	0.202666302067494	0	0.01	0.404238853622395	0.914099722173382	X07_1153D030uL07_1153_L8.LB11
0	0.0361041353982491	0	0	0.420929742599065	0.0498473223126751	0.0478817325378081	0	0.0617986861183621	0	0.383438381033841	0	0	0.532060118388173	0.852236814610167	X071153PAXGENEDAY180_L4.LB1
0.0200280898263472	0.0130933231766786	0	0	0.26150905289205	0.260767700102291	0	0	0.209973715147309	0	0.234628118855324	0	0.01	0.445005745666078	0.893887315681066	X071153PAXGENEDAY360_L4.LB2
0	0	0	0	0.386300618088785	0.1595997432519	0	0	0.22196423129282	0	0.232135407366495	0	0.01	0.462390408828761	0.883988938712619	X071153PAXGENEDAY540_L4.LB3
0	0	0	0	0.505874230283048	0.156695932874268	0	0	0.0829026840662395	0	0.254527152776444	0	0.01	0.41978849089325	0.915933779861149	X071153PAXGENEIC_L6.LB19
0.0357665204009355	0	0	0	0.217238207869289	0.20996407255557	0	0	0.321479815358525	0	0.21555138381568	0	0.01	0.3478932224148	0.942263140398564	X07_1158D025uL07_1158_L4.LB9
0.00845880262308348	0.0162406169051464	0	0	0.426638401501965	0.170659104342533	0	0	0.209615008230475	0	0.168388066396796	0	0.04	0.28616181201244	0.978711482710156	X071158PAXGENEDAY180_L2.LB16
0.019504480400336	0	0	0	0.289653260763051	0.248577019376498	0	0	0.198217266666293	0	0.244047972793822	0	0.01	0.398901536722882	0.919902259138383	X071158PAXGENEDAY360_L3.LB18
0.0520102616676474	0	0	0	0.194904442000839	0.356204170319385	0	0	0.245636862927417	0	0.142416788871473	0.00882747421323921	0.02	0.323627335397827	0.954820949513917	X071158PAXGENEDAY540_L3.LB19
0	0.0452176279310707	0.0286889975586484	0	0.324552615536154	0.208923390085271	0.0449122416353547	0	0.0903979569459157	0	0.257307170307586	0	0.01	0.381018797018626	0.939627769042191	X090226PAXGENEDAY0_L8.LB2
0	0	0	0	0.376361813645586	0.220333856564565	0	0	0.145199806302516	0	0.258104523487334	0	0.01	0.446327506927054	0.894971581936066	X09_0278D025uL09_0278_L6.LB8
0	0	0	0	0.274057855731016	0.209201720752413	0	0	0.177962629448007	0	0.338777794068564	0	0	0.576094349818683	0.813990456281657	X090278PAXGENEIC_L6.LB13
0.023504084528769	0.00578529376085951	0	0	0.143485263418344	0.298067846704508	0	0	0.303392261016237	0.112232600512529	0.113532650058754	0	0.01	0.473049418262471	0.879343018715983	X090350PAXGENEDAY0_L2.LB14
0.0424457020482537	0	0	0	0.230544483895637	0.280016463383953	0	0	0.260876841313362	0	0.177725012412401	0.00839149694639339	0.02	0.326915796024148	0.953285437086819	X09_0377D020uL09_0377_L1.LB5
0.0295791915660888	0	0	0.0138070894964082	0.0621103483334901	0.305774968580942	0	0	0.340437989951835	0.00902394807583897	0.239266463995397	0	0.01	0.407921201775485	0.911330172212474	X09_0397D025uL09_0397_L4.LB8
0	0	0.0173757566977185	0	0.220088575358168	0.321202033728405	0	0	0.286385999296817	0	0.154947634918892	0	0.01	0.390458874303388	0.919005905238553	X090398PAXGENEDAY0_L1.LB8
0	0	0	0	0.369941352161927	0.355946362968691	0	0	0.160210775441447	0	0.113901509427935	0	0.02	0.315017731518096	0.959408932627562	X090406PAXGENEDAY0_L3.LB19
0.0444215450426357	0	0	0	0.0840766974621129	0.285144735815316	0	0	0.29231177849899	0	0.294045243180946	0	0.01	0.379505497835061	0.929010948151346	X09_0428D030uL09_0428_L6.LB11
0	0	0	0	0.35021390772799	0.294444773956362	0	0	0.105773223527655	0	0.249568094787993	0	0.01	0.471590534076037	0.879983328922049	X090460PAXGENEDAY0_L1.LB6
0	0	0	0	0.557239227784705	0.186180108178399	0	0	0.0665115699218074	0	0.11119190607923	0.0788771880358588	0.1	0.182399962357532	1.03400832028155	X09_0462D025uL09_0462_L5.LB3
0	0	0	0	0.311274971958322	0.240058881114414	0.00927429004588691	0	0.203404909954847	0	0.23598694692653	0	0.01	0.367334845652041	0.935284345437683	X090467PAXGENEDAY0_L6.LB22
0	0.11524684513632	0.0221609803814599	0	0.538439794502979	0	0	0	0.190569571885475	0	0.133582808093767	0	0.26	0.118772003971478	1.10107154620801	X090489PAXGENEDAY0_L2.LB12
0	0.0113828697792464	0	0	0.440005579244123	0.191826060479897	0	0	0.238746777915766	0	0.118038712580968	0	0.0600000000000001	0.266886075705122	0.982006994519155	X09_0507D020uL09_0507_L3.LB2
0	0.00156590463965641	0.000172800574416269	0	0.410972075390561	0.306050888955322	0	0	0.1731536413094	0.0115107188450351	0.0965739702856091	0	0.01	0.348207306658243	0.942681783295949	X090507PAXGENEIC_L6.LB15
0.0257929534440138	0	0	0	0.189001001336761	0.365435686211395	0	0	0.246416546210046	0	0.173353812797784	0	0.01	0.40194230767617	0.91446621457909	X09_0520D030uL09_0520_L7.LB4
0	0.0418393869249374	0	0	0.181633584504662	0.325142115345425	0	0	0.266095443675973	0.0303758994056563	0.154913570143347	0	0.01	0.444379497739283	0.892733868683184	X09_0532D020uL09_0532_L2.LB7
0	0.0258542723505677	0	0	0.295634526166984	0.207627128248095	0	0	0.242701862316451	0	0.228182210917902	0	0.01	0.444452886291804	0.893562253985994	X09_0578D020uL09_0578_L2.LB8
0	0.00602096864253107	0	0	0.256205342912589	0.361986007033255	0	0	0.208461118270094	0.0783674302505167	0.0889591328910135	0	0.02	0.324267038585362	0.951207944859481	X09_0587D025uL09_0587_L5.LB4
0.013854814113547	0	0	0	0.248290012399118	0.331252184135398	0	0	0.173119363354833	0	0.233483625997104	0	0	0.564738776804819	0.824007055887969	X09_0624D020uL09_0624_L3.LB3
0.0334226493253156	0	0	0	0.269350986539545	0.279502108181645	0	0	0.0564386390475339	0	0.36128561690596	0	0	0.642232479067841	0.763537571062549	X090624PAXGENEIC_L7.LB18
0	0	0	0	0.230964378962004	0.252176559572325	0	0	0.328286754581272	0	0.1885723068844	0	0.01	0.458812160006716	0.886371077290489	X090625PAXGENEDAY0_L4.LB25
0.0263556092036338	0	0	0	0.324225029884942	0.259998035743291	0	0	0.207178558285449	0	0.161757160305766	0.0204856065769184	0.02	0.319566858314366	0.958104189585824	X090628PAXGENEDAY0_L4.LB1
0	0	0	0	0.537932312066438	0.0826793586900785	0.0476314489110888	0	0	0	0.331756880332395	0	0.01	0.390141641327687	0.951277188070805	X09_0644D030uL09_0644_L8.LB12
0	0.0260058597473496	0	0	0.700629990456242	0	0.0036267628640383	0	0	0	0.269737386932371	0	0.11	0.17214295008486	1.09464696591556	X090644PAXGENEIC_L7.LB20
0	0	0	0	0.464776515041129	0.240574611529564	0	0	0.151034637907979	0	0.143614235521328	0	0.01	0.368684517560466	0.935031011929382	X09_0712D025uL09_0712_L5.LB5
0.0459343702626773	0	0	0	0.0790609667729499	0.320327657647074	0	0	0.332299641949545	0.0930448513802143	0.12933251198754	0	0.01	0.444460308868771	0.893532764420321	X09_0721D030uL09_0721_L7.LB6
0	0.0281545695003241	0	0	0.302845263420165	0.200217291283424	0	0	0.307228684056571	0	0.161554191739515	0	0.01	0.37147709287602	0.929305910016727	X090745PAXGENEDAY0_L1.LB5
0	0.0235329214728638	0	0	0.339249835545452	0.251037988140044	0	0	0.2276441842944	0	0.15853507054724	0	0.01	0.364324363519398	0.934845604641373	X09_0789D020uL09_0789_L3.LB4
0	0	0	0	0.42962288885415	0.116854636433596	0.0296221624988765	0	0	0	0.423900312213378	0	0	0.537958995964602	0.850818318781357	X090789PAXGENEIC_L7.LB22
0.00624884504799631	0.0348577049097201	0	0	0.228607944487278	0.246542965008037	0	0	0.327137289334651	0.0677522838136536	0.0814494545186323	0.00740351288003169	0.01	0.333633819869731	0.945478086213922	X090796PAXGENEDAY0_L3.LB18
0	0	0	0	0.184017455673924	0.452143962143207	0.0308401406134176	0	0.181169004943003	0	0.151829436626447	0	0.01	0.339428047249723	0.944802530735596	X090818PAXGENEDAY0_L1.LB9
