B.cells.naive	B.cells.memory	Plasma.cells	T.cells.CD8	T.cells.CD4.naive	T.cells.CD4.memory.resting	T.cells.CD4.memory.activated	T.cells.follicular.helper	T.cells.regulatory	T.cells.gamma.delta	NK.cells.resting	NK.cells.activated	Monocytes	Macrophages.M0	Macrophages.M1	Macrophages.M2	Dendritic.cells.resting	Dendritic.cells.activated	Mast.cells.resting	Mast.cells.activated	Eosinophils	Neutrophils	P.value	Correlation	RMSE	sample
0.0705784882437038	0.0318641530389768	0	0.143917578264076	0	0.209917368464768	0	0	0.041397469054357	0	0.133337627318934	0	0.213411493582947	0.0679439159615028	0.00499885893335875	0	0	0	0	0.0826330471373762	0	0	0	0.480570924381464	0.875893252489443	X01_0524D030uL01_0524_L8.LB7
0.120131217828798	0	0	0.186854143265502	0	0.179749262472474	0	0	0.104755741750519	0	0.119452161337954	0	0.223686622521578	0.0178125781309564	0.00515512532634583	0.00506585124890362	0	0	0	0.0373372961169706	0	0	0	0.527460826632189	0.848827575289934	X010524PAXGENEIC_L5.LB5
0.0379655434254171	0.000755093099265776	0	0.0735283398329418	0.0370537690074711	0.0823446562592902	3.3495381484369e-05	0	0.0685958714002091	0	0.159453410866624	0	0.432879841327328	0.0299645200689863	0.00212062942461985	2.61722352881843e-05	0	0	0	0.0673569233908379	0.00792173428023654	0	0	0.561769045932338	0.827748868273974	X01_0673D025uL01_0673_L6.LB7
0.0494676989717017	0.0119565242783605	0	0.104283788742145	0	0.158708653026777	0	0	0.0992703705420139	0	0.135543218664335	0	0.351871230447778	0.00293370046325007	0	0	0	0	0	0.0620355295574749	0.0239292853061631	0	0	0.588932681965934	0.812482245591881	X010673PAXGENEIC_L6.LB11
0.0331557074125409	0.0166241190971177	0	0.10955599644735	0.0032885002772664	0.155546251302658	0	0	0.0655890797316822	0	0.148506418318624	0	0.32307647359945	0.058294573567944	0.00343840208761231	0.00602253866918588	0	0	0	0.0746782600728689	0.00222367941570095	0	0	0.51427934074868	0.857007901138636	X010757PAXGENEDAY0_L1.LB7
0.0104975973961128	0	0	0.0364252354979255	0.00393776269008589	0.170798106288375	0	0	0.0369178177454856	0	0.138088416163393	0	0.46993275248993	0.0474844837914937	0	0.00885454339858083	0	0	0	0.0604992806219942	0.0165640039166226	0	0	0.602990995843973	0.800887560276183	X010757PAXGENEIC_L5.LB7
0.0495045314156967	0	0	0.245739529927225	0	0.152383203786303	0	0	0.077015691294667	0	0.1188298710054	0	0.271232962775124	0.0206162596913833	0.0105670174548588	0.0113070694028047	0	0	0	0.0428038632465364	0	0	0	0.515627750123619	0.855894817052101	X01_0934D020uL01_0934_L1.LB1
0.0968945699718944	0	0.0176303158664541	0.156263063853865	0	0.191408786980763	0	0.00303856877450621	0.0623317358045013	0	0.164105320250373	0	0.248734502542869	0.00395887700716965	0	0	0	0	0	0.0556342589476048	0	0	0	0.550565024598012	0.834795454223267	X01_0940D030uL01_0940_L6.LB10
0.0508891117095125	0.0305799247425224	0	0.191892903450993	0	0.23392854567936	0	0	0.0553323053953183	0	0.0907273620226563	0	0.2539003498411	0.0141005218673309	0.00120504818436014	0.0138295770586325	0	0	0	0.0636143500482138	0	0	0	0.517482215114054	0.854748404263712	X01_0993D030uL01_0993_L8.LB8
0.0561738175368774	0	0	0.173892408939459	0.0461116855119531	0.223818890600381	0	0	0.121549367219008	0.0079663439068891	0.0548093773477541	0	0.1963689981466	0.0142627526457504	0.0317724656995931	0	0.0144437506894166	0	0	0.0485967520390231	0.0102333897172946	0	0	0.591812510283969	0.809048908563675	X030697PAXGENEDAY0_L2.LB11
0.038044940345021	0.00601377485486315	0	0.0360298158413415	0.0469276986290739	0.0964863947741574	0	0	0.0854864986596964	0.0576213659940057	0.121054976862029	0	0.403865292782205	0.0116426549414071	0.0385222880385292	0	0	0	0	0.0583042982776706	0	0	0	0.543647296669475	0.839281055304748	X030711PAXGENEDAY0_L4.LB23
0.0508971297926259	0.0114814902963386	0	0.1547482271417	0	0.140011373550568	0	0.0752215538151689	0.0663258437634499	0.0483043246848647	0.0717712993760656	0.00214299214870149	0.285890892252604	0.0109647538840034	0.00777612395042292	0	0	0	0	0.0744639953434865	0	0	0	0.543777617359283	0.839289653395908	X030714PAXGENEDAY0_L3.LB21
0.0287431153152523	0.00260634296844022	0	0.0665518531002795	0.0745048629374863	0	0	0	0.0591283128291781	0.0404951687545255	0.146292594699645	0	0.40840433409604	0.0738308251204522	0.0495503406597898	0	0	0	0	0.0498922495189116	0	0	0	0.517555150202235	0.854716199173272	X04_0152D020uL04_0152_L2.LB11
0.0112146550998308	0	0.00337700918129271	0	0.0257160979914989	0.0630806341631628	0	0	0.0681687723662102	0.0568485987393838	0.131878368571653	0	0.478524101150779	0.0498787191547515	0.0345801400071426	0	0	0	0	0.076732903574295	0	0	0	0.630682066497881	0.781545258379027	X040152PAXGENEDAY180_L4.LB7
0.0409196604885806	0.0125303220025402	0	0.0958282155678143	0.00143805053603693	0.0664054256810082	0	0	0.0718352258733412	0	0.163398490259537	0	0.446977894319113	0.0241490794102139	0.000841807918063663	0.00908021307367262	0	0	0	0.0665956148700788	0	0	0	0.584921919852507	0.81272067259843	X040152PAXGENEDAY360_L4.LB8
0.010058452758875	0	0	0.152445896142028	0	0.112777822939909	0	0	0.0201881776866188	0	0.126592848818886	0	0.469756801605816	0.044102957726033	0	0	0	0	0	0.064077042321834	0	0	0	0.552841272531409	0.832451826080407	X040152PAXGENEDAY540_L6.LB9
0.0593470232999894	0.0119134824175339	0	0.289774011884952	0	0.282025879142457	0	0	0.0670489784996084	0	0.0549238326012868	0	0.174617936806626	0.00510517953973454	0.00634023978088544	0	0	0	0	0.0489034360269263	0	0	0	0.531360266609631	0.846945721739378	X040238PAXGENEDAY0_L2.LB15
0.0473710546665741	0.00679381298026823	0	0.2505926745232	0	0.0960912444358289	0	0	0.145424760874617	0	0.152691008953577	0	0.236586634466488	0.00561172208620482	0.0302999333400729	0	0	0	0	0.0213552547946374	0.00718189887853208	0	0	0.492748914007785	0.870743521510189	X040238PAXGENEDAY540_L3.LB18
0.011347602124216	0	0	0.185458924847511	0	0.147650244101666	0.0245970362440672	0	0.0573417777492684	0	0.153759258894458	0	0.343363618052436	1.00738647360924e-05	0	0	0	0	0	0.0748380228197549	0.00163344130188692	0	0	0.496155851837194	0.867792267174752	X040238PAXGENEIC_L2.LB16
0.0524971653493905	0.0187842810443129	0	0.364750700720742	0	0.125280227047999	0	0	0.113070801260391	0	0.0601037068098732	0	0.219935919278751	0	0.0125022764810048	0.0171822198913753	0	0	0	0.0158927021161598	0	0	0	0.569018875422828	0.82159688791302	X04_0511D025uL04_0511_L6.LB9
0.0688617743225136	0.0361633456843112	0	0.25388235030095	0.00503142959318543	0.162821338553021	0	0	0.148020110713715	0	0.098738149420345	0	0.180470338221708	0	0.0083125791980195	0.00740307181470351	0	0	0	0.0302955121775276	0	0	0	0.503327011145226	0.864219239858946	X040511PAXGENEDAY360_L6.LB12
0.11408032703619	0	0	0.322352944175761	0.000164721483835429	0.129134479389289	0	0	0.148648818680516	0	0.07756699639408	0.0105639705530678	0.155840551737328	0	0.00453447982876571	0.00967417785134353	0	0	0	0.0274385328698237	0	0	0	0.506122659285451	0.86389486177217	X040511PAXGENEDAY540_L6.LB13
0.0334987031819075	0.0126711328103129	0	0.196052292924341	0	0.0716331807489602	0	0	0.0600319362712153	0	0.138495743744129	0	0.380003876791025	0.0183320980880235	0.00188028038932121	0.0063231950090239	0	0	0	0.0540415031627264	0.0270360568790146	0	0	0.440269590624923	0.899499518613274	X040695PAXGENEDAY180_L7.LB19
0.0599049061642867	0	0.0229667776340165	0.0921775544339579	0.0119589764954617	0.0515053188110217	0	0	0.0372727193350159	0	0.0999178740418362	0	0.500896637233769	0.0439683128157298	0	0.0375543875566053	0	0	0	0.0147931473275604	0.0270833881507388	0	0	0.534044210452401	0.844508617458998	X040695PAXGENEDAY360_L7.LB20
0.048232340925153	0	0	0.0738720379121445	0.0852405350702403	0	0	0	0.12336447737435	0	0.149157151949348	0	0.377190558017429	0.0607234361356849	0.0465784866287615	0	0	0	0	0.0356409759868893	0	0	0	0.513230952846365	0.857695618880146	X040695PAXGENEDAY540_L7.LB21
0.0448986025981709	0	0	0.00149655942247845	0.0903887292788297	0.0228550026403225	0	0	0.0416011206628211	0.0571600749094503	0.169576354897529	0	0.458958022087496	0.0325461191571141	0	0	0	0	0	0.0805194143457879	0	0	0	0.514637876081552	0.856543807527809	X040695PAXGENEIC_L7.LB22
0.0373886919155503	0.00538872330758519	0	0.187232927778197	0	0.113031556292086	0	0.00216417560676797	0.0500005722307732	0	0.149671338603178	0	0.306400982441653	0.0410528276860202	0.00579560395338104	0.005665718882588	0	0	0	0.0742556510225797	0.0219512302796409	0	0	0.471043571895275	0.88150096077636	X04_0699D025uL04_0699_L3.LB6
0.0435749210972641	0.00654675751839933	0	0.0742390320719089	0.0135244806344359	0.156532673547005	0	0	0.0820825274959328	0	0.158466959928865	0	0.351975591860291	0.0524684901954624	0.00546863827323488	0	0	0	0	0.05169937660916	0.00342055076804014	0	0	0.553946914615431	0.833841878585583	X040718PAXGENEDAY0_L8.LB2
0.0376733624801415	0.0233168151046711	0	0.103773853742823	0.0475264532826247	0.247005019283323	0	0	0.0397473611172572	0	0.0906944926033748	0	0.316738283820897	0.0367409153495842	0.00273812557046699	0.0100432597415388	0	0	0	0.0440020579032979	0	0	0	0.569506167984306	0.824550167015895	X040718PAXGENEDAY180_L8.LB3
0.0298146325496489	0	0	0.057525140270601	0.0580645088407473	0.203015901195835	0.0138579593354194	0	0.0284274847391502	0	0.109493990195569	0	0.439772196508911	0.011117239800097	0.000837805811653376	0.0114128962141461	0	0	0	0.0366602445382219	0	0	0	0.611119505893388	0.796309887609385	X040718PAXGENEDAY360_L8.LB4
0.0532347831776452	0	0	0.112411091541353	0.106527286833689	0.00796502162176039	0	0	0.155401853778451	0	0.142979994550122	0	0.288229599337217	0.0642381956729288	0.042836321780173	0	0	0	0	0.026175851706661	0	0	0	0.552439278363044	0.835672807361244	X040718PAXGENEDAY540_L8.LB1
0.0860511684510367	0	0	0.0734806266053782	0	0.0694840434855309	0	0.0917720561737892	0.0491716476126475	0.0546762992879027	0.183705417411335	0	0.289326922482542	0.0296059847501885	0	0	0	0	0	0.0727258337396492	0	0	0	0.540271960919452	0.841277327529437	X04_0779D025uL04_0779_L5.LB6
0.0261635333437381	0	0	0.134202273674831	0	0.0808754775666217	0	0	0.139853062642898	0	0.164967824326566	0	0.370558327553145	0.0217475548048075	0.0116972710471067	0.0123165778638066	0	0	0	0.0376180971764796	0	0	0	0.552021025907831	0.833686659561795	X040779PAXGENEDAY180IC_L1.LB5
0.0329978676459135	0.0237848064169612	0	0.131733459170606	0.0270945189241282	0.270105203019674	0	0	0.0424297888087225	0	0.107510442423097	0	0.303691016495871	0	0.00467464242816314	0.00738646651518106	0	0	0	0.0371782902111303	0.0114134979405523	0	0	0.563115996941702	0.826895526240754	X040779PAXGENEDAY360_L8.LB4
0.0321579052679224	0.0110841134130895	0	0.148890609680321	0.0199526266473006	0.236926261697346	0	0	0.0656207244484286	0	0.134484234578967	0	0.321667570637922	0.000648240738082357	0.00349690537866912	0.0025265105450957	0	0	0	0.0225442969668568	0	0	0	0.573136750810647	0.819586277979071	X040779PAXGENEDAY540_L1.LB6
0.0436680176793823	0.00885355639648175	0	0.118015382143295	0.00977951640090672	0.215229826316451	0	0	0.0520998866454863	0	0.102883764695096	0	0.329264615677248	0.0461888808103269	0.00753643804442094	0	0	0	0	0.0557295805631907	0.0107505346277141	0	0	0.516770136647143	0.855591578942534	X040811PAXGENEDAY0_L6.LB18
0.0276022574246871	0.0228018889637826	0	0.0599174360085629	0	0.274239211067946	0	0	0.0690954920873747	0	0.119874290847294	0	0.329379037048245	0.0380554469405502	0.0041400376367137	0	0	0	0	0.0509589310298268	0.00393597094501711	0	0	0.51064582248134	0.858950349404636	X040811PAXGENEDAY180_L3.LB23
0.0308681418962107	0.0279451241227462	0	0.105127670289022	0	0.195532486845889	0	0	0.0597745176636565	0	0.0938867943803222	0	0.358611472386292	0.0623661790140544	0.00200813190750591	0	0	0	0	0.0593213457005773	0.00455813579372307	0	0	0.488701444447854	0.871389786474338	X040811PAXGENEDAY360_L4.LB25
0.025500086411452	0.015556463661487	0	0.0561182914429292	0	0.219669565410416	0.0191663999853327	0	0.0524541328752067	0	0.122229803493862	0	0.355136652272188	0.00964934570862316	0	0	0	0	0	0.0967546745324064	0.0277645842060966	0	0	0.49668178818997	0.866923137701942	X040811PAXGENEDAY540_L4.LB27
0.108241276729151	0	0	0.164046418589773	0.0517371327777328	0.123903264567435	0	0	0.0408937716299254	0	0.0963016439952402	0	0.323481234886362	0.0488035506006554	0.00144885302850008	0.000631712791740512	0	0	0	0.0405111404034853	0	0	0	0.603682688073081	0.804761000072756	X04_0843D030uL04_0843_L6.LB12
0.0697629872137768	0	0	0.116478790250602	0.131719801043142	0.119945623232197	0.0131879726196786	0	0.09500862600372	0	0.0712164055918314	0	0.328988945084394	0.00819790380259442	0.00267446798168799	0.0193018895720613	0	0	0	0.0235165876043145	0	0	0	0.569501308496275	0.823875135322907	X040843PAXGENEDAY180_L8.LB1
0.0771725142910326	0.0129386055973534	0	0.0908542299080106	0.0897619706502365	0.144661530287796	0.000813924530200106	0	0.0876602250338931	0	0.119219530788722	0	0.290726780741315	0.0104202743347685	0	0.0242789641318809	0	0	0	0.0514914497047919	0	0	0	0.570029809126417	0.824960518659977	X040843PAXGENEDAY360_L8.LB2
0.0875966504937681	0	0	0.0968394124844567	0.069466237948186	0.081481000147348	0	0	0.064830180769441	0	0.126031525936225	0	0.347863992252834	0.0562469695617395	0.00213349791904068	0.00270865469529307	0	0	0	0.0644630676597355	0.00033881013193206	0	0	0.559143574392713	0.832044698222468	X040843PAXGENEDAY540_L5.LB15
0.033114582733498	0	0.000167358988640856	0.0598231108168287	0	0.133658930371889	0.0134412925110102	0	0.0805977030585814	0.0201761752837893	0.094782901753081	0	0.422768877238557	0.0726476125870267	0.0478036065240372	0	0	0	0	0.0210178481330615	0	0	0	0.590213365092866	0.81202956612982	X04_0859D020uL04_0859_L2.LB9
0	0.0219929391260204	0	0.274270555494922	0	0	0	0	0.190843325715562	0	0.125744820861242	0	0.283088134469901	0	0.000466621714657378	0.0410072381767017	0	0	0	0.0625863644409939	0	0	0	0.56691868491352	0.823960994930541	X040859PAXGENEDAY540_L8.LB27
0.014749585450665	0.0392068747338157	0	0.240678403524013	0	0.247119670245148	0	0	0.0675627002116662	0	0.0893387735960355	0	0.225117827417065	0.0136274176123639	0.00230553641988749	0.0103315642262986	0	0	0	0.0499616465630415	0	0	0	0.531787868836077	0.845880798788641	X040886PAXGENEDAY360_L8.LB5
0.0488751826982927	0	0	0.143781689975175	0.0874632395035189	0.0167527793860638	0.0217851194789963	0	0.0998056804566163	0.00468625183690375	0.101071823272141	0	0.330660771680247	0.0424561400619846	0.0492255062420503	0	0	0	0	0.0534358154080097	0	0	0	0.422528504375412	0.906686171028729	X040886PAXGENEDAY540_L8.LB6
0.027531736353336	0.0235015485942748	0	0.162537406566615	0	0.260385586105661	0	0	0.104395547360256	0	0.0954915315419049	0	0.254907187206593	0	0.00383439234741024	0.00848782954290479	0	0	0	0.0458957361892721	0.0130314981917721	0	0	0.451714857460095	0.893638279820657	X040910PAXGENEDAY360_L5.LB6
0.00277541041811692	0.0363851465854171	0	0.152429124973235	0.0974307809000628	0.200083486818223	0	0	0.0965454665766385	0.00569268822614287	0.0842865578946926	0	0.231532713110722	0	0	0.0184511263118708	0	0.00242711809595788	0	0.0719603800889203	0	0	0	0.549570184147506	0.83494771835696	X040910PAXGENEDAY540_L5.LB7
0.0604006954969107	0	0	0.117997776510026	0.0616018841738368	0.172922710817795	0	0	0.0539132007548858	0	0.131248205471054	0	0.286076370457716	0.0493098326123519	0	0.00894323764941653	0	0	0	0.0575860860560063	0	0	0	0.510756330809874	0.858915646537536	X040979PAXGENEDAY0_L2.LB20
0.0547614904932867	0.0135465717982139	0	0.181613373591595	0.0146160876077861	0.15691656539531	0	0	0.0851235442619128	0	0.0993729220858716	0	0.302851270420122	0.0247988574997258	0.00147538308276427	0.0262896033198167	0	0	0	0.0386343304435951	0	0	0	0.56490471404235	0.826962971668748	X040979PAXGENEDAY180_L3.LB21
0.0729495011717882	0	0	0.0539834242714979	0	0.0689505021690539	0	0	0.0857749196358609	0.0130709827380166	0.177146596386402	0	0.325793727822476	0.0731760138761799	0.0502344747960796	0	0	0	0	0.0789198571326453	0	0	0	0.475349035984436	0.878767466504312	X040979PAXGENEDAY360_L3.LB22
0.0475718358844595	0.0204211242492379	0	0.166301422948484	0.0240825798665768	0.124735730715363	0	0	0.100712686714082	0	0.0908452657281677	0	0.339436604660311	0	0	0.0356896181601749	0	0	0	0.0502031310731431	0	0	0	0.582380468303187	0.816628794214647	X040979PAXGENEDAY540_L3.LB23
0.048426967771745	0.0123430433209161	0	0.155586740934903	0.0211950796935995	0.225279934299318	0	0	0.104238179932394	0	0.0826881766644303	0	0.25921554172262	0.00807359891990641	0	0.0294659915475098	0	0	0	0.0292038130688258	0.0242829321238327	0	0	0.529981753902586	0.847371856900408	X041003PAXGENEDAY0_L4.LB3
0.0225107455046593	0.0142314235213107	0	0.140612549127807	0.0867521291463394	0.18633033044902	0	0	0.090366588413078	0	0.0901889424412102	0	0.306920690122025	0.0150256277056631	0.0130947164329753	0.00738942993799839	0	0	0	0.0248329171206683	0.00174391007724481	0	0	0.549476464416088	0.835218086302069	X041003PAXGENEDAY180_L5.LB11
0.0371990860267557	0.00432714976040506	0	0.166204833234176	0	0.143522737573196	0	0	0.0888698994934441	0	0.163837844576712	0	0.280948620145124	0.0435352962807828	0.000966533877281549	0.0172311148509105	0	0	0	0.0412676832880669	0.0120892008931463	0	0	0.517552175916481	0.854731087256359	X041003PAXGENEDAY360_L4.LB5
0.0254408350137041	0	0	0.0977108314831741	0.0740123060940389	0.147270760697447	0	0	0.0615087728476269	0	0.15016000930768	0	0.330310670132946	0.0481410027793028	0	0	0	0	0	0.0450105318312127	0.0204342798128662	0	0	0.499406499994445	0.865289465407724	X041003PAXGENEDAY540_L4.LB6
0.0341716147568606	0.012179660267761	0	0.188229156052106	0	0.187319103323414	0	0	0.0744037340404989	0	0.164271797915968	0	0.25003584478396	0	0	0.00113013062101022	0	0	0	0.0882589582384216	0	0	0	0.545689531104974	0.837215017253145	X041020PAXGENEDAY0_L6.LB13
0.0411518702261857	0.0230488348517575	0	0.143131246450775	0.0131585802152517	0.108669658805167	0	0	0.0552129830978067	0	0.109951812014418	0	0.394541515550291	0.0333422800257765	0	0	0	0	0	0.0726633861587991	0.00512783260377202	0	0	0.503656254284354	0.862862854393618	X041020PAXGENEDAY180_L6.LB14
0.0776898932905716	0	0	0.262267139425327	0.0288646304010224	0.116780353583836	0	0	0.089614328595801	0	0.10764099467065	0	0.235301505728784	0	0	0.00902900975290585	0	0	0	0.072812144551101	0	0	0	0.555373389929447	0.83129800601472	X041020PAXGENEDAY360_L6.LB15
0.0931017638857025	0	0	0.272396191410621	0	0.145467311675122	0	0.00195684626688938	0.0943452866735139	0	0.113739926466511	0	0.182306611367911	0	0	0.0119005071995949	0	0	0	0.084785555054135	0	0	0	0.544263850036969	0.838169137456601	X041020PAXGENEDAY540_L6.LB20
0.0358432055769899	0.074695507301393	0	0.108447442991014	0	0.221737589777059	0.0293733796474445	0.00499107834130317	0.0457318133080187	0.0213403910025555	0.0848804654718552	0	0.208777589257676	0.0581177409179759	0	0.00193359733098496	0	0	0	0.0943809836192959	0	0.00974921545643371	0	0.535002586346178	0.846662523577337	X041056PAXGENEDAY180_L1.LB8
0.0228406308662234	0	0	0.168983424714938	0	0.134939698200735	0	0	0.0573504122425964	0	0.140184082728082	0	0.35424884585347	0.0483469043028832	0.00098816687261307	0.00769650472531684	0	0	0	0.0588074189323279	0.00561391056081415	0	0	0.44724143528788	0.895343714493833	X041056PAXGENEDAY360_L1.LB9
0.0525515371148425	0	0	0.277155890429761	0.0662534028616403	0	0	0	0.115881543730913	0	0.106130082382889	0	0.260012300995205	0.0527256274451764	0.0461526807740144	0	0	0	0	0.0231369342655593	0	0	0	0.533633091083457	0.84530295506707	X04_1058D025uL04_1058_L3.LB5
0.0445386977100579	0.0537784645016144	0	0.227353036506629	0	0.220784866356715	0	0	0.0898611878366536	0	0.106718255107418	0	0.157082773048567	0.0162185929554464	0.00276014120034932	0	0	0	0	0.08090398477655	0	0	0	0.525289343861022	0.849989782552141	X041058PAXGENEDAY540_L5.LB8
0.0296567033036221	0.0204550816914695	0	0.14323734179715	0.0506142633037679	0.0886571010006923	0	0	0.109358951892448	0	0.10128448198199	0	0.336568766835828	0.0601737222164799	0.00172611772141165	0	0	0	0	0.0452332581748177	0.013034210080323	0	0	0.463249813930395	0.885386730562727	X041067PAXGENEDAY0_L2.LB15
0	0.00935484587343822	0	0.0724618495743703	0.0601582185930616	0.0823663410796422	0	0	0.0455144138920729	0	0.149338323993657	0	0.442076529405024	0.0385291402362201	0.00179799146887529	0	0	0	0	0.0646620938233471	0.0337402520602915	0	0	0.480891914698991	0.876347871745392	X041067PAXGENEDAY540_L6.LB10
0.0751652309586951	0	0	0.156734869078868	0.00723401478894569	0.237482397677384	0	0	0.0961341355816273	0	0.102926005336844	0	0.248689555154096	0.00350573019496681	0	0.0278772918689581	0	0	0	0.0442507693596153	0	0	0	0.54577486684784	0.837697681208622	X04_1104D020uL04_1104_L1.LB6
0.0306896203560185	0.0331539624423732	0	0.164827183299427	0.0390143501090997	0.222477810096702	0	0	0.0616695220196124	0.00279023615923634	0.0592370795675118	0	0.325086729154187	0.00779731880925908	0	0.0140131234408611	0	0	0	0.0363084740036601	0.00293459054205113	0	0	0.588940121847985	0.811080449385187	X041104PAXGENEDAY540_L7.LB21
0.0113337135558106	0.0133810671836744	0	0.0751916526803868	0.0641636113652636	0.195167896318571	0	0	0.0351660335924628	0	0.108981574771842	0	0.416060630665971	0	0	0	0	0	0	0.0736718849809719	0.00688193488504646	0	0	0.550217868680287	0.834833254302111	X041119PAXGENEDAY360_L3.LB18
0.0413520454667713	0.0107795686448737	0	0.175798395124385	0.138216200022467	0.146807745721646	0	0	0.0761003959446022	0	0.106406488841399	0	0.257007150936354	0	0.000289196611888324	0	0	0	0	0.0472428126856137	0	0	0	0.57837350280666	0.816134684854882	X041120PAXGENEDAY0_L5.LB5
0.0361308774444463	0	0	0.111157353260864	0.0393023423840586	0.296529184967666	0	0	0.0518788068438716	0	0.112759296356238	0	0.299665783218701	0.00426060929773092	0	0.000854408906299994	0	0	0	0.0383989598430413	0.00906237747708207	0	0	0.547547725746275	0.836090448787349	X041120PAXGENEDAY180_L5.LB6
0.0294163039920236	0.00763091152588196	0	0.13270991129009	0.0140062274839948	0.179248901325208	0	0	0.078931962938178	0	0.125916729461621	0	0.363992628990734	0	0.00249738176406402	0.0184739784713452	0	0	0	0.0428169135575053	0.00435814919935356	0	0	0.550535369014293	0.83470896422607	X041120PAXGENEDAY360_L5.LB7
0.0703887296762654	0.00930142908637763	0	0.245969486261447	0.0157629166804693	0.168216455759236	0	0	0.0784402744945863	0	0.126749986091158	0	0.198691335545282	0.00307744358819565	0	0.00867132774385406	0	0	0	0.0747306150731286	0	0	0	0.528876337585862	0.847836179635144	X041120PAXGENEDAY540_L5.LB8
0.0591624999020962	0	0	0.12817227062862	0	0.214155255293545	0	0	0.0697024038222494	0	0.088157081752016	0	0.37031538130076	0.00941799169814223	0.00770771488775221	0.000587237546968302	0	0	0	0.0526221631678503	0	0	0	0.539764306801152	0.841620821653002	X041125PAXGENEDAY0_L3.LB19
0.0626492572249638	0.0410641190635725	0	0.195236223665365	0	0.219285478485909	0	0	0.107431128305246	0	0.0867852296340972	0	0.252406897184211	0.00659301779788864	0.00231379918566675	0	0	0	0	0.0262348494530796	0	0	0	0.504769814758932	0.862398836548249	X041125PAXGENEDAY180_L3.LB20
0.0794209829465506	0.0117531438682597	0	0.140048637816143	0.00170556336937338	0.185067814022316	0	0	0.0677132314309037	0	0.106016034774855	0	0.356075695111031	0	0.00574123177182064	0	0	0	0	0.0464576648887476	0	0	0	0.565374828569239	0.826293036326234	X041125PAXGENEDAY360_L3.LB21
0.00721133485864905	0.0447211799162789	0	0.146399895700056	0	0.131810931134712	0	0	0.0889865799030787	0	0.117034526184956	0	0.386565724585537	0	0.00318372937206565	0.00814265529847968	0	0	0	0.0532075635560192	0.012735879490167	0	0	0.482121592491	0.87532360196658	X041125PAXGENEDAY540_L3.LB22
0.0252055043082882	0.00914506840452672	0	0.185389784008607	0	0.156650337746722	0	0	0.105894142440816	0	0.157422093889068	0	0.283826154279754	0	0	0.009331690269896	0	0	0	0.0425202844594434	0.0246149401928795	0	0	0.553219063251949	0.832584420200091	X041140PAXGENEDAY180_L1.LB7
0.0460235665967729	0	0	0.167162749933823	0	0.0103776666192871	0	0	0.158765190410325	0	0.177767807057732	0	0.319735604036736	0.0150730743547194	0.0469750984051975	0	0	0	0	0.0570989027448252	0.00102033984058197	0	0	0.539454101796811	0.841846077080729	X041140PAXGENEDAY360_L1.LB8
0.0176436102906354	0	0	0.15196894393744	0.0368899342501599	0.110948592917503	0	0	0.0968477702395504	0	0.14379423398913	0	0.361595484152196	0	0.0126863862538975	0	0	0	0	0.0676250439694885	0	0	0	0.533787946891729	0.844763999540963	X041140PAXGENEDAY540_L1.LB9
0.0236589707914087	0.0130698947669125	0	0.150669965772276	0	0.248660019829365	0	0	0.0494178659330775	0	0.127679731368877	0	0.311484242228754	0.0150222014966302	0.0097896142567733	0	0	0	0	0.0504058539107873	0.0001416396451387	0	0	0.560647202090667	0.828266391148376	X06_0127D030uL06_0127_L8.LB9
0.00938266101282691	0	0	0.0788902148349245	0	0.102387806795697	0.00217411058621506	0	0.0530202797812518	0	0.120446511002984	0	0.504711222914656	0.0492001516513215	0.0122026444090714	0	0	0	0	0.0328904937586326	0.034693903252419	0	0	0.531492198392298	0.846012030579535	X060127PAXGENEDAY180_L8.LB1
0	0.0495584731420992	0	0.164675039238928	0	0.18910537643922	0	0	0.086511972180298	0	0.129163654217113	0	0.323853390954924	0.0104755759121549	0	0	0	0.00197365487424273	0	0.0446828630410212	0	0	0	0.557772526243295	0.830047968269449	X060127PAXGENEDAY360_L8.LB2
0.00131582268061725	0.077992555546429	0	0.195301528808077	0	0.221131481248256	0	0	0.0921280181296742	0	0.11992437061787	0	0.23335646536731	0.000394961851773813	0.0177000279684035	0	0	0	0	0.0407547677815897	0	0	0	0.565010527598098	0.825145817128638	X060127PAXGENEDAY540_L8.LB3
0.0133430019757953	0.000682847017548191	0	0.367137517824955	0	0.082697401789706	0	0.0446526548841832	0.0640053713421171	0.053402507208812	0.0600655553495267	0	0.241714738538363	0	0.0115204237643909	0	0	0	0	0.0607779803046028	0	0	0	0.588283880900185	0.808153608906725	X060129PAXGENEDAY0_L4.LB27
0.0105516899559092	0.00567590798710554	0.0204612586634133	0.368128704663846	0	0.0661667449633257	0	0.0121186888140362	0.0979693230322412	0.108755934098773	0.00375084996864515	0	0.244773418387739	0	0.0122720677676441	0.00356346128356899	0	0	0	0.0458119504137518	0	0	0	0.592023024701038	0.805577699909123	X060129PAXGENEDAY540_L7.LB23
0.0368983130795425	0.0178298312409028	0.00171408017509477	0.175348105465732	0	0.215863944634945	0	0	0.114754631594766	0	0.109212499056268	0	0.257320785068972	0.0123001724021626	0	0.0072820678630774	0	0	0	0.0514755694185368	0	0	0	0.560329038253554	0.828408695524805	X06_0231D030uL06_0231_L7.LB5
0.0325346704087154	0.049580646830563	0	0.163514155073252	0.0010947583800773	0.216099129627255	0	0	0.120805198646226	0	0.115238624714211	0	0.233640909754659	0.00788833405512583	0.00250870936059894	0.02329983860326	0	0	0	0.033795024546056	0	0	0	0.567773096840278	0.824021309650507	X060231PAXGENEDAY180_L8.LB4
0.047468784108364	0.0166046845081454	0	0.180847471321587	0.0213206227033323	0.261960598912841	0	0	0.1130663621301	0	0.0640739196436764	0	0.244902758130053	0.0101786498824736	7.74850506528658e-05	0.0140937756577761	0	0	0	0.0254048879509983	0	0	0	0.602331089557827	0.800463979303876	X060231PAXGENEDAY360_L1.LB5
0.0288487351871694	0.0506321111624396	0	0.159383776673972	0.00712741243689592	0.244429791988615	0	0	0.128690810537841	0	0.114717377244676	0	0.169101976545466	0.0178831650446394	0.00205819120931234	0.0248544326427956	0	0	0	0.0522722193261782	0	0	0	0.487603002152214	0.872648049251163	X060231PAXGENEDAY540_L1.LB6
0.0256298727170316	0.0219308614116598	0	0.258685618628457	0.0246468118582569	0.208691530487924	0	0	0.0733082466369921	0	0.0963073082508611	0	0.232124207766591	0.013738718036273	0.00359835463793246	0.0111159124813936	0	0	0	0.0302225570866279	0	0	0	0.568043366397095	0.82237083543548	X070056PAXGENEDAY0_L4.LB2
0.0411051299936949	0.0022706818569344	0	0.1793765006767	0.0898614232873104	0.0612716241885064	0.0491636367034999	0	0.0924977678750358	0.0160846444417124	0.0722376378694734	0	0.291631736114483	0.0471782332142317	0	0	0	0	0	0.0573209837784184	0	0	0	0.566342368620839	0.826869342893885	X070056PAXGENEDAY540_L8.LB25
0.0508071616368794	0	0	0.170366171400948	0	0.200841510612352	0	0	0.0893117805094628	0	0.0998214641732392	0	0.337401209171405	0.0158710434307155	0.00232571854157963	0	0	0	0	0.0332539405234188	0	0	0	0.564033684944694	0.826195513781522	X070060PAXGENEDAY0_L1.LB7
0.00444631278036711	0.0158875921197762	0	0.166743537089541	0	0.185066047765122	0.00038567580037722	0	0.0552891253097301	0	0.138034277600523	0	0.367114403235018	0.0119778938715981	0.0089248097151453	0.00623610449642691	0	0	0	0.0398942202163763	0	0	0	0.561347254311601	0.827422454148153	X070060PAXGENEDAY180_L1.LB8
0.00853964470628327	0.00441777359142602	0	0.0716173493926687	0	0.186743470980099	0.0124585089495968	0	0.043190623849033	0	0.102895858937047	0	0.492330819291143	0.0357345928672011	0.00260940169197793	0.00269670650961124	0	0	0	0.036765249233914	0	0	0	0.565353899471498	0.824581063988803	X070060PAXGENEDAY360_L1.LB9
0.0483160046845814	0	0	0.0475400801501365	0.0543597408175049	0	0.00625333131666318	0	0.0692332662605388	0	0.0997064346368932	0	0.500866435792491	0.0669101463204123	0.0492253751671525	0	0	0	0	0.0575891848536262	0	0	0	0.527496484060518	0.848556120540351	X070060PAXGENEDAY540_L1.LB10
0.0136117503612531	0.00223362212589138	0	0.140782916386485	0.00994185339346442	0.201647502975996	0	0	0.0457873294026698	0.00829853152556178	0.0842342002365685	0	0.393591941564179	0.00818647758282483	0.000145473320184405	0.0188362488439083	0	0	0	0.0539748929010251	0.018727259379988	0	0	0.449694161006589	0.894190931766083	X070060PAXGENEIC_L2.LB11
0.0674203833658487	0.0232998229794318	0	0.153550643160202	0	0.26692572523349	0	0	0.0937171438905536	0	0.0898924355685882	0	0.246433392975081	0	0.00817674772452602	0.0245551473991726	0	0	0	0.0260285577031058	0	0	0	0.541303841465168	0.840300541346888	X070074PAXGENEDAY0_L2.LB12
0.0281879724431091	0.0147535742216572	0	0.144118126453596	0	0.244251815010865	0	0	0.0579821455141159	0	0.118416471833411	0	0.297490098267497	0.000917425699439885	0.00384518726847558	0.0189901083610974	0	0	0	0.065338884198528	0.00570819072820849	0	0	0.522823186774926	0.851555735507521	X070074PAXGENEDAY180_L2.LB13
0.0117890978597584	0.00919839582923034	0	0.288127044590983	0	0.208723505442574	0	0	0.0840291217113667	0	0.0939017697800126	0	0.251161395348596	0	0.0151072045172699	0.00685284072157479	0	0	0	0.0311096241986345	0	0	0	0.548827837196233	0.835097151409908	X070074PAXGENEDAY360_L2.LB14
0.100816576611242	0	0	0.240529382213372	0.0584661563064449	0.106469306372887	0	0	0.110828682091594	0	0.0201162767698524	0	0.315532450785753	0	0.00618142118866507	0.0143999668772542	0	0	0	0.0266597807829357	0	0	0	0.553692639858769	0.832647598656772	X070135PAXGENEDAY0_L3.LB23
0.043968610960106	0.0492537185033297	0	0.161865797329836	0	0.14097516898316	0.00380419472696818	0	0.0626799702841369	0	0.0981593914423023	0	0.351269093231765	0.015048368869384	0.000180021075837561	0	0	0	0	0.0727956645931749	0	0	0	0.585625187091206	0.815215786933766	X070135PAXGENEDAY180_L4.LB25
0.0550415325424087	0.0212816617045699	0	0.1271789504359	0.00129837495534862	0.153818353375986	0.0153514667610474	0	0.0736431260481437	0	0.093767544317536	0	0.364196688126216	0.0110933469007525	0	0.0372154785328219	0	0.00439188557397409	0	0.041721590725296	0	0	0	0.537319500766314	0.843963725151806	X070135PAXGENEDAY360_L4.LB27
0.0693972336301897	0	0	0.103787507255679	0.0551503304207397	0.00538939345228491	0.0196240252893984	0	0.0402343365523383	0.0406001396595686	0.101476779560848	0	0.392376502910549	0.101143657271633	0.0486607371479934	0	0	0	0	0.0221593568487789	0	0	0	0.527178045801042	0.849710169492259	X07_0140D025uL07_0140_L4.LB11
0.040089392592572	0	0	0.080481111081025	0	0.0394276083081523	0.0310536429648548	0.00765976343906099	0.035971996385566	0.080212782773812	0.0510529613843873	0	0.401020273756901	0.0990397390537423	0.0526110554811576	0	0	0	0	0.0813796727787684	0	0	0	0.513722727989255	0.857223167838757	X070140PAXGENEDAY540_L6.LB14
0.0263820596387243	0	0	0.122148746873588	0	0.270211179611319	0	0	0.0531666145511905	0	0.122095761102057	0	0.286607410751154	0.0145253388221409	0.00235010797047506	0.0313941763616053	0	0	0	0.0481144440890119	0.0230041602287344	0	0	0.508649983613671	0.859935288644923	X070143PAXGENEDAY0_L4.LB6
0.037963071371162	0	0	0.183283567653061	0.0675249836159688	0.149480864230055	0	0	0.0663910880232482	0	0.111315538337365	0	0.310101099860682	0.0174714006830293	0.00086318041592978	0.0290484517741288	0	0	0	0.02655675403537	0	0	0	0.537193950115255	0.842728022794038	X070143PAXGENEDAY180_L5.LB7
0.0177633666980756	0	0	0.176191571480477	0.0160838285535213	0.126488302495025	0	0	0.0979404260439328	0	0.151627821494538	0	0.321716844401532	0.0222108269807763	0.00230079986601714	0.0143950690902705	0	0	0	0.0424725155957281	0.0108086273001075	0	0	0.501913121658696	0.864046932717023	X070143PAXGENEDAY360_L5.LB8
0.0162229668933668	0	0	0.23984975421358	0.00750634606169915	0.120218554723592	0	0	0.103199834897383	0	0.129506930859806	0	0.278660895762166	0.0261289542838249	0.00256345731887104	0.0314533219275597	0	0	0	0.0426495060977967	0.00203947696035425	0	0	0.464636067478215	0.886403398062964	X070143PAXGENEDAY540_L5.LB9
0.0270930585457881	0.0180579769951175	0	0.104436709947448	0.0572157580152208	0.149559600590897	0.00940193298312304	0	0.0420114181426423	0	0.120779868371909	0	0.335376994939552	0.0285443037246281	0	0	0	0	0	0.103387244707391	0.00413513303628256	0	0	0.497330166965784	0.86653730499281	X070157PAXGENEDAY0_L4.LB1
0.0494496756165871	0.000311306100539032	0	0.103354968060329	0.00254714383482714	0.194340983995365	0	0	0.0631365038938208	0	0.124265451971183	0	0.31325742441185	0.0583336233393107	0.0035884760776816	0	0	0	0	0.0759312429376863	0.0114831997608192	0	0	0.510083146378976	0.859553274993002	X070157PAXGENEDAY180_L4.LB2
0.0528679786096068	0.0295613007144141	0	0.0940168764454554	0.0409884851760307	0.192409529822775	0	0	0.0191540963623544	0	0.107641582030924	0	0.357924113462571	0.0361339466138964	0	0.00785337373275066	0	0	0	0.0550360777899786	0	0.00641263923924218	0	0.539225998148406	0.842780048678722	X070157PAXGENEDAY360_L4.LB3
0.0458233287303385	0.02742865604236	0	0.107566858229763	0.0385538843607838	0.158100267005678	0	0	0.0434074759608443	0	0.126828187142386	0	0.338306783392636	0.0185822346815714	0	0.0119399202304861	0	0.00646381488990163	0	0.0633587673638295	0.0136398219694219	0	0	0.542779399650567	0.840900717765153	X070157PAXGENEDAY540_L4.LB4
0.0284155160282551	0.00275716132432409	0	0.140711298460401	0.0389752923245692	0	0	0	0.0637831129108007	0.0294078879718857	0.159291547353101	0	0.333936899880486	0.0730929210315326	0.0495619670568062	0	0	0	0	0.0800663956578389	0	0	0	0.487722217987846	0.872047461906973	X07_0177D025uL07_0177_L4.LB12
0.0194354586521512	0.0504550429125329	0	0.187492834494334	0	0.193665761176015	0	0	0.0844691021168539	0	0.123426611144399	0	0.222598691950252	0.0202764884502002	0.00488519697678938	0.0091791747623525	0	0	0	0.0744645174088917	0.00965111995522901	0	0	0.501532636967854	0.864118320693095	X070177PAXGENEDAY180_L6.LB10
0.0449025948201843	0.0280636754629326	0	0.187778293358547	0.044973543945238	0.109557643192183	0	0	0.110473110741715	0	0.142148286312242	0	0.255741576417832	0.00793509693639243	0.0113131365138899	0.00316405272383861	0	0	0	0.0539489895750048	0	0	0	0.556086870965483	0.831360805030342	X070177PAXGENEDAY360_L6.LB11
0.0386890165142791	0.0512308425222753	0	0.198705442506913	0.092947882131674	0.081957216359957	0	0	0.133591120031386	0	0.132757740533674	0	0.193403378638114	0.0255666617933973	0.0113765752318685	0.0136362140747776	0	0	0	0.0261379096616848	0	0	0	0.524900466022029	0.850216880208674	X070177PAXGENEDAY540_L6.LB12
0.0681699524124445	0.0457226073562136	0	0.0986279309767647	0	0.293114359896953	0	0	0.0715484728249026	0.0175085025631147	0.112653773728654	0	0.232493303592346	0	0.0181821726689731	0	0	0	0	0.0419789239796336	0	0	0	0.524173790010361	0.850801258571273	X07_0180D030uL07_0180_L7.LB2
0.0553553778924664	0.0440171532511584	0	0.120671349957517	0.00323789262258546	0.283323559758167	0	0	0.0707096666521992	0.0281257038117494	0.108432153035027	0	0.214221924553793	0	0.0188700513627275	0.015965897286122	0	0	0	0.0370692698164877	0	0	0	0.552237269055112	0.833674527586735	X070180PAXGENEDAY180_L5.LB12
0.0713427825617806	0.0316084639271669	0	0.0899814789647249	0.0414705685325038	0.206173097593384	0	0	0.0889828193939395	0	0.142418975620501	0	0.266011063362108	0.0138402235450145	0.00863439161947811	0	0	0	0	0.0395361348793992	0	0	0	0.526795094652838	0.84950141566692	X070180PAXGENEDAY360_L6.LB13
0.00931526553018656	0.0338429937775447	0	0.127988078477001	0	0.241025903531283	0.0132325688329182	0	0.0680386340550447	0	0.111753137484392	0	0.288963338171441	0.0364511188764167	0.00489883991653926	0.00303473470929954	0	0	0	0.0602168823394576	0.00123850429847607	0	0	0.551126294195088	0.835260814913401	X070180PAXGENEDAY540_L6.LB14
0.0423081661596788	0	0	0.169262824079772	0	0.246153200273499	0	0	0.0135608693961724	0.016023471031269	0.0574276519351206	0	0.350986277870755	0.0572685586942065	0	0	0	0	0	0.0343347283439872	0.0126742522155397	0	0	0.576685457415033	0.819033833839381	X070200PAXGENEDAY0_L3.LB20
0.0306583207203893	0.01029488305819	0	0.143184842517805	0	0.261374538137551	0	0	0.0788344912417447	0	0.121254304422282	0	0.292143992583063	0.00946363899057372	0	0.00685231663407614	0	0	0	0.0459386716943253	0	0	0	0.499263003869032	0.865635250074519	X07_0208D030uL07_0208_L7.LB3
0.0321378782320399	0.0072284844747754	0	0.214545087173279	0	0.302795876475978	0	0	0.0461673690171025	0	0.0917625831915821	0	0.242067003407929	0	0	0.0183639867729528	0	0	0	0.0449317312543613	0	0	0	0.511248266106484	0.85899803621736	X070208PAXGENEDAY540_L7.LB19
0.0391798612880837	0	0.0490453817488018	0.0668759755275085	0.0265012498642877	0.137070299280996	0.0155195491662155	0	0.0447700196279773	0	0.0912538455601548	0	0.404847548169269	0.0751790917654729	0	0	0	0.000705442866650341	0	0.0385989266032126	0.0104528085313696	0	0	0.557523103016953	0.833535148170623	X07_0218D020uL07_0218_L1.LB2
0.0227916321368041	0.0262308233122472	0.0126536714268369	0.188325376404117	0.0943882349988774	0.22911025003239	0	0	0.0442211436372784	0	0.0733256641945108	0	0.239897200789173	0.0165530345462884	0	0.015034469055814	0	0	0	0.0374684994656633	0	0	0	0.541193690959983	0.840030505096174	X070218PAXGENEDAY180_L4.LB27
0.0421911936561844	0	0	0.259109336915477	0.0611021163738537	0.184186434846808	0	0	0.0640630282012175	0	0.065676878805937	0	0.27149279677787	0.0232501359319965	0	0.00860049491838765	0	0	0	0.0203275835722682	0	0	0	0.590752801488807	0.80744394287487	X070218PAXGENEDAY360_L4.LB1
0.00287643125779415	0.0153633958815663	0	0.144106424799491	0.0355865986071554	0.11070352627866	0.00631389194383206	0	0.0460678282409043	0	0.128960127838262	0	0.350475084953191	0.085285326274398	0.00517469988693508	0.01027681088632	0	0	0	0.0527293701230693	0.00608048302842098	0	0	0.470486895275821	0.881581676715351	X070218PAXGENEDAY540_L4.LB2
0	0.0235076790737088	0	0.318066641525124	0	0.20810732119318	0	0	0.0535813188235618	0	0.0678874229370433	0	0.240567126758292	0.0293091369981368	0.00892563925213647	0	0	0	0	0.0481727360706016	0.00187497736821467	0	0	0.546230608085251	0.836672979999945	X070229PAXGENEDAY0_L7.LB16
0.0231111204878235	0.0262653427542156	0	0.346675239058973	0	0.154562777315687	0	0	0.0788069157375466	0	0.0577135448593895	0	0.235141767312226	0.0158027782847653	0.00116186303511657	0.0151758422341766	0	0	0	0.0455828089200807	0	0	0	0.560815714033127	0.827151350733432	X070229PAXGENEDAY180_L7.LB18
0.0127536776808899	0.000545906485697854	0.000121110196613542	0.211306304284548	0	0.181395261525307	0	0	0.04715709891652	0	0.115886560064773	0	0.299190060089272	0.046568310621045	0.00628881876097819	0	0	0	0	0.0685963318225208	0.0101905595518349	0	0	0.518375704267977	0.854146966810053	X070229PAXGENEDAY360_L7.LB19
0.0337241446737298	0.00303333703031596	0	0.283950447251959	0	0.236268307892165	0	0	0.0262267637548907	0	0.0801555883476614	0	0.246493372250589	0.0131934002874083	0.00118285494527961	0	0	0	0	0.0520655479615739	0.0237062356044273	0	0	0.526721166876479	0.849174559985033	X070229PAXGENEDAY540_L7.LB20
0.058320369907093	0.00905731102365882	0	0.326833338736378	0	0.133420745106462	0	0	0.0718780766687785	0	0.111226316935254	0	0.220502512316139	0	0	0.0119388771203067	0	0	0	0.0464345619505079	0.0103878902354219	0	0	0.551652273566348	0.833314437510282	X07_0236D030uL07_0236_L7.LB1
0.0368566384962562	0	0.00459044005873341	0.215223252450995	0.0323883339331831	0.0766534309739897	0	0	0.145916772437103	0	0.0966671347438676	0	0.302584034116303	0.0402324678373625	0.0309894237742762	0	0	0	0	0.0178980711779311	0	0	0	0.57316586620668	0.821278657892399	X070257PAXGENEDAY0_L8.LB13
0.0292467362318315	0	0	0.105797746522959	0	0.175135365585782	0	0	0.0612733560015316	0	0.107746492361725	0	0.443470066385283	0.0155177071464229	0.00315365730442418	0.0344053129297457	0	0	0	0.0242535595302949	0	0	0	0.606263116500557	0.799136492551757	X070257PAXGENEDAY180_L6.LB14
0.00876073874860928	0	0	0.193987937083257	0	0.106394654352013	0	0.000203679044130747	0.060358094555231	0	0.106771567637996	0	0.453413041584444	0.00182342693256561	0.000250379932227736	0.0156263578625779	0	0	0	0.0524101222669481	0	0	0	0.63573560941038	0.777352292712806	X070257PAXGENEDAY360_L6.LB15
0.0295408299871547	0.0325119903901478	0	0.136403322515268	0.0398794121278134	0.205770194805109	0	0	0.0907891625748981	0	0.0917260460077053	0	0.28515952652834	0.00907399325257166	0.0015889307516504	0.029999050464508	0	0	0	0.0475575405948343	0	0	0	0.571314851604539	0.82306176013814	X070259PAXGENEDAY0_L3.LB25
0.0145475541413513	0.0338036869090831	0	0.172688940417668	0.0131065878939644	0.192132859339144	0	0	0.0949765080745381	0	0.115811752750742	0	0.268491457370442	0	0.00708559029477975	0.0441876428267139	0	0	0	0.0431674199815731	0	0	0	0.555270493508707	0.83208049917815	X070259PAXGENEDAY180_L3.LB27
0.0272033112574528	0.0162622681712674	0	0.112090837154345	0.0179746944060499	0.211313776343537	0	0	0.0666436274280817	0	0.103153034129426	0	0.34042706324117	0.0463556377458306	0.000773887271764167	0	0	0	0	0.0578018628510748	0	0	0	0.536086070820861	0.844195972783541	X070259PAXGENEDAY360_L3.LB1
0.0154353478252994	0	0.00242714572304294	0	0.0649152981538796	0.00119146157842498	0	0	0.0814443934914128	0.0583104237600504	0.0881873649370052	0	0.504809337552216	0.0580826735004782	0.051713934299786	0	0	0	0	0.0734826191784046	0	0	0	0.597011817189008	0.803820088174269	X070259PAXGENEDAY540_L4.LB2
0.0138060601732043	0	0.00402236178509443	0.150444992033929	0	0.167776849280135	0	0	0.0925103091187375	0	0.121267952245782	0.00815961766863448	0.348193906242483	0.0447762719785881	0.00296404910883903	0.0107300960092771	0	0	0	0.0353475343552961	0	0	0	0.535541535112737	0.843845055871041	X07_0282D025uL07_0282_L5.LB1
0.0121975044018729	0.00117436231329423	0	0.143380999179328	0	0.180382363775164	0	0	0.0639260963853122	0	0.17482951279066	0	0.331643842784212	0.0246966501822236	0.0030093544126157	0.0289116071866461	0	0	0	0.0358477065886707	0	0	0	0.574269367179104	0.819334840466854	X070282PAXGENEDAY180_L7.LB23
0.0125529466721569	0	0	0.130835859852211	0	0.165345662502602	0	0	0.0514009082275909	0	0.159873788533667	0	0.392979605076546	0.0241563846320741	0.00377107064362068	0.00331943210036116	0	0	0	0.0557643417591699	0	0	0	0.577756901994859	0.817021922606968	X070282PAXGENEDAY360_L7.LB25
0.0121592372431133	0.00356899126015122	0	0.206434976912451	0	0.191644631231701	0	0	0.0543489309685752	0	0.156223550840656	0.00535771722607241	0.274485979184623	0.00787627953981005	0.000919343070781046	0.0420621764552087	0	0	0	0.0449181860668564	0	0	0	0.575794816134631	0.817748059088064	X070282PAXGENEDAY540_L7.LB27
0.031346765082781	0	0	0.168080016787283	0.0176259496244213	0.237569687195565	0	0	0.062723097519847	0	0.126187174647082	0	0.290995186906693	0.00649661962297811	0.0112544299956997	0	0	0	0	0.0477210726176497	0	0	0	0.549467378843199	0.83486594887463	X07_0290D025uL07_0290_L4.LB10
0.0792591318594509	0	0.0228897589289716	0.169305572191355	0	0.196628576991096	0	0	0.0354179130705276	0	0.0821027319014323	0	0.317365590288034	0.052660657385939	0	0.00517514600403266	0	0	0	0.0391949213791607	0	0	0	0.520123683369648	0.853843202566113	X070293PAXGENEDAY0_L1.LB9
0.0396629127590969	0.0285838360937362	0	0.113984900330412	0	0.158061251256664	0	0	0.0806795767771951	0	0.146500497764418	0	0.367045879799879	0.0157127271904992	0.0023663875893726	0.00687734142895048	0	0	0	0.0405246890097761	0	0	0	0.425696102193903	0.907108933924345	X070293PAXGENEDAY180_L1.LB10
0.0395031561375038	0.0172630569806033	0	0.152450994782232	0	0.164922071629284	0	0	0.054163510789544	0	0.134643618107522	0	0.3266137223055	0.0239897474796574	0.000984130452025872	0.0335348871042647	0	0	0	0.051931104231864	0	0	0	0.506611340799158	0.861184034099914	X070293PAXGENEDAY360_L2.LB11
0.0772981483013721	0	0	0.145189130742421	0.0186879330096632	0.232795642187952	0	0	0.0536524741712458	0	0.0931651420444415	0	0.312998085495785	0.0183988547343677	0	0.0185843814944474	0	0	0	0.0292302078183035	0	0	0	0.564779989350033	0.826552309398619	X070293PAXGENEDAY540_L2.LB12
0.0420494814412673	0.0375378815042101	0	0.175924377850223	0	0.143029775903667	0	0	0.0393410139040266	0	0.122943384614372	0	0.291140976951992	0.0805739689119725	0	0.00361558445236502	0	0	0	0.0600650333784716	0.00377852108743312	0	0	0.548286194268118	0.837888353939776	X070308PAXGENEDAY0_L3.LB16
0.0256433096028279	0.0554871564290187	0	0.103852538695345	0	0.193864223569457	0	0	0.0290392444295071	0	0.112190326156969	0	0.364985851888184	0.062265060759903	0.00319484868376976	0	0	0	0	0.0346510477672934	0.0148263920177249	0	0	0.551357914147878	0.836003947765649	X070308PAXGENEDAY540_L6.LB12
0.0954036571191841	0.0388335157760978	0	0.0909144901301449	0	0.17845518865477	0	0.0115455912939923	0.059373015536367	0.0304343235394007	0.111217778159696	0	0.24438996782905	0.0149161129651042	0.000937644006449363	0.0248378450226016	0	0	0	0.098740869967142	0	0	0	0.538600416593216	0.844180997696084	X07_0355D025uL07_0355_L5.LB2
0.0753952983791838	0	0	0.159122998043738	0	0.16144709557364	0	0	0.122619011804328	0	0.164671235052735	0	0.222831461567773	0.00784368109820718	0.0125187165529435	0.0205523626307219	0	0	0	0.0529981392967286	0	0	0	0.507003686947953	0.861068648165757	X070355PAXGENEDAY180_L7.LB20
0.0346928849028315	0	0	0.316157023693765	0	0.15334692403843	0	0	0.107599415040174	0	0.11669286606199	0	0.188555939870934	0.00714807618867735	0.0314866821886415	0	0.00927103568581499	0	0	0.035049152328741	0	0	0	0.515652991185975	0.857335822151501	X070355PAXGENEDAY360_L7.LB21
0.0801115435523591	0	0	0.140979447497683	0.0395984494779951	0	0.0095009508515931	0	0.0789862128655732	0	0.18459410663519	0	0.270509669289545	0.0836981701107667	0.0415960733849643	0	0	0	0	0.0704253763343309	0	0	0	0.487242130280379	0.872343537713899	X070355PAXGENEDAY540_L7.LB22
0.0437824188748283	0.0175312146158402	0	0.240881308294875	0	0.191839156989216	0	0	0.0579194629223186	0	0.0948690155321662	0	0.274204844258831	0.0301099436267015	0.0060799308149422	0.00626726897418907	0	0	0	0.0334669175709827	0.00304851752510858	0	0	0.557601960320308	0.830100606496755	X070360PAXGENEDAY0_L2.LB15
0.0412460086013471	0.0277998360863567	0	0.17899753781186	0	0.207186960295144	0	0	0.0357088235777598	0.00332300362952376	0.0777567247347989	0	0.330119339688219	0.0104966227624124	0.0088318870388516	0.0310256530910083	0	0.000244710775650687	0	0.0429274178208593	0.00433547408620886	0	0	0.553024941070153	0.834141871465018	X070360PAXGENEDAY180_L5.LB10
0.0517357303112351	0	0	0.271777651357073	0	0.142157230255684	0	8.79097508268656e-05	0.0257845660258329	0.00166004605371221	0.0811759966900397	0	0.318413747336043	0.0419314706170983	0.00278950664205995	0	0	0	0	0.0484939107567171	0.0139922342036771	0	0	0.596604804861369	0.806191099746944	X070360PAXGENEDAY360_L2.LB18
0.0333483897064599	0.0120581320071056	0	0.244520442520911	0	0.0763023236690211	0	0	0.0573411479130164	0	0.0825792467738544	0	0.413958570751617	0.0291232681340185	0.000655288116468794	0.00500781695973859	0	0	0	0.0391821959776798	0.00592317747010796	0	0	0.554941115957975	0.831688322396732	X070360PAXGENEDAY540_L2.LB19
0.041824179646852	0	0	0.243580323568256	0.0264341494631405	0	0	0	0.153766858249562	0	0.175355445903224	0	0.227232319131379	0.0594578682909631	0.0413057512801906	0	0	0	0	0.0310431044664335	0	0	0	0.534834376982436	0.844353554861256	X070361PAXGENEDAY0_L2.LB14
0.0337014349001902	0.00179002354875541	0	0.347146036988104	0.0019289577671038	0.119733468419674	0	0	0.0800338119539532	0	0.0812389991077066	0	0.257310589782487	0.023752861774328	0.00278567683394471	0.0187047237099108	0	0	0	0.0318734152138427	0	0	0	0.551730866924733	0.833160469952648	X070361PAXGENEDAY180_L2.LB15
0.0338559308852084	0.038666602305176	0	0.195080570122	0	0.196222302488204	0	0	0.0692303814023734	0	0.116292338396103	0	0.289190502598377	0.0124866811131022	0.00786703847765293	0	0	0.00383040289728849	0	0.0372772493145159	0	0	0	0.520589154438765	0.852840275407436	X070361PAXGENEDAY360_L2.LB16
0.114294676625658	0.00508439206818939	0	0.173000890650282	0.00729232122403539	0.193977161514796	0	0	0.082520762285303	0	0.0962314840204293	0	0.260420201130816	0.00586970777018765	0.00693239988057411	0	0	0	0	0.0543760028297293	0	0	0	0.527591921586009	0.848939199476596	X07_0369D025uL07_0369_L4.LB7
0.0716649743482864	0.0332971388767267	0	0.109017129017574	0.139840908804102	0.254153678073809	0.000115170377040074	0	0.0618147960560417	0	0.0747439476947381	0	0.198283500316122	0.0179400008830618	0.00655212359610305	0	0	0	0	0.0290448014536882	0.00353183050270713	0	0	0.548017593822925	0.835751313604103	X070369PAXGENEDAY180_L7.LB23
0.0559674309827225	0.0171024342274708	0	0.0816081809534649	0.0375980870868615	0.11190692316843	0.01562103000615	0	0.0276945130941229	0	0.0970635032593112	0	0.43355180171048	0.0379405418690233	0.000714123974155809	0.00940167772547158	0	0	0	0.0364783093071042	0.0373514426352314	0	0	0.516927439743187	0.855299630981864	X070369PAXGENEDAY360_L8.LB25
0.0934852190096897	0.00652546357923935	0	0.199047710198928	0	0.205729297776534	0	0	0.107988394399685	0	0.095140019622895	0	0.216333023884842	0	0	0.0071089278394404	0	0	0	0.0604980309195397	0.00814391276920657	0	0	0.542505078524481	0.839522381945059	X070369PAXGENEDAY540_L8.LB27
0.0346132782098043	0.00762823490432637	0	0.163861006574129	0.0122867637191546	0.0269481011459141	0	0	0.0870145240072641	0	0.164124481862497	0	0.315991775758471	0.0908332571700421	0.0530423122880993	0	0	0	0	0.0436562643602979	0	0	0	0.540269196765063	0.842198690760991	X07_0386D030uL07_0386_L8.LB10
0.0135275579301993	0	0.00176913906760435	0.220544062713996	0.000920175412359328	0.273765215592406	0	0	0.0548067822859822	0	0.106753417475061	0	0.232686591269472	0.0285142701530081	0.00128035705863814	0.00121736493571635	0	0	0	0.0508685755127741	0.013346490592783	0	0	0.524379864130566	0.850620425145285	X070386PAXGENEDAY360_L5.LB10
0.0124594472603727	0.0228080032578325	0.00020127742815096	0.122844927262135	0.101283659378942	0.279979961476945	0	0	0.0107276232452847	0	0.101361732799816	0	0.237581601314944	0.0297783426412656	0	0	0	0	0	0.0632806509615012	0.0176927729728104	0	0	0.487002877254596	0.872746380505921	X070386PAXGENEDAY540_L5.LB11
0.046106876412405	0.00736269612955577	0	0.227099570976125	0	0.217329163184516	0	0	0.0553600564797299	0	0.0867300029904478	0	0.273358734394209	0.0306127869126343	0	0.0144487484417483	0	0	0	0.0415913640786294	0	0	0	0.573400575555535	0.8202671456262	X070390PAXGENEDAY360_L7.LB22
0.0101022005877404	0.0350485830867438	0	0.427298506684194	0	0.0151997643975344	0	0	0.0687739894819987	0.0406832043705043	0.0430872238387864	0	0.27822568163971	0.00110370301708732	0.00271201448682504	0.0184063714289015	0	0	0	0.0593587569799741	0	0	0	0.596629141865107	0.802921853968493	X070390PAXGENEDAY540_L8.LB23
0	0.00647557824631723	0	0.152365113799544	0	0.0847518818466529	0	0	0.0997163289188369	0	0.134702236415638	0	0.405516938055444	0.0590975390380904	0.00347682742564127	0.0067088102362941	0	0	0	0.0414595817429447	0.0057291642745973	0	0	0.550024176437624	0.834881574166664	X070390PAXGENEIC_L8.LB25
0.0511751938467081	0.0181374138252642	0	0.239545739845289	0	0.295284214006087	0	0	0.0497386641639417	0	0.0750081111354679	0	0.173229280639218	0.0334345959748986	0.00185387932215435	0.0166441413133348	0	0	0	0.0459487659276367	0	0	0	0.507644865082055	0.861135261450805	X070391PAXGENEDAY180_L3.LB23
0.0619647854584372	0.0122378820602342	0	0.227122384955255	0.0640619790595105	0.0427865705572011	0	0	0.0880501518949047	0	0.163519010704647	0	0.176385005524476	0.0389607965825545	0.00941914078371785	0.0503164564398883	0	0	0	0.0651758359791744	0	0	0	0.516893605992768	0.855211768462453	X070391PAXGENEDAY540_L3.LB25
0.0226581792383421	0.00142960531206805	0	0.309843495320424	0	0.158636418527925	0	0	0.0807898864272771	0	0.119839488269068	0	0.264226325624824	0.00523171180290803	0.0065153495416164	0.00430105508452519	0	0	0	0.0265284848510214	0	0	0	0.546294190079706	0.836959592997689	X070392PAXGENEDAY0_L8.LB1
0.0364500947260463	0.00149642836046944	0	0.21710224621113	0.0751729318974222	0	0	0	0.100935482371568	0	0.130751620038205	0	0.317935698135007	0.0513807824814818	0.0439191733358159	0	0	0	0	0.0248555424428539	0	0	0	0.534539459147879	0.844884400956285	X070392PAXGENEDAY180_L8.LB2
0.025122831161675	0	0	0.262954430879648	0	0.107046797133941	0	0	0.114197941877827	0	0.159110967426798	0	0.257695706998513	0	0.00861777805045162	0.0146808825345164	0	0	0	0.0505726639366293	0	0	0	0.504487921858843	0.863670070405194	X070392PAXGENEDAY360_L8.LB3
0.00332107243070411	0.00467035532543715	0	0.33174349032174	0	0.059641351572217	0	0.00709749215880507	0.0751634427792892	0	0.148330200750589	0	0.28949139631436	0.00989153042904495	0.00673086079290226	0	0	0	0	0.0639188071249112	0	0	0	0.5324764891208	0.846068209145421	X070392PAXGENEDAY540_L1.LB4
0.0225244483849437	0.0118860922837165	0	0.145686626052118	0	0.177223442947933	0.0161066833932366	0	0.0456329276392121	0	0.104455834230917	0	0.324473851148745	0.055368440108338	0.00346361661842762	0	0	0	0	0.068634002035989	0	0.0245440351564248	0	0.500951234505395	0.864472418182775	X070414PAXGENEDAY180_L1.LB5
0.0205738815238781	0.0328827013043902	0	0.119358375913124	0.016499334053821	0.220392560930729	0	0	0.0646255079107916	0	0.127569555449859	0	0.257759410373124	0.0657826561102118	0	0	0	0	0	0.0705832889256683	0	0.00397272750440264	0	0.422986554974046	0.907367242729947	X070414PAXGENEDAY360_L1.LB6
0.0645281945602308	0.00468546441457937	0	0.166966537574112	0.120980440536961	0.172174888774438	0.00328771256027598	0	0.0885378270176373	0	0.0748602375452403	0	0.242623439460012	0.014449701318593	0.00602093563745588	0	0	0	0	0.0408846206004644	0	0	0	0.574044400030081	0.819572498432117	X070414PAXGENEDAY540_L1.LB7
0	0.03860103713972	0	0.0858486501064845	0.0827817038421574	0.219545905095738	0.0353421702358599	0	0.0773531556947327	0	0.0869633756122632	0	0.290177227142369	0.0257290688927347	0.007233056544261	0	0	0	0	0.0330179906760141	0.0174066590176658	0	0	0.492061016523505	0.869498275122902	X070414PAXGENEIC_L8.LB8
0.0626458592366532	0.00031737497768889	0	0.163403408728633	0	0.228408081695998	0	0	0.0868715171428602	0	0.145996124512287	0	0.238221066665362	0.0113652942149017	0.00140451193750846	0.00490394574263339	0	0	0	0.056462815145475	0	0	0	0.520116923951821	0.853142314615351	X07_0424D020uL07_0424_L1.LB3
0.0399645299243914	0.0228775314754905	0	0.0947201436292232	0	0.142539002888763	0	0.00523449177383761	0.11196941234133	0	0.131583035500725	0	0.295593702209445	0.0776394337996402	0.00395556158872931	0	0	0	0	0.0739231548684246	0	0	0	0.538765296254496	0.843968824500853	X07_0425D020uL07_0425_L3.LB1
0.0144477385020289	0.0214445185084822	0	0.119770106280076	0	0.236895770870036	0	0	0.085662180998427	0	0.0775971654880163	0	0.38923440278492	0.0144094252512524	0.00335433138174795	0	0	0	0	0.0371843599350135	0	0	0	0.575703830688759	0.819013630695375	X070425PAXGENEDAY180_L2.LB13
0.0170713012673387	0.00627110363592136	0	0.155321204475873	0.065205639653247	0.147510608265935	0	0	0.0540312643759439	0	0.103557891027872	0	0.376662292517583	0.0136900336455533	0.00585730490916707	0.00153137908698813	0	0	0	0.0532899771385774	0	0	0	0.574342211400592	0.819799584399517	X070425PAXGENEDAY360IC_L2.LB14
0.0389205547449976	0	0	0.11319217647731	0.0642171745753244	0.117686624794488	0	0	0.0925480680022897	0	0.104374787756644	0	0.364287679235666	0.0481710696581888	0.0076429670375509	0.00126945261280456	0	0	0	0.0476894451047352	0	0	0	0.557945510802056	0.83143361230927	X070425PAXGENEDAY540_L2.LB15
0.044857936711148	0	0	0.146410913536687	0	0.326330493123803	0	0	0.0645193058129491	0	0.0833228810549118	0	0.252412905760915	0.00923713284785757	0.00614495007783824	0	0	0	0	0.0483479195903584	0.0184155614835321	0	0	0.528949211196266	0.847653162034172	X070438PAXGENEDAY0_L4.LB3
0.0393674606316207	0	0	0.224680661626087	0.0183964472862297	0.0764989628694259	0	0	0.0867436160043069	0	0.135975604474253	0	0.283905291555623	0.0213306756291207	0.03966410610003	0	0	0	0	0.0734371738233021	0	0	0	0.526258005801314	0.849710213164213	X070438PAXGENEDAY540_L8.LB27
0.0302076122262625	0.0558479041983718	0	0.141036869933416	0	0.28561881932595	0	0	0.0630670813092951	0	0.110137430219711	0	0.26227589369424	0.0147061640646444	0.00194823184168537	0	0	0	0	0.0351539931864235	0	0	0	0.546959559696644	0.836792412788527	X07_0440D020uL07_0440_L1.LB4
0.0752138568651382	0.0281083161393479	0	0.196819774818751	0.00877106367291608	0.164689606391467	0	0.0822857794303118	0.130839038413354	0	0.0511179907414887	0.00171211663624624	0.207355293561387	0.00154570263556666	0.00654614351194057	0	0	0	0	0.044995317182085	0	0	0	0.563761076642603	0.825814290424809	X070440PAXGENEDAY540_L4.LB16
0.0166165938399463	0.0166310085367173	0	0.125748501734001	0	0.204302367881346	0	0	0.0815815652231839	0	0.100071750757012	0	0.360809600283483	0.0565547860264493	0.00367373034279996	0	0	0	0	0.0340100953750614	0	0	0	0.525062085887738	0.850356106601654	X070630PAXGENEDAY180_L3.LB20
0.0192963898988395	0.0597031112007728	0	0.143393530541183	0	0.234849554137183	0	0	0.0369799058483584	0	0.066669059217332	0	0.309438317149744	0.0798686045832314	8.02290032825878e-05	0	0	0	0	0.0448226385470245	0.00489865987304861	0	0	0.512330925733726	0.858342379520355	X070630PAXGENEDAY360_L3.LB21
0.0240414391938182	0.0116908633031575	0.000245727419987428	0	0.00987027452367845	0.149432228756895	0.0254636529736601	0	0.0165095357588169	0.102669592644895	0.0931174887455281	0	0.425491346014138	0.038669337712478	0.0296665347597543	0	0	0	0	0.0731319781931934	0	0	0	0.619461225617535	0.791620876687369	X070630PAXGENEDAY540_L8.LB22
0.0269667558525365	0	0	0.261984190749584	0	0.172226729491686	0	0	0.102695892904254	0	0.10887510014625	0	0.258196225414945	0.0149431038341597	0.00829512348340835	0	0	0	0	0.0458168781231753	0	0	0	0.555832599789346	0.83052274153535	X070663PAXGENEDAY180_L1.LB10
0.0368713505545132	0	0	0.152655397193903	0.0821039093960405	0	0.0155740109833761	0	0.116911244622435	0	0.12893363368193	0	0.324225810113656	0.071547636015441	0.0547654619081542	0	0	0	0	0.00694536334493089	0.009466182185619	0	0	0.514345633504569	0.857128332177105	X070663PAXGENEDAY360_L2.LB11
0.0179966462192124	0.00929553535924178	0	0.258305791709964	0	0.213106338590602	0	0	0.074092677165018	0	0.114668944210577	0.00373963814084995	0.227891689488757	0.0351071999171257	0.00372146893822856	0.0112429838244762	0	0	0	0.0308310864359469	0	0	0	0.554099990325172	0.831559453207883	X070663PAXGENEDAY540_L2.LB12
0.0509282350156869	0	0	0.269513029372818	0.113946484619442	0	0	0	0.110756526096388	0	0.111863148456507	0	0.23053247200556	0.0646165524175056	0.0354689039564944	0	0	0	0	0.0123746480595987	0	0	0	0.522465801005988	0.851771840704238	X070663PAXGENEIC_L6.LB16
0.0157431772439737	0.0159703765270026	0	0.160470453828743	0	0.157512110403797	0	0	0.0569934736281932	0	0.150429909819304	0	0.319158004143292	0.0331408287654336	0.00131249933362729	0	0	0	0	0.0756311293752586	0.0136380369313751	0	0	0.529435080410143	0.847664785853449	X070692PAXGENEDAY180_L5.LB14
0.0164558870571774	0.00688221922987875	0	0.185246850461582	0	0.176513126328095	0	0	0.101574098737183	0	0.129021280000039	0	0.273576432405667	0.0465214373793136	0	0.026421586334902	0	0	0	0.0377870820661634	0	0	0	0.549390262725301	0.835393987989226	X070692PAXGENEDAY360_L7.LB20
0	0.0189160125571874	0	0.274676082270363	0	0.236140471137126	0	0.00350645399049812	0.0650796352696997	0.124405892294828	0	9.438627394793e-05	0.225455781345108	8.83318865571153e-05	0.00719586319549763	0.00854720899558817	0	0	0	0.0358938807835993	0	0	0	0.581693152977445	0.812552296592931	X070692PAXGENEIC_L7.LB21
0.0998222474969395	0.015262697292765	0	0.181316894571165	0.0213433468257956	0.209218386510073	0	0	0.0770572722106886	0	0.0402205361293127	0	0.27062366650478	0.0126276601527633	0.0148398934369409	0	0	0	0	0.0420743465176231	0.0155930523511529	0	0	0.552753634370902	0.83438868071637	X071003PAXGENEDAY180_L5.LB12
0.0753469228741585	0	0	0.27376849324425	0.0161005479216689	0.0230195956442342	0	0.0202103014535538	0.130570798255443	0.0480259771287908	0.034370618082721	0	0.262314790920632	0.00101815240096588	0.0447788659361733	0	0	0	0	0.0685366619591509	0.00193827417825714	0	0	0.507257789439226	0.860952337088988	X071003PAXGENEDAY360_L4.LB4
0.0673134824022266	0.00946189748976703	0	0.178241067753355	0	0.102700009057853	0	0.0177582985279682	0.10260170315235	0.00369440207073834	0.0858750561575296	0	0.318319257482143	0	0.0204556011174341	0	0	0	0	0.0805316508196338	0.0130475739690022	0	0	0.552049559056503	0.835462257647726	X071003PAXGENEDAY540_L4.LB5
0.0305625652620959	0.0493347817892486	0	0.102960734113959	0.0109740374459652	0.288676972341247	0	0	0.0526682759403399	0	0.10198989583285	0	0.293432766068116	0.00152113188940207	0.0141627927481866	0.00421298714661156	0	0	0	0.0495030594219784	0	0	0	0.535334756578242	0.844383409838434	X071104PAXGENEDAY180_L3.LB20
0	0.0384091253340631	0	0.0397993427116825	0.125892994783672	0.0752130986990398	0.00598989609824928	0	0.056390176310388	0.0307194957175085	0.150744568569893	0	0.311267078866487	0.0350197431817604	0.00593589361806919	0.0109071871350689	0	0.00321069691865155	0	0.0807872651812565	0.0297134368742096	0	0	0.39689096821891	0.920331868456141	X071104PAXGENEDAY540_L3.LB21
0.0771776111013843	0.0553861419653621	0	0.183289058480371	0	0.164688964611427	0	0	0.084988285199594	0	0.121792353787185	0	0.198652802992479	0.0340895737533814	0.00676925372787556	0.0140382388106918	0	0	0	0.0591277155702491	0	0	0	0.497142426081612	0.866690250858969	X071112PAXGENEDAY0_L6.LB14
0	0.0580528498236654	0	0	0	0.0827696249976777	0	0	0.0717007927725173	0.0642165222128678	0.0608219254542088	0	0.504357103118189	0.0237065819267067	0.0299787753917643	0	0	0	0	0.104395824302403	0	0	0	0.446124770731888	0.897605109026061	X071112PAXGENEDAY180_L5.LB13
0.0462895506559754	0.0508506445001644	0	0.0881205008156405	0	0.282156365353017	0.0128506354897552	0	0.0198864889930906	0.00689359059863218	0.0897588206224804	0	0.276906763959872	0.018382888900509	0	0	0	0	0	0.0975581983285914	0.0103455517822726	0	0	0.46424157282436	0.884687804563247	X071112PAXGENEDAY360_L6.LB16
0.0552892472169294	0.0129122443605764	0	0.127043663076622	0	0.234754415134135	0	0	0.0671925910848129	0	0.11975729168405	0	0.250575900466029	0.044522846807549	0.00146806888997423	0	0	0	0	0.0826935385286841	0.0037901927506379	0	0	0.428273404250411	0.904558952364907	X071112PAXGENEDAY540_L7.LB18
0.057383966190446	0	0	0.173521320941859	0.0564343960963444	0.0258177854164619	0	0	0.127192226523483	0	0.129703183817061	0	0.342401158030105	0.0584179706475041	0.0291279923367364	0	0	0	0	0	0	0	0	0.563918531271901	0.827372832148663	X071115PAXGENEDAY0_L6.LB21
0.0404494414819519	0.00354619474661678	0	0	0.0395420882055895	0.157848252961482	0.0393454718019181	0	0.063119467938211	0.0861894276443731	0.108415677007107	0	0.330396885828725	0.057623785526382	0.0463771077389779	0	0	0	0	0.0237805735124192	0.00336562560624737	0	0	0.538969212526124	0.843335124730692	X071115PAXGENEDAY540_L5.LB6
0.0798170489799346	0	0	0.288699735583608	0.0292114381430296	0	0.00498382984735134	0	0.154710698394586	0	0.104290527480135	0	0.283204708740166	0	0.0150227394673562	0	0	0	0	0.0400592733638338	0	0	0	0.582431795809764	0.814353117984843	X071132PAXGENEDAY0_L5.LB8
0.101599149102488	0.0335147863933136	0	0.281061392790438	0	0.255848277821998	0	0	0.0812988954615908	0	0.0683231733472929	0.00707946612744771	0.135044352976705	0.000518430020921495	0.00113117700654569	0.0159481443875167	0	0	0	0.0186327545637411	0	0	0	0.538538930761676	0.842401863697942	X071132PAXGENEDAY180_L5.LB9
0.112362788710126	0.0292785734757661	0	0.250809091628202	0.00282876633591976	0.245105443531025	0	0	0.108782680453071	0	0.029677159522823	0	0.186524830463196	0.00538428930116106	0.00440257227966588	0.000204578463474235	0	0	0	0.0246392258355708	0	0	0	0.594590374944026	0.804567145371384	X071132PAXGENEDAY360_L5.LB10
0.0756753052538822	0.0225623921340204	0	0.237143623936785	0.148145916143888	0.115013581400227	0	0.00558426999489629	0.115553386077851	0	0.0492202503025292	0	0.172097909178806	0.00572281196926619	0.00474351753627303	0	0	0	0	0.0485370360715755	0	0	0	0.600794468320994	0.800254388789772	X071132PAXGENEDAY540_L6.LB11
0.0657365963189571	0.000962028217086738	0	0.233614442491081	0	0.2262582243771	0	0.00673354309159116	0.107090023251265	0.0548579139488637	0.0575657187157085	0	0.188000466748932	0	0	0	0	0	0	0.0591810428394158	0	0	0	0.51286721451442	0.858625757287315	X071135PAXGENEDAY0_L7.LB22
0.0394939361773646	0.00286915405143853	0	0.210642693716964	0	0.179967673273229	0	0	0.163985799473782	0	0.0902584565202663	0	0.24918070833429	0	0.000950996745503167	0	0	0	0	0.0598788872026476	0.00277169450451548	0	0	0.533003173025966	0.845131995664593	X071135PAXGENEDAY180_L7.LB23
0.0207353257145591	0.0201644969856145	0	0.156870046529325	0	0.177321947622136	0	0	0.105682107424072	0	0.0959209515119524	0	0.34256288625921	0	4.72241571458638e-06	0	0	0	0	0.0721288997970643	0.0086086157403522	0	0	0.514605252197802	0.856407044243499	X071135PAXGENEDAY360_L8.LB25
0.00481607869791979	0.0230388572753219	0	0.165969181264435	0.0679855503736619	0.211900356628258	0	0.0279115737368816	0.063669782751616	0.0074608289416471	0.0769694986977443	0	0.287918430867318	0	0	0.0168055428062239	0	0	0	0.0410114430733625	0.00454287488560992	0	0	0.565170163315993	0.824878082905836	X071135PAXGENEDAY540_L8.LB27
0.0855329526796267	0.0109589175209273	0	0.146693056593337	0	0.350262588672473	0.0124546573904022	0	0.0150336267854249	0	0.0850698447360429	0	0.199930168496839	0.022147200472127	0.00368544332587616	0.00166149534488071	0	0	0	0.0513841896402864	0.0151858583417564	0	0	0.522196899784915	0.851836837257119	X071147PAXGENEDAY0_L8.LB1
0.0895033528178376	0	0	0.186927429534468	0.0254444974072526	0.184716372806773	0	0	0.0522634176512107	0	0.133717808508061	0	0.222581548735993	0.0245138647753573	0.0070954790797693	0.00158155743965736	0	0	0	0.07165467124362	0	0	0	0.538148834200148	0.842447083771757	X071147PAXGENEDAY540_L5.LB4
0.0230157278061038	0.0209742923377616	0	0.14737010863219	0	0.228385495260674	0	0	0.11564346288399	0	0.115122381740634	0	0.278752408178166	0.000108225954398537	0.00763080942181294	0.0284212406083876	0	0	0	0.0345758471758825	0	0	0	0.569104127383752	0.823112451790532	X07_1153D030uL07_1153_L8.LB11
0.033415868798089	0.00972671459207268	0	0.0501039549830316	0.0166578193532539	0.146595103119569	0	0	0.12910031036223	0	0.14801674398509	0	0.347723368042946	0	0.0707444834397594	0	0	0	0	0.0479156333239586	0	0	0	0.552469546897211	0.834986066260623	X071153PAXGENEDAY180_L4.LB1
0.0276819636982408	0.00134648728054937	0	0.154683033469628	0	0.275616992949411	0	0	0.053974868308343	0	0.12176527033593	0	0.279660663374245	0	0.000546590366686052	0.00876120573549516	0	0	0	0.0759629244814723	0	0	0	0.54110365903677	0.840137648586751	X071153PAXGENEDAY360_L4.LB2
0.0306323632114326	0.0191521368451363	0	0.152287575093962	0	0.227473614960999	0	0	0.0925801505311354	0	0.134019044767917	0	0.243351538078385	0.0255729407160163	7.74438001002634e-05	0	0	0	0	0.0748531919949159	0	0	0	0.465367720643213	0.88529217458406	X071153PAXGENEDAY540_L4.LB3
0.0359932437894004	0.0192503793479719	0	0.203403138856673	0	0.17571048554474	0	0	0.100716927445434	0	0.116378927779349	0	0.247259741326801	0.0185315123144524	0.0102008805906431	0.0233412098734817	0	0	0	0.0492135531310546	0	0	0	0.545044214315959	0.83819287289388	X071153PAXGENEIC_L6.LB19
0.0989610019085063	0	0	0.278578576682676	0.0300249412332028	0	0	0	0.140506688461277	0	0.0534911344600606	0.0248697186283335	0.230176464317871	0.0126439869893135	0.0463408969539826	0	0	0	0	0.0844065903647769	0	0	0	0.515887606563188	0.856084021242168	X07_1158D025uL07_1158_L4.LB9
0.0979882790743349	0.0253590155604981	0	0.220055009871252	0.0291171768011216	0.154809088600887	0	0	0.0757896918819673	0.0679912026870701	0	0.0181351250698708	0.265501236741329	0	0.00440908056691511	0.013750469675626	0	0	0	0.0270946234691278	0	0	0	0.582384821295795	0.81432870313132	X071158PAXGENEDAY180_L2.LB16
0.0700474562512586	0.00335244542161416	0	0.157230819398392	0	0.168448079807682	0	0	0.0863989221050343	0	0.13802926931228	0	0.296054448712187	0.0184070124927668	0.00892671697778822	0	0	0	0	0.053104829520997	0	0	0	0.558036793102814	0.830702887828502	X071158PAXGENEDAY360_L3.LB18
0.0393363675796571	0.0252584155315064	0	0.163040743001557	0	0.192626985894485	0	0	0.0903900287774874	0	0.094393185950442	0	0.353408880168812	0.0033368271028625	0.00328371172704912	0	0	0	0	0.0349248542661424	0	0	0	0.612327774328754	0.795915344148018	X071158PAXGENEDAY540_L3.LB19
0.0487773229815721	0.0122672696390861	0	0.179493477687769	0	0.314820585222171	0.0020768850344109	0	0.0573019257846165	0	0.0961398647215124	0	0.230892929571412	0.00117591812283748	0.0088807022313793	0	0	0	0	0.0481731190032336	0	0	0	0.517231095932635	0.855017249613242	X090226PAXGENEDAY0_L8.LB2
0.0401224857507248	0.0114683087378507	0	0.171833981614859	0.0573926282355238	0.110962466441802	0	0	0.0685984283358547	0	0.137677669222786	0	0.281506172551692	0.0112556257390857	0.00355212167968437	0.0107196767365732	0	0	0	0.0604862774070859	0.0344241575464778	0	0	0.455389298498318	0.890240353910887	X09_0278D025uL09_0278_L6.LB8
0.0600936003193256	0.0275458817957082	0	0.140746427785534	0.00881740831332841	0.140504988686742	0	0	0.0861374381028992	0	0.153198363582159	0	0.231910943715876	0.0262926264390404	0.00454339012167787	0.0313157848996341	0	0	0	0.0563928050848369	0.0325003411532393	0	0	0.470949790973959	0.881176168540327	X090278PAXGENEIC_L6.LB13
0.0782358598323335	0.0248417456533011	0	0.0666606130069003	0.0265102385711121	0.237570550842823	0.00552874771529082	0	0.0802297941138909	0	0.117770122939333	0	0.255721899733458	0.0301445852949882	0.00148872881665996	0.00560866747664305	0	0	0	0.0696884460032662	0	0	0	0.518604375489453	0.854932238082293	X090350PAXGENEDAY0_L2.LB14
0.0408868408973282	0	0	0.204226729496483	0.0150128304745935	0.189711736717586	0	0	0.0779182278972989	0	0.120650384053798	0	0.258731313715437	0.0248485434777144	0.00726863145717943	0	0	0	0	0.0607447618125822	0	0	0	0.559534729414113	0.828823984426449	X09_0377D020uL09_0377_L1.LB5
0.0679966546074039	0.00385510225204098	0	0.128692645943532	0.0349933700319249	0.113108700194863	0	0	0.0858350219617171	0	0.169429442570249	0	0.259095596200967	0.0301563096490034	0.0119835272495461	0.0290322306750554	0	0	0	0.065821398663697	0	0	0	0.550211527339234	0.836365703299014	X09_0397D025uL09_0397_L4.LB8
0.081119756038758	0.000212472421479047	0	0.197201074068598	0.0387431695238595	0.217316614045612	0	0	0.111567948208829	0	0.109082726094778	0	0.181394588583854	0.0108997949956738	0.00770329746077285	0	0	0	0	0.0447585585577861	0	0	0	0.560203568735295	0.827702983711703	X090398PAXGENEDAY0_L1.LB8
0.0467420645963548	0.0219016892120065	0	0.160481966644012	0	0.251193670859386	0	0	0.0782363771624132	0	0.113354148601462	0	0.257089240444615	0.00358889525631013	0.000475907991768233	0.00609738773149571	0	0	0	0.0608386515001756	0	0	0	0.524353654526892	0.850530792478872	X090406PAXGENEDAY0_L3.LB19
0.0938360507617622	0.00071671113500751	0	0.144579254754479	0.014538410540557	0.176883266811257	0.00165868894085979	0.00464931923610122	0.0755584431266767	0	0.109390320004727	0	0.236893274028745	0.0372064102999362	0.013172309078973	0	0	0	0	0.0796731189723296	0.0112444223085885	0	0	0.490779464244715	0.870328372427939	X09_0428D030uL09_0428_L6.LB11
0.0611404679018393	0.0217983568565939	0	0.10889863826412	0.118223687289382	0.209663820481712	0.00221848596757909	0	0.0702153092755177	0	0.103720842392844	0	0.210857799017384	0.0108040414588937	0.00564230270531695	0.0126493884959017	0	0	0	0.0502404778017849	0.0139263820911303	0	0	0.543714169323261	0.839195826783247	X090460PAXGENEDAY0_L1.LB6
0.0386941830626184	0	0	0.348292000155715	0	0.0256985151121868	0	0	0.139323871705379	0	0.135614404997766	0	0.21274363313461	0.0120305428943248	0.0291342753925104	0	0	0	0	0.0584685735448903	0	0	0	0.540657574496556	0.840750220719288	X09_0462D025uL09_0462_L5.LB3
0.0470784161026873	0.04284612024741	0	0.204319944504506	0.0428256174363416	0.229709393439668	0	0	0.0994525498154558	0	0.0404670854347216	0	0.235659806616589	0.0145654037528596	0.00427143671064137	0	0	0	0	0.0388042259391194	0	0	0	0.575799861445543	0.818201270787562	X090467PAXGENEDAY0_L6.LB22
0.0695334492707841	0	0	0.311801355628739	0	0.072921970341129	0	0	0.182575981046237	0	0.114358659553366	0	0.184276763468413	0	0	0	0	0	0	0.0594636699441862	0.0050681507471452	0	0	0.580275561063756	0.814080964295621	X090489PAXGENEDAY0_L2.LB12
0.0635780441670892	0	0	0.261784965016424	0	0	0	0	0.191482489798361	0	0.175811874487817	0	0.196007275441946	0	0.0329631847859039	0	0	0	0	0.0783721663024586	0	0	0	0.51085788250357	0.859614959885595	X09_0507D020uL09_0507_L3.LB2
0.0576920627501951	0.00205080698454612	0	0.246264588890733	0	0.143632403632175	0	0	0.0830882698373889	0	0.0985556336777012	0	0.298242827072502	0	0.0105345525283852	0.0180163505277803	0	0	0	0.0419225040985931	0	0	0	0.57876339806598	0.816882684757507	X090507PAXGENEIC_L6.LB15
0.0277752239197401	0.0183396915703004	0	0.113056635197478	0.0322623579629915	0.106696006314343	0	0.0178999562152524	0.0777344455909772	0	0.104989993528043	0	0.398543424441316	0.0401224641793285	0	0	0	0	0	0.0622438243040835	0.00033597677614493	0	0	0.597278186953845	0.80741077817869	X09_0520D030uL09_0520_L7.LB4
0.0212778876922883	0.0232172398675144	0	0.0758737864523699	0.0135781436414627	0.173732065114504	0	0	0.0670430459609862	0	0.169837413005796	0	0.311326428646491	0.0515225514622135	0.000332682931987187	0.0290514281624454	0	0	0	0.0543955500434261	0.00881177701851619	0	0	0.506745067842408	0.861261183280081	X09_0532D020uL09_0532_L2.LB7
0.0371269508692245	0.0347987920425194	0	0.0973136592709662	0	0.177262166573676	0	0	0.0670620763190476	0	0.142239018292541	0	0.30883137181623	0.0491290488035034	0	0.00644602940914355	0	0	0	0.0693457506426955	0.0104451359604529	0	0	0.49465112977846	0.868147248431077	X09_0578D020uL09_0578_L2.LB8
0.0314195957306367	0.0210052328494519	0	0.174642866658751	0.00135563045871945	0.205191405347564	0	0	0.0733285336042507	0	0.121807317546581	0	0.213267153016256	0.0468858942813272	0.0118961703611622	0.0466977738840557	0	0	0	0.0525024262612433	0	0	0	0.519345605131737	0.853945295289267	X09_0587D025uL09_0587_L5.LB4
0.0244233745310103	0.0355075072538985	0	0.126752666390539	0.016077190334029	0.191129729042001	0	0	0.0657046323230956	0	0.101628222577294	0	0.308447060408998	0.0250343220181203	0.00791959586359306	0.0542590383562555	0	0	0	0.0431166609011648	0	0	0	0.475559028609452	0.87859292463808	X09_0624D020uL09_0624_L3.LB3
0.0111697802790225	0	0	0.0959706908148798	0.0757976906966424	0.178084004534815	0.0103430816701918	0	0.0615206229588043	0	0.097633494768826	0	0.390490124245836	0.0279086932203673	0	0	0	0	0	0.0504890626660203	0.000592754144594111	0	0	0.516442041775591	0.85529598033543	X090624PAXGENEIC_L7.LB18
0.084742689423343	0.0406146694315737	0	0.18215398074386	0.0282293995101608	0.309018530966106	0	0	0.033880447903009	0	0.0319417641558672	0	0.19826130000189	0.0271524838630253	0.0105883994897789	0	0	0	0	0.0534163345113861	0	0	0	0.579077183540367	0.816837711651901	X090625PAXGENEDAY0_L4.LB25
0.0560681714795886	0.0308314668878835	0	0.203826555080394	0.0679514174411434	0.227084937618437	0	0	0.0671619048098542	0	0.0641703540961413	0	0.22552255521404	0	0.00918172035122583	0	0	0	0	0.0411805739613096	0.00702034305998287	0	0	0.568768972203001	0.822477110168984	X090628PAXGENEDAY0_L4.LB1
0.039201259995275	0	0	0.245936711149689	0	0.107654334753743	0	0.00372113340611697	0.0737820423336242	0	0.13179344933505	0	0.298730827756744	0	0.0249857440403284	0	0	0	0	0.07419449722943	0	0	0	0.553192957455317	0.832852279271107	X09_0644D030uL09_0644_L8.LB12
0	0.0606953621344409	0.00399258807322016	0.333622768331505	0	0.0891772336073626	0.021653903447608	0.0106625804942172	0.0526384479507117	0.180198030893046	0	0	0.17329208141431	0	0.0196729654722785	0.00991771114763241	0	0	0	0.0313649782616898	0.0131113487719785	0	0	0.592046571125886	0.805425563135077	X090644PAXGENEIC_L7.LB20
0.0542328490301927	0.0236065106908383	0	0.159316279170184	0.0470063809777868	0.179272518319873	0	0	0.0764252531473833	0	0.139340698325698	0	0.259075635505343	0.0195903584731111	0.00878339066419695	0.00255924194583416	0	0	0	0.0307908837495583	0	0	0	0.57285075250922	0.820868412229832	X09_0712D025uL09_0712_L5.LB5
0.0456221510503948	0	0	0.17449671568291	0	0.117703429324383	0	0	0.0612080543980395	0	0.11786485641652	0	0.366336747182403	0.0587943025175848	0	0	0	0	0	0.0579737434277647	0	0	0	0.545545143924098	0.838306123039147	X09_0721D030uL09_0721_L7.LB6
0.0579169540270718	0	0	0.218003125620652	0	0.206577837180356	0	0	0.0732486868075795	0	0.057390552450427	0.00601496698153468	0.306123582938199	0.00788071399172609	0.00273457961784893	0.0105141391358309	0	0	0	0.0403259839881964	0.0132688772605778	0	0	0.598539654026107	0.804683035825295	X090745PAXGENEDAY0_L1.LB5
0.0112662142358156	0.0364944464629856	0	0.167636931213045	0	0.229501378337022	0	0	0.0654011645277175	0	0.110520082984297	0	0.287789484289065	0.0505710073222776	0.0040096847959078	0.000486728664031751	0	0	0	0.0363228771678354	0	0	0	0.53854986807994	0.842159551725576	X09_0789D020uL09_0789_L3.LB4
0.0205110371858538	0	0.00389149205009492	0.0854283511965361	0.0735464038721733	0	0	0	0.116490610680289	0.0426417437573494	0.0859598407127248	0	0.402090812666169	0.0683548955997722	0.0434058116833227	0	0	0	0	0.0576790005957148	0	0	0	0.593878082463336	0.810207908781983	X090789PAXGENEIC_L7.LB22
0.0649067518902023	0.0451932834747326	0	0.135857166347081	0.0359103854353388	0.209775349568721	0	0	0.0740947744581607	0	0.106869944169288	0	0.269706614290121	0.0137220810160846	0.0041378925548086	0.0113782741421379	0	0	0	0.0284474826533228	0	0	0	0.566384207788413	0.825898881865389	X090796PAXGENEDAY0_L3.LB18
0.0465973653128793	0.000291828247750706	0	0.104769020010854	0.0627837941748292	0.0881903368452938	0.0169769401199038	0	0.0684673019105192	0	0.1373955401664	0	0.33683470186461	0.0355214425843076	0.0371315639856299	0	0	0	0	0.0650401647770223	0	0	0	0.509520600613839	0.859905563417111	X090818PAXGENEDAY0_L1.LB9
