CD14_positive_monocyte	CD16_positive_monocyte	CD4_positive_alpha_beta_T_cell	CD56bright_natural_killer_cell	CD56dim_natural_killer_cell	CD8_positive_alpha_beta_T_cell	MAST_cell	basophil	eosinophil	gamma_delta_T_cell	hematopoietic_progenitor	macrophage_m0	macrophage_m1	macrophage_m2	memory_B_cell	myeloid_dendritic_cell	naive_B_cell	neutrophil	plasma_cell	plasmacytoid_dendritic_cell	P.value	Correlation	RMSE	sample
0.169408570934958	0	0.28848912620926	0	0	0.0882784373958562	0	0.0200162404538671	0	0	0	0	0.0153874431583378	0.0730194901732951	0	0	0.0187104876164628	0.196083398555002	0.0255256320554782	0.105081173447483	0	0.618459293578937	0.799951535100803	X01_0524D030uL01_0524_L8.LB7
0.111418197486419	0.0736749919222874	0.301495552930787	0	0	0.143822041079585	0	0.0209769789158481	0	0	0	0.035050875269173	0	0.0689590050710948	0	0	0.0973807154810282	0.0379357215530998	0.0397930935742656	0.0694928267164119	0	0.645406940049763	0.774280111454254	X010524PAXGENEIC_L5.LB5
0.29704131977491	0	0.270489411987661	0	0	0.0493366299141603	0	0.00993002269315775	0	0	0	0	0	0.126948407528595	0	0	0.0690461966986062	0.132469966189898	0.0183148856525	0.0264231595605121	0	0.662924938971273	0.754923367117573	X01_0673D025uL01_0673_L6.LB7
0.131576588641833	0.106759209886695	0.305424256929836	0.00693404741214057	0	0.0903647076861919	0.0564864800171054	0.00375261485215918	0	0	0	0	0	0.0612890303062613	0	0	0.0126496280206854	0.0719196167972951	0.0338710430494172	0.118972776400379	0	0.707536898814335	0.734976571624128	X010673PAXGENEIC_L6.LB11
0.187471337278213	0	0.331135067060677	0.0231617204057662	0	0.0595809688907257	0	0.00273506479708	0	0	0	0	0.00246005229900179	0.153216623290156	0	0	0.0459492372748034	0.172447403201256	0.021842525502321	0	0	0.64917308312374	0.770273767521876	X010757PAXGENEDAY0_L1.LB7
0.256273555311019	0.0193184262929389	0.296530831171262	0	0	0.0436749309504326	0.0482521442016966	0.00318391475586151	0	0	0	0	0.0222564940430388	0.0318798940815457	0.0153381891747379	0	0	0.188459216188494	0.0135728405680812	0.0612595632608924	0	0.654120821647725	0.768190122181953	X010757PAXGENEIC_L5.LB7
0.150017949621507	0.101004994588197	0.256497549187841	0.0097014367506263	0	0.172684597698352	0	0.0150384029604002	0	0	0	0.00101135456703699	0	0.109062920459722	0	0	0.0504428867785329	0.0599619180215999	0.039560471146162	0.0350155182200231	0	0.684955679998188	0.736124236625978	X01_0934D020uL01_0934_L1.LB1
0.0920340971658941	0.0557673620931156	0.484765609122926	0	0	0.112353883363377	0.00883864261669269	0	0	0.0431927275824024	0	0	0	0.0493110263455644	0	0	0.0751018698960394	0.0617553630440711	0.0137325857342957	0.00314683303562149	0	0.664263296147489	0.761670155050162	X01_0940D030uL01_0940_L6.LB10
0.145058156199858	0	0.415031637492653	0	0	0.188055537133194	0	0.0208371437873454	0	0.00384799206310031	0	0	0	0.0571760063999881	0	0	0.0351018070764376	0.0849670558244515	0.0499246640229723	0	0	0.616753698093387	0.793627668007992	X01_0993D030uL01_0993_L8.LB8
0.0622961865034469	0.081951055294999	0.433432274432993	0	0	0.0751864557262974	0	0.0110092601220483	0	0.10950722612838	0	0	0	0.100347993753868	0	0	0.0924191840169432	0.0174518414077214	0.0163985226133027	0	0	0.69750808308801	0.731238059672216	X030697PAXGENEDAY0_L2.LB11
0.190495498663612	0.0928030634273944	0.358246174695501	0.00301262431328834	0	0.0980214007782082	0	0.00765633416955251	0	0.0538421943791302	0	0	0	0.0628933239468695	0	0	0.0129533920863858	0.0359060704341168	0.0239736699844843	0.0601962531214567	0	0.712944812853826	0.716180812689566	X030711PAXGENEDAY0_L4.LB23
0.0345675832276737	0.102024665179054	0.328671577743218	0	0	0.13461137719798	0	0.0133836338743362	0	0.154427028230148	0	0.0390680843400823	0	0.066596172784617	0	0	0.0175397151335729	0.0418554380237877	0.0474064736018955	0.0198482506636338	0	0.622816668088116	0.784649318417676	X030714PAXGENEDAY0_L3.LB21
0.221397533984336	0.0409220775696455	0.234400114962349	0.0105671442291927	0	0.0591289125846431	0.0167372017347623	0.00532790721733887	0	0	0	0.0247234010905995	0	0.0752264064623487	0.00101336284596423	0	0	0.197133866386268	0.0258082230532978	0.0876138478792545	0	0.621918986163046	0.788932823402008	X04_0152D020uL04_0152_L2.LB11
0.35332657232836	0.032603347526116	0.20596953748104	0.0218901078411931	0	0.0449322522932284	0	0.00415017588206516	0	0.0385434100102117	0	0	0.0163380076901782	0.0528990486095856	0	0	0	0.166786689843705	0.0314346085815238	0.0311262419127929	0	0.713191142783041	0.7076486760798	X040152PAXGENEDAY180_L4.LB7
0.184446206654879	0.0757338526302062	0.263441299771005	0	0	0.0823324374959377	0.051306740245703	0.000965561967229411	0	0	0	0	0	0.0391053625076149	0	0	0	0.197685069356378	0.0386845562508902	0.0662989131201573	0	0.697529777359153	0.738402743381212	X040152PAXGENEDAY360_L4.LB8
0.248680327333457	0	0.213122182068547	0	0	0.0986221486868962	0	0.0106404438538316	0	0	0	0	0.0273461054838068	0.0600250842899076	0.0968065356709305	0	0	0.201913171224419	0.0428440013882041	0	0	0.591139391245784	0.80757281511304	X040152PAXGENEDAY540_L6.LB9
0.0235306506981075	0.1127188021981	0.341851723399481	0	0	0.217005530607527	0	0.01308101110891	0	0.108790861322827	0	0.0373072259304443	0	8.92862612111284e-05	0	0	0.0630015765502894	0.0367068737266756	0.0459164581964273	0	0	0.685862775755639	0.737183017099874	X040238PAXGENEDAY0_L2.LB15
0.121337001531578	0.00376435218380815	0.430620235495595	0.012655984415852	0	0.142764906896245	0	0.00831301410210188	0	0	0	0	0	0.045803213080109	0	0	0.106065427839059	0.0359835592114263	0.070265380462097	0.022426924782128	0	0.673056504579867	0.760755432382477	X040238PAXGENEDAY540_L3.LB18
0.254930857935823	0.0144734492042814	0.324116101269283	0.00996120091229885	0	0.137721684249055	0	0.0148417917121154	0	0.0332728489548336	0	0.00354068368985203	0.00519576307032235	0.0082634213813387	0	0	0.00831557892261694	0.154164557216445	0.0312020614817356	0	0	0.672621380970843	0.751903221304124	X040238PAXGENEIC_L2.LB16
0.118378966957593	0.0787358044473551	0.308631670755668	0	0	0.246667148964817	0	0.0103927443167961	0	0	0	0	0.0121005457681557	0.0251026282323456	0	0	0.0925015734994213	0	0.0140446451803475	0.0934442718775007	0	0.657272551416197	0.762741415757345	X04_0511D025uL04_0511_L6.LB9
0.154952628692509	0.0240174923785767	0.45067523126874	0	0	0.176710648842885	0	0.00687422433090057	0	0	0	0	0	0.0461043005010357	0	0	0.113941913928761	0.00921631958391627	0.0166930214059941	0.000814219066681583	0	0.655951483583352	0.764043753436634	X040511PAXGENEDAY360_L6.LB12
0.0642929440962177	0.0372521739867379	0.398822387827792	0	0	0.272141559010383	0	0.00599155480625606	0	0	0	0	0	0.0452422150867497	0	0	0.0873865385550854	0.0212013766465322	0.0662453103293267	0.00142393965491965	0	0.612801796662132	0.791973317795743	X040511PAXGENEDAY540_L6.LB13
0.121657946411375	0	0.190075138148004	0	0	0.101047787959008	0	0.0066394028074711	0	0	0	0	0.00241072062583076	0.137543676065262	0	0	0.0288796171793468	0.326329076211278	0.0228679640745697	0.0625486705178546	0	0.5670150017532	0.826105210315734	X040695PAXGENEDAY180_L7.LB19
0.216610611110557	0	0.222507678619632	0	0	0.047616927807444	0.00233539704724422	0.00232339598488567	0	0	0	0.0140164041762977	0	0.0885417699139288	0	0	0.0143700449897015	0.352869530700411	0.0339774569467428	0.00483078270315505	0	0.582351805091753	0.813481934228948	X040695PAXGENEDAY360_L7.LB20
0.215681245605845	0.02225825120962	0.283108144373408	0	0	0.127778671416262	0	0.00847073980505323	0	0	0	0.0100261909905332	0	0.0617331559173785	0	0	0.0496220575685042	0.161708425608807	0.0373246710131695	0.02228844649142	0	0.667817778247906	0.758443784230993	X040695PAXGENEDAY540_L7.LB21
0.26553725864687	0	0.419220993251217	0.00698455730586279	0	0.0605641763572178	0	0	0	0.0189196051468413	0	0	0.00497763693023057	0.0418544065674683	0	0	0.0465359182133251	0.114306744156761	0.0210987034242054	0	0	0.675106071828645	0.752179305621071	X040695PAXGENEIC_L7.LB22
0.149724304154889	0.0786289180575143	0.237101223142741	0.00396005581139883	0	0.112608553270565	0.0589160563979991	0.00480609850787754	0	0	0	0.0151888672457143	0	0.0944341978035633	0	0	0.082060892071089	0.0680184125456527	0.0380246935219272	0.056527727469069	0	0.646047183246585	0.773022150003768	X04_0699D025uL04_0699_L3.LB6
0.16639759385467	0	0.352365499650475	0.0071371756098916	0	0.0447890834032874	0	0.0111602105751108	0	0	0	0	0.000828650969243264	0.146445307594825	0	0	0.0700468139350222	0.167432896798586	0.024910854878547	0.00848591273034286	0	0.642558501095241	0.777093524705842	X040718PAXGENEDAY0_L8.LB2
0.19895310104072	0	0.429855900878777	0	0	0.0585175718020783	0	0.00850456368354336	0	0.0232135508382804	0	0	0	0.0872506813941949	0	0	0.060625077547523	0.127111699308838	0.00596785350604574	0	0	0.680919530446069	0.75250972422387	X040718PAXGENEDAY180_L8.LB3
0.335911009278561	0	0.296826207901558	0	0	0.0421763730127104	0	0.00452835843572215	0	0.0377928847084141	0	0	0	0.0521137347486524	0	0	0.026808023496913	0.151827138401591	0.0118387457225635	0.0401775242933141	0	0.725146769565265	0.708643090882565	X040718PAXGENEDAY360_L8.LB4
0.160858961326508	0.0904498486335045	0.353786813102231	0	0	0.0826920075802636	0.0789791619147126	0.0058664557739705	0	0	0	0.0355046593086715	0.00777117234199952	0.0187783130754208	0	0	0.0513200252431841	0.0153482422455403	0.0415596293951992	0.057084710058795	0	0.706110768174514	0.733298919363841	X040718PAXGENEDAY540_L8.LB1
0.172285089949475	0.0418373444432411	0.448763037575293	0	0	0.0590281640859258	0	0.000327223644310993	0	0.094257958525466	0	0	0	0.0751896380499032	0	0	0.0641903198568572	0.0354435280056782	0.00867769586384995	0	0	0.674573556323858	0.749964289373525	X04_0779D025uL04_0779_L5.LB6
0.293150347154339	0.0495505384180808	0.292447634241309	0	0	0.139367451187771	0.0331436776503701	0.00628913385566756	0	0	0	0.008471375416027	0	0.0484620183409518	0.0453885357045952	0	0	0.00973752924561021	0.0261550092644179	0.0478367495208599	0	0.718536556538171	0.710635740642597	X040779PAXGENEDAY180IC_L1.LB5
0.198582606780159	0.0342692751899998	0.445183060455843	0	0	0.117427280921973	0.0058016881346209	0.00849328513916481	0	0.027150516365378	0	0.0322185277997565	0	0.0083976902661525	0	0	0.0367405159564466	0.0375694408623429	0.0481661121281635	0	0	0.7182652213201	0.721028566820388	X040779PAXGENEDAY360_L8.LB4
0.233559577135504	0.00691038612001712	0.464761927840401	0	0	0.119255775067964	0	0.00342886560138371	0	0.0051357942603452	0	0	0	0.0882246376306187	0	0	0.00364206169859045	0.0429928383741339	0.0320881362710417	0	0	0.702720686476012	0.728548112397589	X040779PAXGENEDAY540_L1.LB6
0.151720439677422	0.038915396159462	0.298844639994607	0	0.00559202660438018	0.0903212699401881	0.0274383264211871	0.0109334146469439	0	0	0	0.0725152673084	0	0.0526678941859596	0.0123779798611957	0	0	0.107895037837496	0.0468394197006547	0.0839388876621034	0	0.629687316008478	0.792743322348119	X040811PAXGENEDAY0_L6.LB18
0.224683406701374	0	0.402471392438211	0.0208485891892794	0	0.0403899456165028	0	0.016448974070573	0	0	0	0	0	0.0991215834083564	0	0	0.0553885026476834	0.102700413314176	0.0286093529735289	0.00933783964031506	0	0.646552991034068	0.773690379682777	X040811PAXGENEDAY180_L3.LB23
0.187574884533004	0	0.327285639702307	0.0501718517056742	0	0.0202476894073236	0	0.0141803905423037	0	0	0	0	0	0.101875485699811	0	0	0.0199487702170084	0.191471364755613	0.0343817349353636	0.0528621885015912	0	0.629252879521787	0.791130631998345	X040811PAXGENEDAY360_L4.LB25
0.162416960097841	0.071655116228906	0.369065224248573	0.0375304964295991	0	0.0485302817995599	0	0.0113779098862775	0	0	0	0.0481188092748857	0.00399037115893052	0.0248191793092864	0	0	0	0.159493755526691	0.05828552223354	0.00471637380590983	0	0.607158566833795	0.798052731306078	X040811PAXGENEDAY540_L4.LB27
0.172161198696495	0.0464490731351629	0.419328888743599	0	0	0.0781268083701762	0	0.0082828664705102	0	0.00672399026953854	0	0.0128109303655716	0	0.0651432446888785	0	0	0.080301871692312	0.0548512843426951	0.00606121435340891	0.0497586288716522	0	0.703289757610856	0.735902477087422	X04_0843D030uL04_0843_L6.LB12
0.245569023542787	0	0.434675288077164	0	0	0.0736967436149551	0	0.000780145722482701	0	0.013713380095894	0	0	0	0.0686874341032919	0	0	0.0218445384858641	0.122139476596523	0.0188939697610381	0	0	0.690476130400125	0.741678203966189	X040843PAXGENEDAY180_L8.LB1
0.271151891634938	0	0.401216322464132	0.00454434408499717	0	0.031152297375495	0	0	0	0	0	0	0	0.107581595935703	0	0	0.0782986410369743	0.0870320417690715	0.00584750608478959	0.0131753596138991	0	0.661766382520344	0.758873974170321	X040843PAXGENEDAY360_L8.LB2
0.189896819482898	0	0.295701485805529	0	0	0.0486835733084752	0	0.0010924847704228	0	0	0	0	0	0.134957152733239	0	0	0.0750055613021497	0.212717947374512	0.0240670766022797	0.0178778986204945	0	0.623289174134626	0.788979530709731	X040843PAXGENEDAY540_L5.LB15
0.222428193383515	0.037627049753015	0.241122365517497	0	0	0.192040972212936	0	0.0127517788901004	0	0	0	0.00161340025965192	0	0.0622710683810291	0.00570360160799318	0	0	0.157388873833665	0.0313842639717688	0.0356684321888276	0	0.643088160020453	0.771366893421361	X04_0859D020uL04_0859_L2.LB9
0.0957550340830034	0.108923062922952	0.332249485128527	0	0	0.164366305705233	0	0.0117437992376898	0	0	0	0.0159217425669726	0.0165059803457853	0.0171297611147401	0.0597678476443826	0	0	0.0688820564440273	0.0456858662888681	0.0630690585178188	0	0.689644695376213	0.741366551899998	X040859PAXGENEDAY540_L8.LB27
0.129688780765967	0.00073305645549322	0.528182615056281	0	0	0.145099478874697	0	0.00538547131016929	0	0	0	0	0	0.0415993438145052	0	0	0	0.0967452046508991	0.0188127990058332	0.0337532500661547	0	0.526480581633994	0.850263874795337	X040886PAXGENEDAY360_L8.LB5
0.072388299592564	0.0429619641509797	0.453623130853138	0	0	0.117031468230686	0	0.00756020253724767	0	0.0493159031014334	0	0	0	0.0607386465908515	0	0	0.0119382006900091	0.0810238921540557	0.0667021778702569	0.0367161142287781	0	0.644430674503318	0.778128708049119	X040886PAXGENEDAY540_L8.LB6
0.129516204926508	0.0824008374825644	0.383655636373211	0.0565487175081541	0	0.117128790698758	0.0413279659861976	0.00501187731393449	0	0	0	0.017109342583672	0	0.0763399221623818	0.00712480680497131	0	0	0.0467152468088535	0.0371206513507938	0	0	0.705566010884526	0.729698222958883	X040910PAXGENEDAY360_L5.LB6
0.196514455926914	0	0.560800674749363	0	0	0.103323572657477	0	0.017040091054146	0	0	0	0	0	0.0497351873007585	0	0	0	0.0288309229031189	0.0421024514377575	0.00165264397046502	0	0.696045057886138	0.738786697000326	X040910PAXGENEDAY540_L5.LB7
0.176085808572363	0	0.254274267041495	0	0	0.102057084265628	0.0228516243637224	0.00908955441816543	0	0	0	0	0	0.100488504644558	0.0313721291201556	0	0	0.163248555725596	0.0398023768999682	0.100730094948349	0	0.624539394557554	0.797500817735164	X040979PAXGENEDAY0_L2.LB20
0.0945946931766621	0.0752219026277923	0.284262416982767	0	0	0.151174417089355	0.0300647210197052	0.00661074316927815	0	0	0	0.0089800169894558	0	0.0804599552409048	0	0	0.0424731036871439	0.0699702273898996	0.0337371645976356	0.1224506380294	0	0.643163189850343	0.782309527344457	X040979PAXGENEDAY180_L3.LB21
0.12087284325306	0.0314748202409019	0.339530206538965	0	0	0.113150663300162	0	0.00842698513570084	0	0	0	0.00398835713807607	0	0.0746867632952194	0.0338255601722839	0	0	0.173379289860639	0.0361011659010581	0.0645633451639337	0	0.561620013718117	0.831103315737115	X040979PAXGENEDAY360_L3.LB22
0.113337756367741	0.0404525590657647	0.36072348163638	0	0	0.110640141824646	0.0132951645665168	0.00157643360505895	0	0	0	0	0	0.0759377242685152	0	0	0.117015556845622	0.132862181269373	0.0272818510238403	0.00687714952654216	0	0.625504648546071	0.789901817827464	X040979PAXGENEDAY540_L3.LB23
0.0774473110790132	0.0591696851602082	0.466673829947277	0	0	0.112091784516108	0.00779161378930142	0.0140125741005037	0	0	0	0	0	0.064794706788179	0	0	0	0.112714492114743	0.0372400511815518	0.048063951323115	0	0.684090254463519	0.7538677071934	X041003PAXGENEDAY0_L4.LB3
0.154221594356522	0.058889776783105	0.388943054774347	0	0	0.0940501157053444	0.0569262009344896	0.00141424726405774	0	0.0273281534889649	0	0.0415636084678086	0	0.0313589766921644	0	0	0.0187060933208511	0.0954693571196115	0.0164002763362792	0.0147285447564546	0	0.692391043157008	0.746317153996768	X041003PAXGENEDAY180_L5.LB11
0.147905972623573	0.0254943368606397	0.398553166840168	0	0	0.142938891506661	0	0.012381235972163	0	0	0	0.0574832356038061	0.0175211437077965	0.0380920659072076	0	0	0	0.109277550663614	0.0416568923983029	0.00869550791606848	0	0.649165679133534	0.772870651601213	X041003PAXGENEDAY360_L4.LB5
0.0799443222896961	0.0490288169101348	0.482954922930655	0	0	0.085095391633598	0	0.0175636144446783	0	0	0	0.0479139899295315	0.0169769013228562	0.0165422890741707	0	0	0	0.0906693487594877	0.0370453591806606	0.0762650435245315	0	0.672583142647434	0.767507322137892	X041003PAXGENEDAY540_L4.LB6
0.0939475595386722	0.0582940781738093	0.296841897164436	0.0387646394836395	0	0.126246989839014	0	0.0193441124378295	0	0	0	0	0	0.0603536554509967	0.0448319198651834	0	0	0.146131662004386	0.0342603146613166	0.0809831713807167	0	0.664020332507587	0.772901171242581	X041020PAXGENEDAY0_L6.LB13
0.0764655465176973	0.067068203342763	0.26205385650451	0	0	0.113624988641921	0.0197557371806057	0.00575481161019318	0	0	0	0.0713982842284119	0	0.0593963451701865	0.00110796833475743	0	0.00848961697739996	0.227056270286771	0.0288306214421806	0.0589977497626021	0	0.636759823363479	0.787450975715347	X041020PAXGENEDAY180_L6.LB14
0.0606924926274844	0.0643926558720764	0.297995178521703	0	0	0.190631655269764	0	0.00880222536004091	0	0.0445172263858228	0	0.0407260808685837	0	0.0761959156759159	0	0	0.0511864293660839	0.122116060860802	0.0299036607660694	0.0128404184256537	0	0.662165221390836	0.763294206097921	X041020PAXGENEDAY360_L6.LB15
0.0329921256584038	0.0720064878565984	0.444212399767378	0	0	0.161890955818934	0	0.0150397723295398	0	0	0	0.0138461455171272	0	0.0824443233258655	0	0	0.0717688996185769	0.0711010209229123	0.0182769800602915	0.0164208891243728	0	0.68607655250994	0.745805438356756	X041020PAXGENEDAY540_L6.LB20
0.0778131913670894	0.0125302761820072	0.317163251649917	0	0	0.0914134760002965	0	0	0	0.116839875285944	0.00534387437462574	0	0	0.0943013218851881	0	0	0.0505381982009104	0.201937556654976	0.0321189783990455	0	0	0.574645985183964	0.822333343916813	X041056PAXGENEDAY180_L1.LB8
0.163587131729143	0	0.317802660614223	0	0	0.111569998019571	0	0.00427897744307001	0	0	0	0	0.0491682917614771	0.0712557289380844	0	0	0.0191140636897504	0.203877346682978	0.0367603133253884	0.0225854877963139	0	0.58045610446953	0.815805911555708	X041056PAXGENEDAY360_L1.LB9
0.173315593947699	0.0525856546295917	0.386802007543006	0	0	0.182030746128481	0	0.00845953029018055	0	0	0	0	0.0298440843002402	0	0	0	0	0.0611930275720861	0.0662683344697464	0.039501021118969	0	0.6243935479042	0.784663390771814	X04_1058D025uL04_1058_L3.LB5
0	0.0476494875497332	0.488268872484329	0	0	0.164314516704989	0	0.00389571842762718	0	0	0	0.00426719870974563	0.00685016200726383	0.0314696594687873	0	0	0.0582207693062709	0.133591726093025	0.0575130031790594	0.00395888606916877	0	0.646756799206168	0.777324279020077	X041058PAXGENEDAY540_L5.LB8
0.11825991163363	0	0.402945205853337	0	0	0.09547704305801	0	0.0110085186679397	0	0	0	0	0.00432849694044832	0.107119550566017	0	0	0.0326661679385283	0.157914217308948	0.0326808093641648	0.0376000786689768	0	0.623391961194865	0.794986996511113	X041067PAXGENEDAY0_L2.LB15
0.156140582836746	0	0.330968693764692	0	0	0.037367645724371	0.00691104048347653	0.00218979955612056	0	0	0	0	0.0247846628415961	0.0997069197030777	0.0134837010019161	0	0	0.258755812023849	0.0224574865495972	0.0472336555145577	0	0.533391649888955	0.845339913399952	X041067PAXGENEDAY540_L6.LB10
0.142166300019763	0.0677187544355824	0.324079495380427	0	0	0.110343579991054	0	0.0162694706723126	0	0	0	0.0133333015448882	0	0.0959212644846988	0.0533841129974466	0	0	0.0991590238888647	0.0434637172342516	0.0341609793507108	0	0.664234437843728	0.7590518376458	X04_1104D020uL04_1104_L1.LB6
0.0921426944252541	0.0853041022688101	0.353190252930267	0	0	0.121617884661589	0.0148745537987022	0.00621265354212831	0	0.0330276371805257	0	0.0272608448761171	0	0.0785791480045219	0.0244878306641807	0	0	0.102899886579076	0.0240834931326785	0.0363190179361501	0	0.689521648172407	0.744225852106503	X041104PAXGENEDAY540_L7.LB21
0.234860683145297	0.0508514078176775	0.329135420373383	0	0	0.0934567843488067	0.0377826325603816	0.00700247390227034	0	0.0377858931830316	0	0	0.00590180294261473	0	0.0155887499509299	0	0	0.130066357723872	0.045297893338519	0.012269900713217	0	0.679488288231261	0.74680313658023	X041119PAXGENEDAY360_L3.LB18
0.108475819455728	0.0383327608954948	0.514702314374956	0	0	0.11277975990439	0	0.0051920471074587	0	0.0194006938897783	0	0	0	0.0501158927792324	0	0	0.0599900126980064	0.0867856221621243	0.00422507673283062	0	0	0.709268675910239	0.732882461901974	X041120PAXGENEDAY0_L5.LB5
0.190699990373278	0	0.460195552990425	0	0	0.0890793720237832	0.00761508249309772	0.00818026924730785	0	0.00883954107190469	0	0.0211678567686832	0	0.0750219445037908	0	0	0.0037697127286729	0.0644017899314155	0.0131278971261381	0.0579009907415024	0	0.663074635031961	0.768752642192988	X041120PAXGENEDAY180_L5.LB6
0.21873078014361	0.0831401510069638	0.306533286962341	0	0	0.107234032059382	0.0130741412189954	0.0161341077577861	0	0	0	0	0.017706282468242	0.0284019027408059	0.0414964923621168	0	0	0.0437706432164911	0.0260328073823183	0.0977453726809474	0	0.705915396472835	0.725106161234612	X041120PAXGENEDAY360_L5.LB7
0.0735998556954831	0.0698422470443188	0.377323295725352	0	0	0.121403200566802	0	0.0173251591536591	0	0	0	0.0309691547450572	0	0.0744704072561013	0	0	0.0507407064830666	0.0999653764854353	0.0613130226609584	0.0230475741837666	0	0.66902558504452	0.759825151734973	X041120PAXGENEDAY540_L5.LB8
0.225244468542612	0.0594481101446842	0.24092018118067	0	0	0.0973656588023687	0.0247753014869013	0.00587417594430428	0	0	0	0	0	0.087057891965504	0	0	0.0681536353726846	0.0847203985506251	0.0310648669061363	0.075375311103509	0	0.672110396726571	0.751628006928816	X041125PAXGENEDAY0_L3.LB19
0.150933430104631	0.0359443226585688	0.331824892861151	0.042872927420179	0	0.140651428691039	0	0.0114778278800462	0	0	0	0	0	0.0680690443400602	0	0	0.126429552441629	0.0365159387172529	0.041093646924431	0.0141869879610122	0	0.652348676881579	0.769530137880167	X041125PAXGENEDAY180_L3.LB20
0.225207369201861	0.0595791550092344	0.333139251728647	0	0	0.10677826220188	0	0.00908804198008575	0	0.0245150422590295	0	0	0	0.0618341985544214	0	0	0.114157814435242	0.0484614924350722	0.015168436596073	0.00207093559845284	0	0.688271591950969	0.73493484703165	X041125PAXGENEDAY360_L3.LB21
0.146496342454434	0.254856075829067	0.139867626795456	0.0530086714547385	0	0.116889542903393	0.0914987862659988	0	0	0.0145616401290035	0	0	0.0164932557691603	0.0230110699893556	0	0	0.013709620641852	0	0.0264123242278473	0.103195043539693	0	0.679537165130891	0.732835458150111	X041125PAXGENEDAY540_L3.LB22
0.143129561253117	0.0696710811477136	0.390610063690842	0.0280895613125346	0	0.118757286731512	0	0.0118076275180213	0	0	0	0.015221709942534	0	0.0862264333544486	0.0453524621425891	0	0	0.0324693704408812	0.0455485064217619	0.0131163360440451	0	0.624892095710591	0.784359992739096	X041140PAXGENEDAY180_L1.LB7
0.160336327363581	0.0907949166780823	0.369798535664054	0.00571225758086086	0	0.142578741368026	0	0.0107671984497562	0	0	0	0	0	0.0704951389733833	0	0	0	0.0533798274100745	0.0503909911803885	0.045746065331793	0	0.649683928826583	0.764662968069374	X041140PAXGENEDAY360_L1.LB8
0.0815360646431504	0.0906438351438329	0.371828641079376	0.000826272535309703	0	0.104744956808192	0	0.0150496767233525	0	0	0	0.0293846875683862	0	0.0771497712883915	0.0530440402116123	0	0	0.0721365336856312	0.0539040967013412	0.0497514236114242	0	0.592297170960444	0.808370909008791	X041140PAXGENEDAY540_L1.LB9
0.226801493219009	0.10913317501591	0.352140064688995	0.0467553871483877	0	0.100899071679197	0.0282474753352711	0.00444274393666905	0	0	0	0	0.0275775758747511	0.00158177680541537	0.0366040121155817	0	0	0	0.0216211839985829	0.0441960401822294	0	0.700225271548318	0.722417999140148	X06_0127D030uL06_0127_L8.LB9
0.28708454259223	0	0.213756041644109	0.00623114966109351	0	0.0510043804425745	0.00228820852628284	0	0	0.021527074701459	0	0	0.0687212672941862	0.0852208990061103	0	0	0.0280031018597789	0.204973192135742	0.0311901421364342	0	0	0.529314186016434	0.851350989695996	X060127PAXGENEDAY180_L8.LB1
0.102976189055836	0.0903826468337818	0.438128136093524	0	0	0.113206769082758	0	0.00812684291163578	0	0.0271554579886087	0	0	0	0.0370012870678367	0	0	0.0502553839657125	0.0764576891179241	0.0237822967521709	0.0325273011302125	0	0.671700037421964	0.75434930697046	X060127PAXGENEDAY360_L8.LB2
0.13562683344536	0.0385662063239218	0.523335954268057	0	0	0.113611916163284	0	0.00282762611811213	0	0	0	0	0	0.0373875263155275	0	0	0.0320376495054009	0.0548998754098233	0.0509501146828989	0.0107562977676148	0	0.676342290140605	0.753809315782807	X060127PAXGENEDAY540_L8.LB3
0.148253492564881	0.120233020842367	0.288530328508052	0.0110971027132895	0	0.207721232025111	0	0.017333327523538	0	0.114767778002054	0	0	0.0330881889298325	0	0.000681010145227716	0	0	0.0150863131722296	0.0432082055734171	0	0	0.716541402326919	0.704035712977842	X060129PAXGENEDAY0_L4.LB27
0.152321251653803	0.0970619597284909	0.306405096398906	0	0	0.22088456015157	0.00650131952022268	0.0101365760784887	0	0.11177854078112	0	0.0297531831204767	0.00345196874792132	0	0	0	0	0.00257557853417885	0.0591299652848219	0	0	0.697531426346815	0.722957703993877	X060129PAXGENEDAY540_L7.LB23
0.165361828849063	0.0541712522328784	0.435775366373927	0	0	0.116483702410357	0	0.0156363121217302	0	0	0	0.00858125014100286	0	0.0896144199080714	0.0518682122462936	0	0	0.00462575621472163	0.0377419758561639	0.0201399236457897	0	0.685048461171744	0.741303096125606	X06_0231D030uL06_0231_L7.LB5
0.0849860549102604	0.087061807443227	0.434668227568536	0	0	0.110605998319203	0.0559480598306257	0.00361906698527588	0	0	0	0	0	0.0584360105060333	0.0511963228732475	0	0	0.0168780255924117	0.0420310909489746	0.0545693350222051	0	0.683671880161288	0.75189859765317	X060231PAXGENEDAY180_L8.LB4
0.0938413809530163	0.0828391751627569	0.490317000861794	0	0	0.140248055868248	0.0325318392090866	0.00345227018867513	0	0.018654133969431	0	0.0211894722783904	0.0112127713322094	0	0	0	0.0102862889792735	0.00549880210736905	0.0639510867504758	0.0259777223392746	0	0.685409168981323	0.744339057034858	X060231PAXGENEDAY360_L1.LB5
0.143152490465077	0.0225898452901544	0.465002927065795	0	0	0.119767771919754	0.020573007351514	0.00100221172442888	0	0	0	0	0	0.0862354665274769	0	0	0.0142068260066156	0.0298743147853698	0.0704679500842349	0.027127188779579	0	0.639025629743312	0.779499504151636	X060231PAXGENEDAY540_L1.LB6
0.15457338671108	0.027688850412407	0.391759626732147	0	0	0.189105013953552	0.0068721593814111	0.00984059081542232	0	0	0	0.0211036735078993	0	0.0730914131467058	0.0372492655147907	0	0	0.0495191584209327	0.029491084063573	0.00970577734007897	0	0.660883315308239	0.762315843267084	X070056PAXGENEDAY0_L4.LB2
0.109670399045468	0	0.485865418289398	0	0	0.127985572742458	0	0.0012251002483765	0	0	0	0	0	0.10257796032464	0	0	0.047494395314887	0.111304901799238	0.0138762522355348	0	0	0.672902735525212	0.760401852868063	X070056PAXGENEDAY540_L8.LB25
0.228900202991175	0	0.415160692414242	0.00945609069531333	0	0.0944701737840961	0	0.00379516458184018	0	0	0	0	0	0.0708156256964508	0	0	0.0853868498347853	0.070112956832408	0.00649038335135174	0.0154118598183378	0	0.655865213910871	0.767808195149109	X070060PAXGENEDAY0_L1.LB7
0.194905553974248	0.073777848027271	0.342820748789473	0.0306251704974173	0	0.0974515029131944	0.0631001694859626	0.00155025367727324	0	0	0	0.0557317829311847	0.00473494702898956	0.00673315886913041	0	0	0.0132405296821709	0.0287404440590898	0.0471644022680206	0.0394234877965746	0	0.686951315465193	0.74598597860108	X070060PAXGENEDAY180_L1.LB8
0.448198110689749	0	0.228135109716102	0	0.00356063343480313	0.047664584953251	0	0.00880204772940941	0	0	0	0	0.0284428688643368	0.0570604377065106	0	0	0.00650198705279738	0.108354007960222	0.0209707823557737	0.0423094295370444	0	0.692681045124042	0.721870323203929	X070060PAXGENEDAY360_L1.LB9
0.250569090810245	0.0672315941981805	0.255365341740884	0	0	0.0867144122374837	0.0762203130789726	0.00200637567304955	0	0	0	0	0.0279379987366479	0	0.0456158994468838	0	0	0.0835897295106544	0.0832711719815758	0.0214780725854237	0	0.680392231534606	0.742523847248985	X070060PAXGENEDAY540_L1.LB10
0.133887161873375	0.0634546979461849	0.323824503188317	0	0	0.104431635292597	0.0183780781261703	0.00677036556467297	0	0.07058698315809	0	0	0.00733308194858329	0.0480832617024358	0	0	0.070286733919963	0.114897698471743	0.0255554292584615	0.0125103695494067	0	0.647037475813834	0.772701118561613	X070060PAXGENEIC_L2.LB11
0.149784814377404	0.0597250476914074	0.385681735566374	0	0	0.110074332819014	0.0229608532367633	0.00598921837395571	0	0.0182300858499857	0	0.0782044570274647	0	0	0	0	0.0176110396377028	0.0773348040753188	0.0236469673822165	0.050756643962394	0	0.692859302069127	0.749032850524623	X070074PAXGENEDAY0_L2.LB12
0.220191979055106	0.0451605690063517	0.35112756195758	0	0	0.126602439467491	0	0.00895502885557203	0	0	0	0	0	0.0629893615979746	0	0	0.0245557790631735	0.0988268860515309	0.0131172238103564	0.0484731711348642	0	0.673838290007503	0.750783717796824	X070074PAXGENEDAY180_L2.LB13
0.190673827922286	0.0683307722024136	0.375574575290918	0	0	0.226794371949473	0	0.0105416419956063	0	0.0124346440979816	0	0	0	0.0368195241664149	0	0	0.0305099159805393	0.00183795785343599	0.030292358810366	0.0161904097305646	0	0.68610945697348	0.734640391237744	X070074PAXGENEDAY360_L2.LB14
0.108767801232566	0.0765616283523896	0.357547864150367	0	0	0.130262799354422	0.0336518442341674	0.00587616925271218	0	0.0400417224300418	0	0	0	0.0438487026536143	0	0	0.0890960555061238	0.0304376085573639	0.0357235029819985	0.0481843012942331	0	0.696664403360135	0.740472928503763	X070135PAXGENEDAY0_L3.LB23
0.24380494128184	0.0689689429150076	0.285704196508929	0	0	0.120996846237158	0	0.0120532009273004	0	0	0	0	8.08933300037174e-05	0.0336866987179941	0	0	0.0942347684663958	0.0265837448571944	0.0292764187535534	0.0846093480046226	0	0.707490155940668	0.722899419206225	X070135PAXGENEDAY180_L4.LB25
0.26259281014166	0.0367220759063447	0.303531502075353	0	0.00171764532453339	0.0930648967813359	0	0.010906250771311	0	0	0	0.0198289392379149	0	0.0625757214473659	0.0471318600490519	0	0	0.0557557309584511	0.0421185568501376	0.0640540104565408	0	0.69580352396644	0.734313044385996	X070135PAXGENEDAY360_L4.LB27
0.22642177864007	0	0.273243904140169	0	0	0.0832645955303039	0	0.00391665019842431	0	0	0	0	0	0.110442970560682	0	0	0.0464875213726393	0.2240067512601	0.0215889338211656	0.0106268944764458	0	0.635088621637102	0.779255036259573	X07_0140D025uL07_0140_L4.LB11
0.191295038449917	0	0.305676371352632	0.0158459421841029	0	0.0668654514070945	0.00561172241750606	0	0	0.00284998708556342	0	0	0.0377284633041655	0.0501887071140918	0	0	0.0127728175163513	0.300531579530723	0.0106339196378525	0	0	0.577509516352138	0.817308446043087	X070140PAXGENEDAY540_L6.LB14
0.202924059888475	0	0.381266965146413	0	0	0.0825701997139538	0	0.00350448920655354	0	0	0	0	0	0.114796086840332	0	0	0.0130022262185494	0.152631030286437	0.0383626746804808	0.0109422680188053	0	0.612022329128592	0.795593878278734	X070143PAXGENEDAY0_L4.LB6
0.181389146605532	0	0.37623761645351	0	0	0.110538319874242	0	0.00141327089156223	0	0	0	0	0	0.0995218086967447	0	0	0.0558748795590489	0.168979638272617	0.00604531964674334	0	0	0.602681732749337	0.80284296146647	X070143PAXGENEDAY180_L5.LB7
0.185716048811657	0	0.340042838609032	0.00742501650957663	0	0.108318449411326	0	0.0057195304236396	0	0	0	0	0	0.128113363228371	0	0	0.0276714286419009	0.145447369435851	0.0288725624950369	0.0226733924336099	0	0.620798610388391	0.790853463202485	X070143PAXGENEDAY360_L5.LB8
0.187695351908697	0	0.289458507251433	0	0	0.17367202935625	0	0.00337868845211265	0	0	0	0	0	0.168246020244983	0	0	0.0102360959658025	0.0831951916608005	0.0695513817276951	0.0145667334322265	0	0.595168548516756	0.80384123468311	X070143PAXGENEDAY540_L5.LB9
0.169258570773906	0	0.386627988876914	0	0	0.0680713329712759	0	0.0109543941757855	0	0.0197944942547399	0	0	0	0.120731581849407	0	0	0.0100504871343362	0.163870030236997	0.036738197725517	0.0139029220011209	0	0.571205140148982	0.822355983678931	X070157PAXGENEDAY0_L4.LB1
0.235588489225241	0	0.289749959937649	0	0.0132278711167265	0.0855197275278599	0.00546195598548558	0.00370893907793595	0	0	0	0	0	0.117652648575109	0	0	0.0406475663974161	0.15484710614859	0.0329743398875182	0.0206213961204687	0	0.628834918975851	0.783281581637877	X070157PAXGENEDAY180_L4.LB2
0.148122411880358	0	0.339066280998046	0	0	0.0609944244586086	0	0.00356954873815567	0	0.0252006088726447	0	0	0	0.11433728660119	0	0	0.0585704036512066	0.22962451396481	0.0136880749645889	0.00682644587039076	0	0.597573189946055	0.807899181082057	X070157PAXGENEDAY360_L4.LB3
0.126786336164881	0.027787637344404	0.410239558903243	0	0	0.0767360927268427	0.0300238984448612	0.00122491220314573	0	0.0269157741869581	0	0	0	0.0753017006974154	0	0	0.0428426022746001	0.134067432955117	0.0205891981183118	0.0274848559802196	0	0.632074827427335	0.789608714411692	X070157PAXGENEDAY540_L4.LB4
0.125464204099637	0.0754526376255533	0.333838700471796	0	0	0.0941363452192112	0.0161434870984853	0.010004652959879	0	0	0	0.0216350593778072	0	0.0652588725967494	0.0440797008302032	0	0	0.130774382812667	0.0505271702082132	0.0326847866997981	0	0.619413243109825	0.791701645991696	X07_0177D025uL07_0177_L4.LB12
0	0.125560963016164	0.300568641835957	0	0	0.12268705673681	0.07780377811369	0.00182836152566475	0	0	0	0.0556777892107078	0	0.0238363466494311	0.0350554199073387	0	0	0.0763083682913503	0.132906874481482	0.0477664002314041	0	0.629518514674453	0.788614470156406	X070177PAXGENEDAY180_L6.LB10
0.0867575650703319	0.0294140752426119	0.462712162005772	0.0314149850004504	0	0.0987795600806837	0	0.00451669309651322	0	0.00755960210567939	0	0	0	0.0552039150804566	0	0	0.0676750843555946	0.125505966288233	0.0157397926515272	0.0147205990221463	0	0.658128329361003	0.7747632642764	X070177PAXGENEDAY360_L6.LB11
0.0558667102461978	0.0293182575287436	0.472004424658339	0	0	0.115543950234852	0.0129054943368827	0.00692232320167909	0	0	0	0	0.000374015888547898	0.0610845724507276	0	0	0.0651417272008559	0.0820493449715635	0.0534603421534775	0.045328837128134	0	0.659869558537858	0.774305482100864	X070177PAXGENEDAY540_L6.LB12
0.124651032869235	0.0249810674104484	0.473944966954739	0.0128658434556904	0	0.0697255886665045	0	0.00410840852893293	0	0.00508691812924514	0	0	0	0.0461609410864754	0	0	0.106439864416282	0.0715771614450362	0.0422295025627071	0.0182287044747033	0	0.68307868726023	0.756085064433726	X07_0180D030uL07_0180_L7.LB2
0.172300482208355	0.00887278614781	0.505843667700528	0.00961667385504258	0	0.0770569268369418	0	0.00358187354085763	0	0	0	0	0	0.0611967976408714	0	0	0.074758053859312	0.0401536361444789	0.0234408601739493	0.0231782418918531	0	0.672643788638398	0.760279116935019	X070180PAXGENEDAY180_L5.LB12
0.112935786070338	0.0479737164172464	0.412365359446345	0	0	0.0697066728769028	0.0443478690197635	0.00659060314795243	0	0	0	0	0	0.0616360370997774	0	0	0.0595799292036653	0.0643172690959353	0.0443081978183312	0.0762385598037434	0	0.673655810451773	0.7673451267068	X070180PAXGENEDAY360_L6.LB13
0.183042123035881	0.030974543026829	0.41619888964626	0	0	0.0844842329495589	0.0559741295233067	0.000426413847598757	0	0	0	0	0.00861427999692928	0.0246302059445173	0.021254242773745	0	0	0.107539011405064	0.0454499598313026	0.0214119680190071	0	0.663877669896016	0.767376635478605	X070180PAXGENEDAY540_L6.LB14
0.187996396384583	0.0531341127407504	0.262935585624941	0	0	0.139669451978	0.0529383560557064	0.00488480276091767	0	0.0512510790840691	0	0.0461435321334421	0	0.0749779357617088	0	0	0.0104181229018637	0.0960357281516634	0.0158950244461187	0.00371987197623686	0	0.66312652678628	0.75873027968906	X070200PAXGENEDAY0_L3.LB20
0.250659003600981	0.0543882646108042	0.288244721816801	0	0	0.113590607229987	0.0065706495244982	0.0106883545600407	0	0	0	0	0	0.0935059561208887	0	0	0.0190219825840185	0.0644993532094795	0.0231989917257072	0.0756321150167934	0	0.64525502811363	0.767664972403699	X07_0208D030uL07_0208_L7.LB3
0.108240025625012	0.0723021284817723	0.425944146590825	0	0	0.150168732199216	0	0.0183198322952705	0	0	0	0.017949585843439	0	0.0896411190720738	0	0	0.00330616114798436	0.0605817311617275	0.0362617047323285	0.0172848328503509	0	0.683182615810757	0.743056196598347	X070208PAXGENEDAY540_L7.LB19
0.191476536189212	0.0133648163213679	0.242075471176308	0	0	0.0625611890577799	0	0.0248308209005876	0	0	0	0.0592166463261944	0	0.104772755540485	0.0407804030557155	0	0	0.219749312648764	0.0411720487835865	0	0	0.662945149885131	0.761109868665939	X07_0218D020uL07_0218_L1.LB2
0.0107651450253735	0.10420285148689	0.375765490039705	0	0	0.120811463708496	0.0604847038129435	0.000905094778968556	0	0.0270263546676014	0	0.0441196012739242	0	0.025719180194841	0	0	0	0.0787755734294309	0.148034192432427	0.00339034914939803	0	0.68399314035455	0.748984044604074	X070218PAXGENEDAY180_L4.LB27
0.173184902441606	0.0299154913212114	0.332296626287513	0	0	0.154403190076567	0.0324122153240036	0.0070172569735754	0	0.0385534598935387	0	0.0112106039403173	0	0.0860369277042726	0	0	0	0.111599890378037	0.0233694356593574	0	0	0.682264264909655	0.747338279083412	X070218PAXGENEDAY360_L4.LB1
0.206300393243562	0	0.286084200295154	0	0	0.0839204451041344	0	0	0	0	0	0	0.00529940530722814	0.0947576936449764	0.000897495603710046	0	0	0.271409239808059	0.0270001890973907	0.0243309378957855	0	0.559184197940362	0.828840699355877	X070218PAXGENEDAY540_L4.LB2
0.0751844806668546	0.0242701204984434	0.292839134818884	0	0	0.244050964442139	0	0.00466457656908922	0	0.0289086353998857	0	0	0	0.069522164582999	0	0	0.00452480598157171	0.168287314311188	0.0435466622003252	0.04420114052862	0	0.616505490658779	0.796001730936658	X070229PAXGENEDAY0_L7.LB16
0.0606937415936283	0.083251739617371	0.282177072272764	0	0	0.249494773412158	0	0.00980731014928911	0	0	0	0.0136884996718562	0	0.0920432067538892	0.0172914008706473	0	0	0.0814205825694413	0.0544044689944393	0.055727204094516	0	0.616805994553911	0.790523939790294	X070229PAXGENEDAY180_L7.LB18
0.103879183393053	0.048658302284709	0.289232157196306	0	0	0.152741560781567	0	0.0101505460876549	0	0	0	0.0104794757520554	0	0.106091278124835	0.0810108032950092	0	0	0.101235260778174	0.0390666765935538	0.0574547557130836	0	0.611015298505967	0.798960138327997	X070229PAXGENEDAY360_L7.LB19
0.0992512160409789	0.0335582815083816	0.331543591154254	0	0	0.179337395930504	0	0.0149721185175705	0	0.00135095784765884	0	0.021923454428483	0	0.078845863588121	0.0431099078118592	0	0	0.108919383447371	0.0437912710687634	0.0433965586560549	0	0.628615680162137	0.789144799064459	X070229PAXGENEDAY540_L7.LB20
0.102705174004536	0.0824922284042566	0.224943217893062	0	0	0.245775656777587	0	0.0119399934063513	0	0.0072892993676485	0	0.00855077125008762	0	0.112694428615681	0.00293616179378175	0	0.017782772236554	0.0972744307750706	0.0346507494843438	0.0509651159910399	0	0.64965732743416	0.765925271879731	X07_0236D030uL07_0236_L7.LB1
0.205658509865182	0	0.411811402649073	0.00430899114100288	0	0.138134058820676	0	0.00209477121248335	0	0	0	0	0	0.0293090201366167	0	0	0.0634272228188604	0.105830956418842	0.0085480268653556	0.0308770400719066	0	0.672885399752348	0.761132954523483	X070257PAXGENEDAY0_L8.LB13
0.287080265571108	0.0221297673226072	0.350840588775448	0	0	0.0850654251206226	0	0.0108186541701472	0	0	0	0	0.0048559120152093	0.0461025996775314	0	0	0	0.106354963000559	0.0379182169364873	0.0488336074102798	0	0.706064310208278	0.725018509965292	X070257PAXGENEDAY180_L6.LB14
0.301248533880864	0	0.341098287060589	0	0	0.166981819893847	0	0.00968531972263271	0	0	0	0	0	0.0434434772687825	0	0	0	0.0898624610800701	0.0246122091565675	0.0230678919366463	0	0.713299972197679	0.718842439863614	X070257PAXGENEDAY360_L6.LB15
0.142895104396681	0.0850678741321622	0.405236932736831	0	0	0.0948073514095717	0.0459374145273605	0.00648983476056713	0	0.0100897566400261	0	0.0234873185515637	0	0.0117635093514898	0.0258421529608273	0	0	0.0800170046078943	0.0326723856397346	0.0356933602852901	0	0.695370182099328	0.741787622172882	X070259PAXGENEDAY0_L3.LB25
0.123566565461367	0.0647520839614613	0.368050894641053	0	0	0.101583586246096	0.0660714951822787	0.000856976274155	0	0	0	0.0459032203944254	0.015135308483747	0	0.0462349998993317	0	0	0.0774223590746483	0.0278615351865544	0.0625609751948817	0	0.672522852222553	0.767903114875587	X070259PAXGENEDAY180_L3.LB27
0.127610452799576	0.0609792578085588	0.362782210209594	0	0	0.0667749583225939	0.0528041937286753	0.00442768714077657	0	0	0	0	0.00906606325092616	0.0584617447916293	0.0358882176474942	0	0	0.118217714926937	0.00403893573148632	0.0989485636417533	0	0.667768393132826	0.770788882111306	X070259PAXGENEDAY360_L3.LB1
0.240708070008105	0.113799635167059	0.279370561002235	0	0	0.0713940671271795	0.0293480726485857	0.00719398722310996	0	0	0	0	0.106041564316911	0	0.0238970922977412	0	0	0.052571157956822	0.0293544431331729	0.0463213491190791	0	0.643999787878971	0.764715806339322	X070259PAXGENEDAY540_L4.LB2
0.244706703783309	0	0.254562338171214	0	0	0.0769865314696619	0	0.011302215937984	0	0	0	0	0	0.0912526035685895	0.0429649527883952	0	0	0.158418828561544	0.016855250129349	0.102950575589953	0	0.646130602383154	0.777611614309406	X07_0282D025uL07_0282_L5.LB1
0.249024961086903	0.0103755251407305	0.223134484758717	0.0524232468217622	0	0.117218193689741	0	0.0091789078239613	0	0	0	0	0	0.110685983553661	0	0	0.0103893719381967	0.172669329021062	0.028793602513245	0.016106393652019	0	0.664822386852297	0.756663559512115	X070282PAXGENEDAY180_L7.LB23
0.234366982045742	0	0.161811401645243	0	0	0.0874573243635007	0	0.00846658960562664	0	0.0670537350960369	0	0	0.00169617268991269	0.0804214425770889	0	0	0.00546087251780096	0.278083462825311	0.0299595838147799	0.0452224328189577	0	0.648720189855101	0.770962660411421	X070282PAXGENEDAY360_L7.LB25
0.210881170609237	0.0450412363000727	0.256968082438474	0.0486792834670033	0	0.143253036738469	0.0331573159017565	0.00258415653351374	0	0.0130861909714219	0	0.010032475318157	0	0.0918190600779258	0.0322757756190705	0	0	0.0707121885768345	0.0297920308690404	0.0117179965790243	0	0.679845077348081	0.746787272283696	X070282PAXGENEDAY540_L7.LB27
0.232026485949132	0.0530140473118946	0.38032199488614	0	0	0.119594006643045	0.0217821477667268	0.00470834457601699	0	0.0257834438112494	0	0	0	0.0239439145561642	0	0	0.000385413592405173	0.0649236105004307	0.00772884281283072	0.0657877475939648	0	0.647126066888317	0.769877237781915	X07_0290D025uL07_0290_L4.LB10
0.228426919544	0.0514845514479577	0.266739961488681	0	0	0.111839142963007	0.0092550434552922	0.00864463442932373	0	0	0	0.0548216982922398	0	0.0862840970549219	0	0	0.0234702163070639	0.0788715193046807	0.0801622157128317	0	0	0.633645475678142	0.775566429990813	X070293PAXGENEDAY0_L1.LB9
0.277234926253739	0.0536012616711857	0.208740223958671	0	0.00659950548566463	0.125270038904537	0	0.0125226679293381	0	0	0	0.0292951009067226	0.00177257178312897	0.0508988941307102	0.0226955669103084	0	0	0.0397502457563166	0.0813335079704381	0.0902854883392397	0	0.635370839523156	0.774497566247877	X070293PAXGENEDAY180_L1.LB10
0.182360637138527	0.032910624232428	0.326014385869759	0	0.00566481975292364	0.148967830208492	0	0.0140808061751611	0	0	0	0.0481320244418305	0	0.0958040143281035	0.0402784919266036	0	0	0.023424667513398	0.0429859490728116	0.0393757493399625	0	0.654524835785909	0.765701256599727	X070293PAXGENEDAY360_L2.LB11
0.209015374379777	0.0567648862136077	0.356683097459209	0	0	0.109852221239657	0	0.0115808158497982	0	0	0	0.0390156181337964	0	0.0649333421586261	0.0230271428877004	0	0	0.0624421173241077	0.03706031140217	0.0296250729515506	0	0.648741288469998	0.766970272570163	X070293PAXGENEDAY540_L2.LB12
0.348777851765352	0	0.205474652294767	0	0	0.12800990574664	0	0.00847812415871022	0	0	0	0	0	0.0760709218334405	0	0	0.0406237799834254	0.131973257146702	0.0142662754546061	0.0463252316163567	0	0.689291219891736	0.733061062387408	X070308PAXGENEDAY0_L3.LB16
0.298864075636444	0	0.232968962151668	0	0	0.0757783381668936	0	0.00748392348137986	0	0	0	0.0118742014464354	0.0140514444369384	0.0637214112566322	0	0	0.0187067784476706	0.201478744020654	0.0294251365698978	0.0456469843853872	0	0.684136279753958	0.740994579418811	X070308PAXGENEDAY540_L6.LB12
0.176947383317744	0.0246646719337727	0.329832915619105	0	0	0.0700022166695862	0.00984715844784653	0	0	0.0425127103063579	0	0	0	0.105948760159504	0	0	0.108060983756486	0.1056596172547	0.0191897250609164	0.00733385747398114	0	0.645437062919206	0.773883082892337	X07_0355D025uL07_0355_L5.LB2
0.166951225079779	0.113478167689324	0.211240714834085	0	0	0.153974664067614	0.00831072915190774	0.0066240948693767	0	0	0	0.0199473478229313	0	0.0600552408517078	0	0	0.0333008581798729	0.0581888110790498	0.0430191011628874	0.124909045211464	0	0.684164814997679	0.741534269921335	X070355PAXGENEDAY180_L7.LB20
0.151325537095299	0.0560162479999924	0.133000379813329	0	0	0.400485984944977	0.000460078298331867	0.00392889586581142	0	0	0	0	0	0.0467978336221498	0	0	0.0942094609508647	0.0451294361039842	0.0230851804913651	0.0455609648138965	0	0.66375654232134	0.752261866848593	X070355PAXGENEDAY360_L7.LB21
0.0967818237410352	0.0578798141957003	0.231497017539257	0	0	0.164141599414415	0.00339489271496697	0.0105134051415175	0	0	0	0.0332168391430765	0.011070636804601	0.0827612442969447	0.01482024639379	0	0	0.138905163508025	0.0642834159253869	0.0907339011812836	0	0.668961045210425	0.763623188546204	X070355PAXGENEDAY540_L7.LB22
0.220110477046873	0.0306765458007967	0.230267324866296	0	0	0.176435955636475	0	0.0127665083272522	0	0.0244409643218957	0	0.0185512576157921	0	0.0999482634379999	0.000924408817363007	0	0	0.061009934895089	0.0491367512195416	0.0757316080146261	0	0.67725304359813	0.748326277421718	X070360PAXGENEDAY0_L2.LB15
0.219629273271023	0.0794773042550901	0.29219732463228	0	0	0.137151225061031	0.0230277062592222	0.00655578626383614	0	0.0576300819441723	0	0	0.0250301300432307	0	0	0	0	0.0404070926145314	0.0423470726340142	0.0765470030215686	0	0.708669229380913	0.72099534850499	X070360PAXGENEDAY180_L5.LB10
0.18057843506228	0.0422120436967525	0.229474211210525	0	0	0.163354006020465	0.0292185979751368	0.00329785947005825	0	0.0783253352736341	0	0.0256543478591184	0	0.0687260649907369	0	0	0	0.065838423694502	0.039234271297463	0.0740864034493284	0	0.654494648138519	0.768610068146872	X070360PAXGENEDAY360_L2.LB18
0.146695462729423	0.128106482551514	0.167145172142155	0	0	0.187949505015992	0.0224777532559842	0.00506406561184653	0	0.0136242553449244	0	0.0304916724806213	0.00971718417694666	0.0481906906667203	0	0	0	0.0920884327105855	0.0530563764368254	0.0953929468764618	0	0.677538855522861	0.74380133731316	X070360PAXGENEDAY540_L2.LB19
0.06989861911302	0.0702198696614396	0.334516504349809	0	0	0.274157221529325	0.0355832308581463	0.00397819019868461	0	0	0	0.0392097181457954	0	0.0566870404968544	0	0	0.0428761802055635	0.0230278898441811	0.0498455355971806	0	0	0.649401013837727	0.766836547103264	X070361PAXGENEDAY0_L2.LB14
0.066492511652816	0.0498242627377847	0.414558872133104	0	0	0.203877825376698	0.0520257144060058	0.00106529259466303	0	0	0	0.0283363325329425	0	0.0604753717035665	0	0	0.003370561446365	0.0326620628633614	0.0393070057491346	0.0480041868035581	0	0.669481518169308	0.762746336580395	X070361PAXGENEDAY180_L2.LB15
0.181892134872766	0.0583359251698087	0.32372509192937	0	0	0.167765865360304	0.0156394829464803	0.0066941114651929	0	0	0	0.0104541155573865	0.022277307869281	0.0141910960497303	0.0595047158675935	0	0	0.0374985994155396	0.0385019899428236	0.0635195635537233	0	0.679744208798249	0.749482576775406	X070361PAXGENEDAY360_L2.LB16
0.112699308944359	0.074203873643166	0.397917769303232	0	0	0.105835000702279	0	0.0153153493981695	0	0	0	0	0	0.0760105009673172	0	0	0.0792157398182796	0.0586766519823043	0.0214729011173563	0.0586529041235372	0	0.658561581938179	0.765396026299156	X07_0369D025uL07_0369_L4.LB7
0.12718503874992	0	0.519666090698261	0	0	0.0653860510083822	0	0.00401066376580088	0	0.0511250694229521	0	0	0	0.0595952629965069	0	0	0.0348589678066894	0.126762920221378	0.0114099353301087	0	0	0.674588227574056	0.762415149461967	X070369PAXGENEDAY180_L7.LB23
0.295621229864943	0.0198935941417933	0.23041515218906	0.00245806787280229	0	0.052478402453171	0.0331413555389445	0.00834389572836996	0	0	0	0	0	0.0904135766417173	0	0	0.0362858395870269	0.208725231755903	0.0222236542262688	0	0	0.607949285596898	0.793981460317091	X070369PAXGENEDAY360_L8.LB25
0.139699092143415	0	0.449812195449006	0	0	0.134852967515674	0.0087807008877006	0.000375863500715248	0	0.0397687654272787	0	0	0	0.0574341217455651	0	0	0.0518275183466538	0.0739680226653053	0.0249939230038534	0.0184868293148334	0	0.666254250725344	0.766025004825959	X070369PAXGENEDAY540_L8.LB27
0.179658414261386	0	0.375774808271618	0.0180409625947629	0	0.0813187457177724	0	0.00699004871571898	0	0.0119509326731588	0	0	0	0.113134232025051	0	0	0.00520064874577787	0.173718565480576	0.0342126415141771	0	0	0.570071136860974	0.822736009912641	X07_0386D030uL07_0386_L8.LB10
0.156694934995534	0	0.422594144549763	0	0	0.10696419296241	0	0.00974720299261836	0	0.00613834701637228	0	0	0	0.0942515654355959	0	0	0	0.162011437954611	0.026427877927214	0.0151702961658818	0	0.615021450520905	0.796739819886169	X070386PAXGENEDAY360_L5.LB10
0.095694756883075	0	0.458401833864531	0	0	0.0647372292245205	0	0	0	0.0403615358808398	0	0	0	0.0991025965012258	0	0	0.00207666751880738	0.214602888741243	0.00981933111485406	0.0152031602709038	0	0.586757823182644	0.816754155550139	X070386PAXGENEDAY540_L5.LB11
0.145618825616992	0.0552593393327736	0.356509497375987	0	0	0.133209428994097	0.0860723445790483	0.000143799848037321	0	0	0	0	0.00832766688423868	0.0400418052421356	0	0	0	0.0829722947151739	0.0167949263330296	0.0750500710784874	0	0.672138082387463	0.765094154847127	X070390PAXGENEDAY360_L7.LB22
0.13969944135171	0.0392026061550172	0.270334976539742	0	0	0.272614577364299	0.00632070732906646	0.00609800670686794	0	0.0387860462933855	0	0	0.0240838274615363	0.00788217259895264	0	0	0.0430755585074573	0.0843974653000734	0.027434348345211	0.0400702660466818	0	0.646983624218466	0.770648938569388	X070390PAXGENEDAY540_L8.LB23
0.284018232093355	0	0.295727086065875	0	0	0.104017975199724	0	0.0062791369437633	0	0	0	0	0.026288873678229	0.0725058894238511	0.0135289678080451	0	0	0.123275069798705	0.0398692104865829	0.0344895585018705	0	0.658476041455551	0.759359545813048	X070390PAXGENEIC_L8.LB25
0.132348447598996	0	0.411343222760886	0	0	0.140653846958759	0	0.0025383058739457	0	0	0	0	0	0.103261784449082	0	0	0.0723751537935941	0.108860282401693	0.0277619505151381	0.000857005647906104	0	0.615148652275183	0.796020561848526	X070391PAXGENEDAY180_L3.LB23
0.0765851722361038	0.0517127623391341	0.346914177713266	0	0	0.1496477469199	0.00663322113783195	0.00748488359180227	0	0	0	0.019261509406138	0.0154790871125735	0.0584225737172921	0	0	0.0156280354278098	0.0987963251750315	0.025150948110834	0.128283557112283	0	0.634642788889639	0.791341977906918	X070391PAXGENEDAY540_L3.LB25
0.186962882568995	0.00894747525118534	0.30716256551282	0	0	0.222113432635653	0	0.00911305937690106	0	0.0313227648029319	0	0	0	0.0508858094351621	0	0	0.0635816233865963	0.0792799099886078	0.0233238192462324	0.0173066577949152	0	0.615791328166357	0.792531156519619	X070392PAXGENEDAY0_L8.LB1
0.0589128833250798	0.099051911238085	0.252470420653955	0.03935930459118	0	0.178169216827933	0	0.0126499191408854	0	0	0	0.03754239508489	0	0.0562797590837067	0.0299221011066795	0	0	0.128424953507818	0.0478316030347604	0.0593855324050267	0	0.607916136779255	0.800372842592633	X070392PAXGENEDAY180_L8.LB2
0.185660221970685	0.00775105646061416	0.235202064597009	0	0	0.19249898701681	0	0.0135370655683156	0	0	0	0	0	0.0872320334867573	0	0	0.0549690781351595	0.151843599318138	0.0429673964650123	0.0283384969814988	0	0.588499955527965	0.811187858120595	X070392PAXGENEDAY360_L8.LB3
0.11698931459815	0.0538111949880364	0.207482706543994	0	0	0.222648057080631	0	0.0107208668933393	0	0.103028414737303	0	0	0.0083629395964376	0.0307980916385506	0	0	0.0491175087706711	0.17991930959058	0.0171215955623066	0	0	0.564033603382475	0.825146178730775	X070392PAXGENEDAY540_L1.LB4
0.241574205526331	0	0.20423760998105	0.00865853461323155	0	0.0696262632345171	0	0.00714487412822323	0	0.0126529763234682	0.00480977382664336	0	0	0.137349583079148	0	0	0.0365715482567567	0.2530262123164	0.0186566260928208	0.0056917926214107	0	0.605115202813386	0.797277850442103	X070414PAXGENEDAY180_L1.LB5
0.110040010408228	0	0.345303797495917	0	0	0.0803747945283179	0	0.0103733754087804	0	0	0	0.0225982697181421	0.0263063053760061	0.0591676501289116	0.0477619835135207	0	0	0.266869190596058	0.0312046228261176	0	0	0.599841691758057	0.808532670801143	X070414PAXGENEDAY360_L1.LB6
0.120026254267668	0.0171705749476129	0.446126893812646	0	0	0.104544383871138	0.00941523277166619	0	0	0.0206326595246989	0	0	0	0.0348375958607319	0	0	0.113427624668588	0.124334199218252	0.00648212979884605	0.00300245125815304	0	0.665220172116583	0.768494991218655	X070414PAXGENEDAY540_L1.LB7
0.10612704448891	0	0.628265410202513	0	0	0.0485689368154291	0	0.0124346432237099	0	0.0101158693257613	0	0	0.0119463763637184	0.00992630063397838	0	0	0.00655848285417516	0.133168791580216	0.032888144511589	0	0	0.65496972033761	0.776617815625198	X070414PAXGENEIC_L8.LB8
0.144739212591737	0.0829231784435743	0.335129952232547	0.0412542303805331	0	0.114209748139741	0	0.0136330398599338	0	0	0	0.0369118982010321	0	0.0685516690898953	0	0	0.0237823684707254	0.0668377614477324	0.0414719722731518	0.0305549688693978	0	0.641036197060081	0.774147066229392	X07_0424D020uL07_0424_L1.LB3
0.191804071571078	0.0398635948496319	0.334745074826073	0	0	0.100826656072684	0.00214526814116483	0.00344923486365357	0	0	0	0	0.0614651811330483	0.0578736622632947	0	0	0.0357966626627681	0.115809647735341	0.0344981767173522	0.0217227691639104	0	0.651406091563196	0.763747423486645	X07_0425D020uL07_0425_L3.LB1
0.291549017342689	0	0.400840641188105	0	0	0.0784608767873354	0	0.00220197705244291	0	0.0202795432187125	0	0	0	0.0599783856486895	0	0	0.0521906745429128	0.0441232278151971	0.0256548973129732	0.0247207590909425	0	0.683454867031296	0.743656704078964	X070425PAXGENEDAY180_L2.LB13
0.24136026820141	0.0840647241499429	0.275343053093242	0	0	0.0981324159044556	0.0629623071224428	0.0043063643828612	0	0.0404448550604733	0	0	0.00616652770827363	0.0433219793090861	0	0	0	0.0786995353032915	0.0280344857691398	0.0371634839953816	0	0.700620593305748	0.72473193998363	X070425PAXGENEDAY360IC_L2.LB14
0.279399416735735	0.0351468534472488	0.292339349844245	0	0	0.0914798533024851	0.0188811247399196	0.00926381145609435	0	0.00474069761132169	0	0	0.00640801221889524	0.0647916604949131	0	0	0.0283885806728148	0.0735597882050555	0.0404063606782178	0.0551944905930538	0	0.6902138317563	0.735810606662788	X070425PAXGENEDAY540_L2.LB15
0.119609020329886	0.0677170675032414	0.441480644058432	0	0	0.102041751759526	0.018146726394419	0.0077052281324076	0	0.0398025984065301	0	0.0696350999054026	0	0	0	0	0.0115935089948765	0.046985679130017	0.0364521602363833	0.0388305151488786	0	0.708280996284033	0.736156953981328	X070438PAXGENEDAY0_L4.LB3
0.0675996430252399	0.0720053577823268	0.387675900691917	0.0182336679170338	0	0.14068828366115	0	0.0123139465773703	0	0	0	0.0617837753780787	0.0186865825025558	0	0	0	0	0.073666398895498	0.0884507860588967	0.0588956575099331	0	0.701570214904201	0.74324519975515	X070438PAXGENEDAY540_L8.LB27
0.0811969953668854	0.143449070135327	0.394356944808872	0	0	0.138932414358273	0.0155920044771863	0.00840721667814324	0	0.0594958381782402	0	0	0.0217411774543614	0	0	0	0	0.0516286312397046	0.0567504808848881	0.0284492264181191	0	0.693079181717207	0.730283926327758	X07_0440D020uL07_0440_L1.LB4
0.0589635542757104	0.10826133750228	0.351394812855317	0	0	0.144533523382102	0	0.0149234518928472	0	0.123588433125881	0	0.0213957639655005	0	0.0461887783191715	0	0	0.0267753838190996	0.0178556222913245	0.0566692275110815	0.0294501110596844	0	0.681762113185236	0.741595043881593	X070440PAXGENEDAY540_L4.LB16
0.257993763523927	0.0254368707447539	0.312659963020069	0	0	0.0924285831571702	0	0.00932894935270996	0	0	0	0	0	0.072468103852671	0.0193069312494294	0	0	0.09077787836131	0.04739442953616	0.0722045272017991	0	0.676008333755722	0.750527742388536	X070630PAXGENEDAY180_L3.LB20
0.225313220052566	0	0.238562184591195	0	0	0.0772820013769421	0	0.0016821215905487	0	0.0520519185897019	0	0	0	0.105900763720234	0	0	0.061946592103865	0.218920807115264	0.0148581690920654	0.00348222176761797	0	0.633571587625457	0.780602241073841	X070630PAXGENEDAY360_L3.LB21
0.378404800178675	0	0.31538101728586	0	0	0.0505447871230511	0	0.00399739178065382	0	0.0852970455294464	0	0	0.0411725246483304	0	0	0	0.0240101572152748	0.0675579191583844	0.0115706225230409	0.0220637345572832	0	0.703677562102185	0.717964142688807	X070630PAXGENEDAY540_L8.LB22
0.137208087709366	0	0.384315243427257	0	0	0.160922003562086	0	0.0108283515121806	0	0	0.0148152809029707	0	0	0.0448998130249013	0	0	0.0693580419899018	0.133203183912506	0.0215391075045242	0.0229108864543065	0	0.673951339746892	0.764254517252418	X070663PAXGENEDAY180_L1.LB10
0.159837094908333	0	0.431787963687522	0.00661481474492419	0	0.140788097691181	0.00764780052389871	0.00794966817188875	0	0	0	0	0.010783043169082	0.0713999280386281	0.00449570680031724	0	0	0.134376343022307	0.0236524032534294	0.000667135988488381	0	0.652764384221811	0.771731909506219	X070663PAXGENEDAY360_L2.LB11
0.0610442643696289	0.00924252222123569	0.398492818113765	0	0	0.212138527047489	0.00738076189204872	0.00559418002622207	0	0	0	0.0104436722195577	0	0.0800500993232077	0.00485946834181626	0	0	0.105839658828922	0.0279775446736846	0.0769364829424211	0	0.642317643808633	0.785043671891975	X070663PAXGENEDAY540_L2.LB12
0.05508404156956	0.0322956749546196	0.38251291679066	0	0	0.22762032259884	0	0.0185164241406377	0	0	0	0.00398246254802951	0	0.0897014663402888	0.00554912082381513	0	0	0.11049722069239	0.0388161875653821	0.0354241619757771	0	0.641876691701552	0.777815878155531	X070663PAXGENEIC_L6.LB16
0.155541785163483	0.0179971289995752	0.265333915285027	0	0	0.122283012079942	0	0.0189526860291378	0	0	0	0	0.009469802672439	0.0970293539892679	0.0452121832270714	0	0	0.150066949353406	0.0370608837019299	0.0810522994987203	0	0.563196044710584	0.828834439004819	X070692PAXGENEDAY180_L5.LB14
0.119966590102407	0.0860815625102464	0.2991926648239	0	0	0.155750129135834	0	0.0142780188160588	0	0	0	0.000520638660292298	0	0.104678196008072	0.0611261435738323	0	0	0.0687550515727329	0.0351157679769279	0.0545352368196968	0	0.639982946587968	0.774227879355602	X070692PAXGENEDAY360_L7.LB20
0.182819118587524	0	0.407655691885112	0	0	0.224458444824046	0	0.00324550434037407	0	0.0246009091461323	0	0	0	0.0701636460561033	0	0	0.0369706018207535	0.0377849609352127	0.0123011224047414	0	0	0.647665419712382	0.76918700142292	X070692PAXGENEIC_L7.LB21
0.0644540576635975	0.1013536589784	0.32745169243483	0	0	0.10131346645167	0.0288055179296093	0.006811219150934	0	0.0383073985956372	0	0	0.0146065456031819	0.00536558633487809	0	0	0.114097514135788	0.0821495859248902	0.0342836545746175	0.0810001022219652	0	0.666297370918695	0.765796446263227	X071003PAXGENEDAY180_L5.LB12
0.0673862383236673	0.0455076341247828	0.362452361896623	0.0273562332592185	0	0.221594449771884	0	0.00612686778968121	0	0	0	0	0	0.0102717844724875	0	0	0.131398046836883	0.0599586988729021	0.0334991373806544	0.0344485472712158	0	0.655971989038426	0.769410392031991	X071003PAXGENEDAY360_L4.LB4
0.116596954627577	0.0963472843884064	0.309433625167064	0	0	0.132069634532778	0	0.00881523836651643	0	0	0	0	0.0253647031863262	0.000491759569300201	0	0	0.0886425809566444	0.10361875148037	0.0695727232961011	0.0490467444289174	0	0.687652723292685	0.742905800983176	X071003PAXGENEDAY540_L4.LB5
0.154330603223452	0.0682489321373103	0.47181773110022	0	0	0.0848306524222785	0.0156814196653371	0.00811605457467466	0	0	0	0.00156690972572053	0	0.0117532748910167	0.0486254077479647	0	0	0.0554047257199933	0.0400026778804689	0.0396216109115637	0	0.678969399288815	0.752558251825875	X071104PAXGENEDAY180_L3.LB20
0.216997789419241	0	0.386941851055633	0	0	0.0164771829874818	0	0.00468010104807316	0	0.0158818504469795	0.0126146634112128	0	0.0188133766102021	0.0457900142094891	0	0	0.0255450461838216	0.225332404193718	0.0309257204341473	0	0	0.588905210064857	0.810989636597535	X071104PAXGENEDAY540_L3.LB21
0.078313389171928	0.0111539853871411	0.44455522156266	0.0233738090916064	0	0.120113395514007	0	0.000136588895796809	0	0	0	0	0	0.130990348664628	0	0	0.0407027052635387	0.119723693557608	0.0197423558391808	0.011194507051905	0	0.626480762148959	0.790446726758144	X071112PAXGENEDAY0_L6.LB14
0.407524453361849	0.0629056952755276	0.186390534089229	0	0	0.0470737186236155	0.0280869927887791	0	0	0	0	0	0.103483018770313	0	0	0	0	0.0455145168349708	0.0331266952129327	0.0858943750427837	0	0.638830189591724	0.771983280114143	X071112PAXGENEDAY180_L5.LB13
0.163997742337568	0	0.409185713193237	0	0	0.0626314810383548	0	0.00302748764905621	0	0.0125986700506255	0	0	0	0.102715068127843	0	0	0.0672991063368688	0.171800476600684	0.00674425466576175	0	0	0.622751751663133	0.791957644882691	X071112PAXGENEDAY360_L6.LB16
0.162004641112148	0	0.303791394615261	0	0	0.0885674571030112	0	0.00464199826349484	0	0	0	0	0.00657694528674956	0.119180960703701	0	0	0.0878563918995721	0.195276782128936	0.0321034288871266	0	0	0.602796979308615	0.802819899741963	X071112PAXGENEDAY540_L7.LB18
0.0737863708785339	0.087533339869511	0.340427187748151	0.0957721350498193	0	0.125008246711838	0.0300558577781292	0.00401807222840511	0	0.0147917787560443	0	0.00665749402336859	0.0106602379373537	0	0.0118949764334913	0	0	0.0945268367325486	0.0445915504743032	0.0602759153785029	0	0.657101272664668	0.776514851293784	X071115PAXGENEDAY0_L6.LB21
0.131025730034573	0.10462986236907	0.382021376389675	0	0	0.0856649437996296	0.027662139374051	0.00774574550537457	0	0.00105462133854756	0	0	0.0271739135109341	0	0.00511809899069899	0	0	0.175289059168707	0.0526145095187394	0	0	0.673006915997519	0.749930449407973	X071115PAXGENEDAY540_L5.LB6
0.168616882254168	0.0633106685826389	0.449610711974398	0	0	0.162527657271146	0	0.0084260332664877	0	0	0	0	0	0.0485455051721651	0	0	0.0446207188153874	0	0.052534466396614	0.00180735626699483	0	0.702030156003523	0.725066768087883	X071132PAXGENEDAY0_L5.LB8
0.0541561040735207	0.0829495038632529	0.396143933739998	0	0	0.172153905812451	0.0510720777798766	0.00160029489488064	0	0	0	0.0146878264727669	0	0.0610942268089192	0	0	0.0883138662100984	0.0161411833028423	0.0339663092531022	0.0277207677882912	0	0.693314914313385	0.741990203328271	X071132PAXGENEDAY180_L5.LB9
0.0993101193097788	0.0397019323528818	0.497794530889302	0	0	0.125117820538053	0.0280399885513396	0.0105773847168129	0	0	0	0	0	0.0737212258053464	0	0	0.0788804119369694	0.0174237098303274	0.0294328760691891	0	0	0.691537941239941	0.742965889796689	X071132PAXGENEDAY360_L5.LB10
0.0846350708865799	0.0130868909820436	0.521263053391898	0	0	0.149234532506532	0	0.00631661890488404	0	0.00722340112852422	0	0	0	0.0453202776870624	0	0	0.0963012996839458	0.0274545709943614	0.00909323441316023	0.0400710494210084	0	0.696972786121831	0.745327584998057	X071132PAXGENEDAY540_L6.LB11
0.0135896754381938	0.0620802966575671	0.440031488693355	0	0	0.162379268076954	0	0.00394401068997198	0	0.0725803351367146	0	0	0	0.0452702890139987	0	0	0.0920996580907782	0.0628684740301537	0.0451565041723124	0	0	0.691708810573721	0.740544620429889	X071135PAXGENEDAY0_L7.LB22
0.0432918010851461	0.110042401836575	0.439551736011825	0	0	0.126030312875143	0.032297970232625	0.0029548299566584	0	0	0	0.0238174676791265	0	0.064815605782224	0.0514246001381121	0	0	0.0498567540672427	0.0483766834934097	0.00753983684191289	0	0.680535509164222	0.748058021289811	X071135PAXGENEDAY180_L7.LB23
0.206640969908617	0.0511654656951741	0.434236866070606	0	0	0.111727122253498	0	0.00786530669165778	0	0.00837624211246864	0	0	0	0.0406227908252732	0	0	0.0188499378124014	0.0758386103506281	0.0433666985791976	0.00130998970047842	0	0.683606851775027	0.741548136859893	X071135PAXGENEDAY360_L8.LB25
0.0843551725439292	0.0541284677000489	0.469910882906539	0	0	0.10188057955122	0	0.00190135583901556	0	0.0866332985710489	0	0	0	0.0661864899346728	0	0	0.0773043791508943	0.0303324064466798	0.0273669673559517	0	0	0.692909796677126	0.738817147748401	X071135PAXGENEDAY540_L8.LB27
0.145337180818086	0	0.455268444181062	0.0178904793312897	0	0.0763085551104608	0	0	0	0	0	0	0	0.067927845937423	0	0	0.0486389308222418	0.154448355003916	0.0220741759246229	0.0121060328708984	0	0.671534891173945	0.767079178232255	X071147PAXGENEDAY0_L8.LB1
0.110641396340204	0.0891721733976557	0.287591025853775	0	0	0.122044139821637	0.00647238838327544	0.00998930590471435	0	0.049138493264592	0	0	0	0.0909622844498535	0	0	0.0798948608181544	0.126537584932164	0.0275563468339737	0	0	0.676121890544089	0.748189114492918	X071147PAXGENEDAY540_L5.LB4
0.080682348076823	0.126023807071213	0.424274237919479	0	0	0.124981432694563	0	0.0148453029121571	0	0	0	0	0.00942473309786383	0.0425135422233182	0.028122705789044	0	0	0.0372855831798637	0.0405587770188653	0.0712875300168096	0	0.701011524551985	0.729941282995061	X07_1153D030uL07_1153_L8.LB11
0.330591152362582	0.0365322708260088	0.27968303512065	0	0	0.105501550618237	0	0.0152320734886937	0	0	0	0	0.0174006579846749	0.0237663644377446	0.0483664870824726	0	0	0.0264535924496704	0.0476684134546464	0.0688044021746194	0	0.710724441496793	0.714817350133554	X071153PAXGENEDAY180_L4.LB1
0.178780778817229	0.0893650530379653	0.307217588136309	0.0330681166264559	0	0.0949034712749545	0.0424149124633554	0.00764990752999025	0	0.010592586890252	0	0	0	0.0792242057829206	0.00652423005536228	0	0	0.0818895194410908	0.0437239328833466	0.0246456970607684	0	0.6817840572205	0.742705275639344	X071153PAXGENEDAY360_L4.LB2
0.142044957518694	0.0489735576861831	0.298499117923518	0	0	0.176720299747356	0.00642610564581293	0.0257883579061857	0	0.0141647761251425	0	0.0102120136612351	0	0.0899149648843688	0.0311116301847724	0	0	0.0922263935501456	0.0639178251665857	0	0	0.66142321261822	0.759386310225192	X071153PAXGENEDAY540_L4.LB3
0.0903740766688416	0.0833754228071718	0.373898419567815	0	0	0.141922339672878	0	0.013594796293437	0	0	0	0	0.0103983017790807	0.0470862944407167	0.0357008919506793	0	0	0.0550374610829424	0.0206563686534541	0.127955627082983	0	0.659279039935209	0.770276356769775	X071153PAXGENEIC_L6.LB19
0.0960018341776033	0.0402392892238728	0.504377353001544	0	0	0.15895957437137	0	0.00615438115070197	0	0.0240552748708785	0	0.0234868489514344	0	0.0237875631287712	0	0	0.0613897705720509	0.00344863146438198	0.0580994790873911	0	0	0.645070638632861	0.772328748498587	X07_1158D025uL07_1158_L4.LB9
0.193966192593051	0.0422553170824339	0.352218349522096	0	0	0.130851076309673	0.00804136351790187	0.00146338064021866	0	0.0478263487315413	0	0.00750113165086467	0	0.0162394118761527	0	0	0.100218926963898	0.0284796779535573	0.0164455471162051	0.0544932760424053	0	0.701064232199525	0.736420083707388	X071158PAXGENEDAY180_L2.LB16
0.184264637414733	0.0134380867130906	0.419688923033675	0	0	0.153120462030285	0	0	0	0	0	0	0	0.055683459013115	0	0	0.081418941960331	0.0534330285856927	0.0389524612490778	0	0	0.641114692736363	0.776024942412275	X071158PAXGENEDAY360_L3.LB18
0.126857980956721	0.111171019105533	0.254108010433464	0	0	0.128012175252734	0.0807051741377748	0	0	0	0	0.057753485293348	0	0.0552772551186951	0	0	0.0608609977647468	0.0321379379059232	0.0574818608245655	0.0356341032064949	0	0.682049104933358	0.746096831736629	X071158PAXGENEDAY540_L3.LB19
0.144832960006168	0	0.518042872688401	0	0	0.12228594352092	0	0.00353059280744687	0	0.0135797705457809	0	0	0	0.0301313445874453	0	0	0.0588950990357734	0.0975204385183386	0.0111809782897267	0	0	0.679296169265006	0.757442910715924	X090226PAXGENEDAY0_L8.LB2
0.0859381875487936	0.0757799933106991	0.472766076434134	0	0	0.107945353300182	0	0.0140611334613491	0	0	0	0.042858156696896	0	0.0599543808620972	0	0	0	0.0714194003169255	0.0355982514916185	0.0336790665773045	0	0.698307283380018	0.738728527152205	X09_0278D025uL09_0278_L6.LB8
0.102506005723476	0.0630469965645528	0.401529490444095	0	0	0.124641971332227	0	0.0220948563133716	0	0	0	0.0311272102777911	0.0131179769211906	0.0372564089364742	0.0107522860237103	0	0	0.0858943447901364	0.0343034270437314	0.0737290256292447	0	0.676735965853537	0.758187194913464	X090278PAXGENEIC_L6.LB13
0.130665756640121	0.0218028516873684	0.44106795888427	0	0	0.0723599414830125	0	0.0100234199348037	0	0	0	0.053088584012803	0	0.0218403638433368	0.0217596131175717	0	0	0.169218500392445	0.0352648429838502	0.0229081670204172	0	0.658946591222855	0.776392586253094	X090350PAXGENEDAY0_L2.LB14
0.11394835908774	0.0445017303761277	0.365309366013494	0	0	0.144480378670805	0.0193826126816533	0.0069591235461186	0	0	0	0.0158570290859198	0	0.0802484245632595	0	0	0.0600532738048854	0.0848608542039984	0.0212362229005994	0.0431626250653992	0	0.661054363616311	0.768075427695003	X09_0377D020uL09_0377_L1.LB5
0.128281017598714	0.0617618835257184	0.380548247692063	0.0168962119569114	0	0.0699822842837091	0.0146780325390515	0.0033437387387844	0	0.0169559858154399	0	0.0155157235285395	0.00844378350250861	0.0500426881491292	0	0	0.0281665619701631	0.053600280081957	0.0128738360641628	0.138909724553148	0	0.663362969929585	0.773847931650407	X09_0397D025uL09_0397_L4.LB8
0.0724460108632654	0.0500422032385929	0.444433212390556	0	0	0.129399430802347	0	0.0103185788913956	0	0.00559615163029207	0	0.0423835729078286	0	0.00817914701894938	0	0	0.102298027272454	0.0477207666059871	0.0304733975028408	0.0567095008754908	0	0.662646822721268	0.770672866637366	X090398PAXGENEDAY0_L1.LB8
0.18854498837971	0.0896262489872996	0.400158381725093	0	0	0.121681599422977	0	0.010422477915993	0	0	0	0.00643210377329612	0	0.0858790648612891	0	0	0.0126654452901441	0.0142299058069328	0.0430760471877592	0.0272837366495062	0	0.695166189163622	0.72681849009567	X090406PAXGENEDAY0_L3.LB19
0.0475430216440103	0.0278826354938633	0.419452160895298	0	0	0.0944946755947021	0	0	0	0.066677911512965	0	0	0.000104226847495583	0.055374705070245	0	0	0.0369342836249305	0.17359083664106	0.0674761000243558	0.0104694426510737	0	0.610330463108566	0.802896261742878	X09_0428D030uL09_0428_L6.LB11
0.0988488245290134	0.0659610118797137	0.498466523406967	0	0	0.0805316215299457	0	0.00705881514140499	0	0	0	0	0	0.0644709618361905	0	0	0.0490380273424104	0.0597641563373131	0.0314557221097356	0.0444043358873055	0	0.638321493269579	0.780332076997249	X090460PAXGENEDAY0_L1.LB6
0.166876423612604	0.0424563496364227	0.280424081550584	0	0	0.282909315199316	0	0.00839714292704124	0	0.00234461471649976	0	0	0	0.0583715228960916	0	0	0.0352398311902362	0.0596147997200347	0.028417666879066	0.0349482516721035	0	0.686631656403354	0.739622227861754	X09_0462D025uL09_0462_L5.LB3
0.11081933510768	0.0598581025204379	0.380477358458533	0	0	0.0904530334078654	0.0512442096956937	0.00385400942596938	0	0.01316084353936	0	0.0273831061824815	0	0.0667109394837904	0	0	0.0486786800712097	0.0735943822615391	0.0342019394136024	0.0395640604318377	0	0.65054957840472	0.776543819419647	X090467PAXGENEDAY0_L6.LB22
0.0274928824843028	0.0287849250285585	0.520222046737633	0	0	0.261504461759924	0	0.0114453821845297	0	0.00751186898730293	0	0	0.00472871371574893	0.00978612970639699	0	0	0.0702883163055144	0.0209793456490521	0.0313756663479383	0.00588026109309904	0	0.686079416355186	0.740768601124919	X090489PAXGENEDAY0_L2.LB12
0.136645699964203	0.0476526146291217	0.314126963307964	0.0470801494067882	0	0.182369223742733	0.00430993740350594	0.00506879287209322	0	0	0	0	0	0.0431083318105489	0	0	0.127085143625764	0.0274767350360032	0.0290081088435624	0.0360682993577131	0	0.628567043374656	0.785753577975698	X09_0507D020uL09_0507_L3.LB2
0.183898882224377	0.0863185997651804	0.180503391073403	0.0579303167239847	0	0.136571350383616	0	0.00914706353959351	0	0.00880109246346373	0	0.0265911362489285	0	0.0645759371835039	0.0518186313414383	0	0	0.0704985233696061	0.0376963146029938	0.08564876107991	0	0.707558973455366	0.728271285823154	X090507PAXGENEIC_L6.LB15
0.177116961400929	0.093194899779321	0.360100488635302	0	0	0.0999697724490438	0.0396233580362165	0.00431889197444394	0	0.0182131855616416	0	0.0125304842993709	0.0057797777828431	0.0380484303225301	0	0	0	0.0735987517057475	0.0194231858095799	0.0580818122430301	0	0.684955543521918	0.742106162978366	X09_0520D030uL09_0520_L7.LB4
0.196982155804785	0	0.325778740407545	0.0237709418518447	0	0.0384809427370743	0.00728384378323015	6.64083811123339e-05	0	0	0	0	0.000791644799491067	0.118315363517718	0	0	0.0181675937088571	0.211142299384197	0.0521930024825724	0.00702706314157407	0	0.600980363444628	0.803523765606261	X09_0532D020uL09_0532_L2.LB7
0.09844111641173	0.0618798269231833	0.371866385843695	0	0	0.063130209950236	0.0361757808272709	0.0050120428411981	0	0	0	0.016298754112564	0	0.0759967894344755	0.0612755753176671	0	0	0.150082787187696	0.0322374148345758	0.0276033163157074	0	0.624491461280978	0.793317870508898	X09_0578D020uL09_0578_L2.LB8
0.168444156143501	0	0.351916302400691	0.0453046366995844	0	0.100113275200614	0	0.00722899760499703	0	0	0	0	0.0185710612636117	0.117642800211441	0	0	0.0116958280357898	0.0774480194260917	0.0452303201066419	0.0564046029070369	0	0.642845443336266	0.779231712931776	X09_0587D025uL09_0587_L5.LB4
0.0974273567067681	0.100253657633885	0.337824031370077	0	0	0.074683845795746	0.0427864409106687	0.00231514587616373	0	0	0	0.0419127874452706	0	0.0500208732865778	0.0598127919218375	0	0	0.113309478067822	0.0423353926014716	0.0373181983837109	0	0.615137842714994	0.795765529417817	X09_0624D020uL09_0624_L3.LB3
0.0920958898766281	0.0651990064407265	0.455913109275731	0	0	0.0623963069320962	0.00432090357002831	0.00184698530301533	0	0	0	0	0	0.0610182495277334	0	0	0.00143547284235099	0.229792908647578	0.0259811675841127	0	0	0.672649339062854	0.758276801976485	X090624PAXGENEIC_L7.LB18
0.109190754562381	0	0.445897515539056	0	0	0.104217793596038	0	0.00845701418643915	0	0.017188778908286	0	0.000629862014597509	0	0.0523591369177253	0	0	0.0793423185436191	0.135198621142378	0.0235692127843618	0.0239489918051176	0	0.655249464000971	0.778578843367313	X090625PAXGENEDAY0_L4.LB25
0.105286358705631	0.0832018044731416	0.365493532201224	0	0	0.1053216091727	0	0.0176893357056104	0	0.0772441311361595	0	0	0	0.047757072090217	0	0	0.027748625330479	0.0666576332688487	0.0405926717447136	0.0630072261712754	0	0.703658638998352	0.734179778957611	X090628PAXGENEDAY0_L4.LB1
0.167813620520427	0.101914149118713	0.317467658310869	0.0305648185447257	0	0.142044850438156	0.0751786989185542	0	0	0	0	0	0.0474786613695497	0	0	0	0	0.00973422320606996	0.0329838810520619	0.0748194385208739	0	0.653837994879521	0.76378282290488	X09_0644D030uL09_0644_L8.LB12
0.0749273350706556	0.143929680871513	0.30670554120494	0.000796383777647391	0	0.2010978234759	0.0179641648604696	0.00732810897755923	0	0.0124829892137409	0	0	0.060583222523579	0	0.0513249075159216	0	0	0.011582534642279	0.0434110976311383	0.0678662102346564	0	0.49270030782912	0.871991693698755	X090644PAXGENEIC_L7.LB20
0.107050230217854	0.11404646564614	0.394183715025366	0	0	0.11233971104813	0	0.0133305907639505	0	0	0	0.0232864007378501	0	0.0578251631341097	0	0	0.0189377776516093	0.00742730033386078	0.0306954039602324	0.120877241480899	0	0.676411283165273	0.751017431335712	X09_0712D025uL09_0712_L5.LB5
0.149746492246701	0.0577331756722786	0.341550347589178	0	0	0.114110840341156	0	0.0101485032376327	0	0	0	0.0429205351805906	0	0.0905888080070807	0	0	0.0206186879572965	0.111814595286885	0.0213124850702897	0.0394555294109119	0	0.66788448989703	0.757607705766368	X09_0721D030uL09_0721_L7.LB6
0.138412137283558	0.0717691183590494	0.333205167173332	0	0	0.168268916629122	0.0311020606494144	0.00744418111931985	0	0.0122526941710674	0	0.0241074228534778	0	0.0577919750764296	0	0	0.0102118313088301	0.0738845736853006	0.0494226937612846	0.0221272279298136	0	0.664279341214229	0.75878450562436	X090745PAXGENEDAY0_L1.LB5
0.176668508862318	0	0.329491918198778	0.0455646424974821	0	0.101170237704421	0	0.000757079624513418	0	0.00038311786273684	0	0	0	0.0872339259097637	0	0	0.0269178999619963	0.208828335721346	0.0229843336566442	0	0	0.616940206457703	0.796162078345518	X09_0789D020uL09_0789_L3.LB4
0.135527614678095	0.0774130829439024	0.392071528701856	0	0	0.0829196840181004	0	0.016302136569832	0	0	0	0.0345640572735095	0.0166089114812233	0.00807024004311681	0.0697873416440279	0	0	0.0890481186029847	0.0356829869907953	0.0420042970525565	0	0.700347518723939	0.738629472636292	X090789PAXGENEIC_L7.LB22
0.108055829142125	0.0476100791750326	0.453549132203537	0.00976624517411259	0	0.0741637458847461	0	0.010120032117462	0	0	0	0.0360427724050662	0	0.0697901187948788	0	0	0.052921761911492	0.0289252842305759	0.0228336239396299	0.0862213750213429	0	0.70441996599508	0.744819972654418	X090796PAXGENEDAY0_L3.LB18
0.189449802726712	0.0476095216394222	0.392027909503209	0	0	0.102508799387275	0	0.00780401634022472	0	0.00669648971064409	0	0.0252164602557459	0	0.0814248932308854	0.0127170535504648	0	0	0.0894854076355309	0.0450596460198852	0	0	0.673338888631094	0.749813336260781	X090818PAXGENEDAY0_L1.LB9
