Macs_IFN_B1a_Macs_IFN_y	Macs_IL_10	Macs_IL_4_Macs_IL_13	DCs_IFN_B1a	DCs_IFN_B1a_DCs_IFN_y	DCs_IL_10	Monos_IFN_B1a_Monos_IFN_y	Monos_IL_10	Monos_IL_4_Monos_IL_13	PMNs_IFN_B1a	PMNs_IFN_B1a_PMNs_IFN_y	PMNs_IL_4_PMNs_IL_13	P.value	Correlation	RMSE	sample
0	0.0083671827357748	0.0128820919272439	0	0.462648244189975	0.0325079065390796	0	0	0	0.0713733249517768	0.395693093607512	0.0165281560486389	0	0.750316643479316	0.661319872736124	S100_day_7
0	0.0512351824333226	0.043498715648088	0	0.384660176606727	0.0264959883257916	0	0	0	0.0934292329701483	0.400680704015923	0	0	0.748042298821867	0.662993090447176	S100_DX
0	0.0357539790695376	0.0821672347450683	0	0.316091217653335	0.0285277878916153	0	0	0	0.0156277535889662	0.521832027051478	0	0	0.816521435499878	0.581139615327665	S100_week_24
0	0.0186983525100334	0.00169572467046774	0	0.491152315484472	0.0188850341917051	0	0	0	0.0767807993926263	0.392787773750695	0	0	0.781935644549657	0.626245970747087	S100_week_4
0	0.0575540695008668	0.0394548764087166	0	0.347119403422067	0.0110717946116215	0.0121114153159735	0	0	0	0.532688440740755	0	0	0.826180449367965	0.567261386426617	S101_day_7
0	0.0646317635693177	0.0423000227898801	0	0.109475858661767	0.0316964578773887	0.0200968910085834	0	0	0.285637191090664	0.4461618150024	0	0	0.831930986365479	0.556133603577901	S101_DX
0	0.0839619627542307	0.0952022874260755	0	0.292633046599006	0.0644319990142743	0	0	0	0	0.463770704206414	0	0	0.716055579677041	0.696842590915235	S101_week_24
0	0.0977457131595791	0.122414426596048	0	0.186083536249374	0.0297198082939938	0	0	0.0368413899763581	0.0188847733811315	0.508310352343515	0	0	0.726450178598692	0.686286849152165	S101_week_4
0	0.0688446597345637	0.0798175196407548	0	0	0.119375558886438	0	0	0	0.280467855507689	0.451494406230554	0	0	0.8357737121691	0.55264680455207	S102_day_7
0	0.0322077877164107	0.175724401803819	0	0.0560670455445763	0.0764804805965182	0.0224174722016763	0	0	0.0699687693609965	0.567134042776003	0	0	0.80057236306018	0.59999930453827	S102_DX
0	0.0414639390125938	0.0949533173078308	0	0.108209793134704	0.0958236603782429	0.00319620016640687	0	0	0.449299199991077	0.207053890009145	0	0	0.803731584380197	0.605066468097433	S102_week_24
0	0.0427513855636671	0.0757857805976358	0	0.32805936695866	0.0336908174255005	0.0381753088435963	0	0	0.072167585053313	0.409369755557627	0	0	0.762798768097345	0.648051362689775	S102_week_4
0	0.0116951165971262	0.0762968314796551	0	0.311316163295102	0.0227635945736246	0.0332703656824984	0	0	0.183110225838622	0.361547702533371	0	0	0.807393187900254	0.59822041711145	S103_day_7
0	0.0251888820801264	0.0512447695863142	0	0.149044920744195	0.0502852976711794	0.0936748963377886	0.000255063095729252	0	0.321420730721866	0.308885439762801	0	0	0.773040339062148	0.635270896675517	S103_DX
0.000802279063642093	0	0.066437495091129	0	0.319944891627777	0.0615723019653501	0.0226546370441556	0	0	0.141897922920383	0.386690472287563	0	0	0.780220628585803	0.629533671957197	S103_week_24
0	0.00583018686142207	0.0832601275653223	0	0.336648818394734	0.00454217336571993	0.0253389084634027	0	0	0.104955680957156	0.439424104392243	0	0	0.80027864396565	0.603191668836183	S103_week_4
0	0.017741490133954	0	0	0.234213954445837	0.19504739483371	0	0	0	0	0.5529971605865	0	0	0.851525057000662	0.536550929558642	S104_day_7
0	0.00859135479223098	0.0718030591314231	0	0.302955590864144	0.0503009588105176	0	0.00399068210999865	0	0	0.562358354291686	0	0	0.855862902918962	0.526707568329764	S104_DX
0	0.0227469458662156	0.00338319946628051	0	0.454666857354024	0.00987248338884708	0.0211356484001653	0	0	0	0.488194865524467	0	0	0.838867999947468	0.55313168049271	S104_week_24
0	0.160601802546795	0.00844134390485226	0	0.174010639787456	0.0940418002423276	0	0	0	0.000782272069472963	0.562122141449096	0	0	0.697737418065749	0.724486124738281	S104_week_4
0	0.0179179301399795	0.0434150894572381	0	0.312666383705354	0.0313738135785544	0	0	0	0	0.577647766545355	0.0169790165735189	0	0.792677023820683	0.609086956079049	S105_day_7
0	0.0545680470478548	0.0573043621636822	0	0.0782408800612641	0.110507097876008	0.0404322286705706	0	0	0.145322049309713	0.513625334870908	0	0	0.804689853329998	0.594579283861979	S105_DX
0	0.0540385846438503	0.0353288203219836	0	0.258360373732445	0.063110313402535	0.0262141262622208	0	0	0.0816207188280468	0.438836611509418	0.0424904512995012	0	0.741237593578765	0.670432910920319	S105_week_24
0	0.11658610599112	0.021893122179305	0	0.137711386388326	0.0528022165234437	0	0	0	0.0445313576830482	0.507343177952687	0.11913263328207	0	0.738554549591275	0.673408668216044	S105_week_4
0	0.0977081010702153	0.02852275218578	0	0.0472331883201073	0.0970409258960358	0	0	0	0	0.729495032527862	0	0	0.826045570228527	0.567655648330113	S106_day_7
0	0.0449394319386923	0.0761163575667576	0	0	0.199909645901164	0.0232300345673254	0	0	0.0988965579231399	0.556907972102921	0	0	0.821698957208028	0.573444993319207	S106_DX
0	0.0480135368350029	0.0788586818980829	0	0.185282289932514	0.0214427434867694	0.0154536319900854	0	0	0	0.650949115857545	0	0	0.855062591210198	0.5212066503218	S106_week_4
0	0.108140445459667	0.017244400620476	0	0	0.267593144217568	0.0127638825538434	0	0	0.140875905519736	0.45338222162871	0	0	0.700333934483457	0.713093181114096	S108_day_7
0	0.0606241649936256	0.0792467266479365	0	0	0.224533406004012	0	0	0.00719844832391618	0.168425569051106	0.459971684979404	0	0	0.805846239868907	0.597678519935751	S108_DX
0	0.0626196604157127	0.0167377144593596	0	0.115791688609772	0.147093602351778	0	0	0	0.153192207465047	0.472160642409166	0.0324044842891655	0	0.806155954115211	0.594813616618452	S108_week_24
0.025598632580148	0	0.0194468620565782	0	0.195525091325563	0.200129093284437	0	0	0	0.43011521896739	0.129185101785884	0	0	0.833847252052902	0.586274285499198	S108_week_4
0	0.101813974373792	0	0	0.0876787897146359	0.13239795137816	0.0455656655077572	0	0	0.00407696367136185	0.437179911623359	0.191286743730935	0	0.641423771037391	0.764833896198144	S10_DX
0	0.0692345230753715	0.00696583456694052	0	0.534948335891304	0	0.0470320201784302	0	0	0	0.341819286287954	0	0	0.699446053255832	0.712888809400642	S111_day_7
0	0	0	0	0.428499594695591	0.0279813762704997	0.0223362232841139	0	0	0	0.521182805749796	0	0	0.812595130348415	0.585151878671044	S111_DX
0	0.103509616561817	0	0	0.403816402715189	0	0.0303501454152769	0	0	0	0.373300957885224	0.089022877422493	0	0.646091049983722	0.762128540733501	S111_week_24
0	0.0432511992145157	0	0	0.525808801994367	0.0288022874540796	0.0293344148025082	0	0	0	0.37280329653453	0	0	0.728115434493779	0.68486702311622	S111_week_4
0	0.0736471888753105	0.0263385920198993	0	0.436332848412186	0	0.0918509302065416	0	0	0	0.325707345061762	0.0461230954243004	0	0.666735609368444	0.743030865689019	S112_day_7
0	0.0881575463705183	0.0203351835631643	0	0.37996017213728	0	0.0324751653407384	0	0	0	0.479071932588299	0	0	0.747062290212519	0.664307580961749	S112_DX
0	0.109620163220217	0.0859010843389607	0	0.304500727239623	0.0405370399774216	0.000438588557215717	0	0	0.0291651594868055	0.429837237179757	0	0	0.718375665033164	0.694887669630301	S112_week_24
0	0.100917653726866	0.0406497441253253	0	0.386424452844727	0	0.0644141652344871	0.000310212707655496	0	0	0.39857499878585	0.00870877257508887	0	0.695859128192418	0.71721134114958	S112_week_4
0	0.0641359263027466	0.0795508729028548	0	0.251848185240722	0.0193548874299364	0	0	0	0	0.585110128123741	0	0	0.743557068778561	0.669300221999277	S123_DX
0	0.0676640100012772	0.0610020170371134	0	0.187643464541169	0.148353735796401	0	0	0.0267036249582644	0.223994311885065	0.284528384916722	0.000110450863988531	0	0.687489458607393	0.724389449780421	S123_week_24
0	0.0692270046414281	0.0571732463369345	0	0.264662874739255	0	0.0291507415510593	0	0	0.201300712729821	0.378485420001502	0	0	0.737261881923372	0.674196629207006	S123_week_4
0	0.000504599350604072	0.0164213246207737	0	0.411787680229458	0.0459217603060512	0.030361062297881	0	0	0.355706826010497	0.139296747184735	0	0	0.790564087088673	0.629424087159769	S124_day_7
0	0	0.0853171489725904	0	0.129011410191759	0.0598967056782179	0.0402025299630295	0	0	0.51686163190774	0.168710573286663	0	0	0.838853829209889	0.562919425670912	S124_DX
0	0.0127795745854602	0.0337304266318316	0	0.343149224550616	0.0481853012666752	0.0240724015811668	0	0	0.220021973714365	0.318061097669885	0	0	0.801115923263531	0.607135247163379	S124_week_24
0	0	0.0313347517683431	0	0.501331107907181	0	0.0239166705924822	0.00459638627680492	0	0.136609852850701	0.302211230604488	0	0	0.722179662885972	0.691288255253858	S124_week_4
0	0.0721661603536074	0.0508747746243961	0	0.142695471691758	0.0711271674258265	0.0187038428124153	0	0	0	0.644432583091996	0	0	0.832021240499446	0.55651473578391	S125_day_7
0	0.154877476984125	0	0	0.152229646427908	0.0705535689269064	0	0	0	0	0.541761337810641	0.0805779698504193	0	0.70270270923259	0.714481182455714	S125_week_24
0	0.0350395683703234	0.0432705198271674	0	0.175155851409663	0.118080722432271	0	0	0	0.0859662593995816	0.542487078560994	0	0	0.83389493940697	0.556030653991351	S125_week_4
0	0.0347727293602076	0.0627824489331957	0	0.208923524393313	0.14620811806479	0	0	0	0.0875899796702344	0.45972319957826	0	0	0.818356237110867	0.583964293440152	S126_day_7
0	0.0595959284097087	0.0351351299671888	0	0.0861440105394216	0.175254328097506	0.0119867654461141	0	0	0.00676815858236749	0.625115678957693	0	0	0.850525462112369	0.531426209136504	S126_DX
0	0.127258388163378	0.0314323520943346	0	0.266059740974074	0.0956785670423689	0	0	0	0	0.404979560136945	0.0745913915888999	0	0.644788398985483	0.764269015646848	S126_week_24
0.0104543146384758	0.00943231820914042	0.0752669931759033	0	0.242547026134754	0.124527765471698	0	0	0	0.0729444342464346	0.464827148123594	0	0	0.817266988771373	0.585034360303613	S126_week_4
0	0.0509666736139519	0.0431689817732849	0	0.453687369519205	0	0.0902961674708085	0.0131758588599873	0	0	0.33249443253863	0.016210516224132	0	0.695079955706516	0.717465424964359	S128_day_7
0	0.0440400915304054	0.073384369124211	0	0.39735037569157	0	0.0592663750347529	0	0	0	0.425958788619061	0	0	0.722898879573299	0.689533311446107	S128_DX
0	0.0583479141047679	0	0	0.40250383116807	0.114932215710153	0	0	0	0.0041152825478013	0.405590617997221	0.0145101384719869	0	0.712137513762956	0.700676278252925	S128_week_24
0	0.0471061001950902	0.0599648871619878	0	0.435298930101339	0	0.0523114288913627	0.00829425616071572	0	0	0.397024397489504	0	0	0.752668429134918	0.659666567654812	S128_week_4
0	0.0153069744095445	0	0	0.612380958348108	0	0.0886290511243688	0	0	0	0.276506250188006	0.00717676592997221	0	0.657184572365214	0.751072775487793	S129_day_7
0	0.0467939496631711	0.0242839258212825	0	0.452668777760522	0	0.029112548320593	0.00789518656891588	0	0	0.439245611865515	0	0	0.690331326163476	0.72203299289062	S129_DX
0	0.0275493484446356	0	0	0.536800366060927	0.0434770801044179	0.0794661189635425	0.00253623441098028	0	0	0.26991832933031	0.0402525226851874	0.01	0.623938821543482	0.778439837658413	S129_week_24
0	0.0212062700546899	0	0	0.571553007529558	0	0.0784766459076322	0.019894828739727	0	0	0.292158831915064	0.0167104158533296	0	0.671367838883447	0.73906070014168	S129_week_4
0	0.0475003276133065	0.0271276074543946	0	0.402785285672938	0.0221205783386644	0.032336243121411	0	0	0	0.468129957799286	0	0	0.782674071021127	0.624140817776341	S130_day_7
0	0.0760589247274688	0.0860658769173953	0	0.263577074462061	0.086630730916733	0.11081704903793	0	0	0.021674875803762	0.308705609265148	0.0464698588695019	0.01	0.62896811895313	0.774849061497037	S130_week_24
0	0.0255050706538879	0.0421190726599736	0	0.25828959529845	0.0827188908840975	0.0456151181821253	0	0	0	0.530598600827496	0.0151536514939696	0	0.798581036634225	0.604627921208213	S130_week_4
0	0.0376217197582474	0.00819383181636317	0	0.485251021759256	0.0114255326097242	0.102347559120026	0.00547659793326707	0	0.112782718631961	0.200359968534378	0.0365410498367764	0	0.649369685746863	0.758169205744679	S131_day_7
0	0.0418309962902699	0.0374955891109812	0	0.0278458125838976	0.138093984371242	0.1200350724326	0	0	0.286305210966351	0.310215301372301	0.0381780328723574	0	0.79948600207809	0.610759256805391	S131_DX
0	0.0167580125525031	0.0831200016722124	0	0.285725226750288	0.0330751968618754	0.0550355924218278	0.0147380729687812	0	0.275490974432652	0.23605692233986	0	0	0.771750213301416	0.644764427742805	S131_week_24
0	0.0392960806872328	0.0358105628846792	0	0.454837861578438	0	0.0312988847119752	0	0	0.164019060735896	0.27473754940178	0	0	0.736242644525629	0.67761936058739	S131_week_4
0	0.0689480461759072	0.00462574648008764	0	0	0.246008651554033	0	0	0	0.310889498795744	0.369528056994228	0	0	0.814108422928495	0.586826098953452	S132_day_7
0	0.0187917056476514	0.0216312466557127	0	0.32792683718086	0	0.00481616396372027	0	0	0	0.626834046552056	0	0	0.843978812272655	0.537360876505415	S132_DX
0	0.0433888212258793	0.0661805863406019	0	0.22689541024405	0.10803382967626	0	0	0.0291708448189096	0.0746447825437153	0.451685725150583	0	0	0.763902628525022	0.646856578877113	S132_week_24
0	0.129026122152512	0.0409058104856055	0	0.0101189167222124	0.0961957914289099	0.00935370435459806	0	0	0.120530287491898	0.538268755752927	0.0556006116113364	0	0.78001037648835	0.626377848078114	S132_week_4
0	0.059256652006996	0.000942711461144623	0	0.371778642715229	0	0.0268651952082226	0	0	0	0.53877470740859	0.00238209119981795	0	0.789014588794925	0.614442325444637	S133_day_7
0	0.0556123645430449	0.0586800890131085	0	0.110983034231713	0.145609049609093	0.00170729450363946	0	0	0.0751903128551347	0.552217855244267	0	0	0.816936687607647	0.579259243336621	S133_DX
0	0.042766261981459	0.0285433697889529	0	0.389513683030155	0.0381012699217876	0.0870419184866088	0	0	0	0.391939860051986	0.0220936367390512	0	0.744218954931353	0.66966846442678	S133_week_24
0	0.0320984988765624	0	0	0.476032659491828	0.0116000872436888	0.0155884936505829	0	0	0	0.462188576590062	0.00249168414727676	0	0.788724200697774	0.616801839182436	S133_week_4
0	0.0278545382992034	0	0	0.0961383224496782	0.141724608633597	0.0456708537553209	0	0	0.185363313290496	0.503248363571704	0	0	0.82784587791088	0.562721589829476	S134_DX
0	0.0787478994056541	0	0	0.177064238795045	0.105981707486887	0	0	0	0.12059210462983	0.354987290588805	0.162626759093779	0	0.710059282669858	0.704440396007693	S134_week_24
0	0.0624483760395203	0.0699461107672339	0	0.0452054441649097	0.172392687787194	0	0	0	0.273663191222946	0.376344190018195	0	0	0.806223955941799	0.597272758578997	S135_day_7
0	0.0112062900832493	0.0883966160260888	0	0.0911616757206657	0.125582248636929	0.00727856769366576	0	0	0.168327603889955	0.508046997949446	0	0	0.855230569202213	0.526691507471442	S135_DX
0	0.0514612303225017	0.0658763593829413	0	0.265407974976407	0.0385580403098349	0.0330214890924468	0	0	0.263178606046623	0.282496299869246	0	0	0.768507266708945	0.643211198457639	S135_week_24
0	0.175630193585829	0.0155134568139612	0	0.045200031807199	0.0160308562333097	0.0411749668418867	0	0	0.390346976687007	0.316103518030808	0	0	0.721138829831422	0.696404475144713	S135_week_4
0	0.0139716556559798	0.0272390223766029	0	0.465573125734106	0	0.0311054556137661	0	0	0	0.462110740619545	0	0	0.792969821298173	0.612285172113097	S136_day_7
0	0.0371392366356875	0	0	0.512273979975119	0.0167275936181284	0.030336395876182	0	0	0	0.361983082962885	0.0415397109319977	0	0.659979144968913	0.748710917380533	S136_week_24
0	0	0.0445416138284048	0	0.344491149628356	0.0509193552349622	0.0348851888662809	0	0	0.333503877705896	0.191658814736099	0	0	0.738490900849513	0.67756999588429	S136_week_4
0	0.102752920762504	0.0276804602539282	0	0.312544603715697	0.000134419432535209	0.0246837367317225	0	0	0.0317503049071231	0.50045355419649	0	0	0.743679627615658	0.66897277143044	S137_day_7
0	0.00958944314355911	0.0688475606721841	0	0.310014185049492	0.076023770965012	0.0915247763763421	0	0	0	0.444000263793411	0	0	0.787224650125382	0.623782873399651	S137_DX
0	0.0698092563892952	0.0964745837424525	0	0.140742395641376	0.146796671081767	0	0	0	0.144365788334052	0.401811304811058	0	0	0.756004521006006	0.655544931183744	S137_week_24
0	0.105436845399244	0.0284995886323514	0	0.2553624380005	0	0.0302994036367142	0	0	0	0.545961269548291	0.0344404547828999	0	0.781822287532121	0.624088835657903	S137_week_4
0	0.0318061446378805	0	0	0.467332041212603	0.0217488208797049	0	0.0220729265599595	0	0.0214783905650204	0.435561676144832	0	0	0.767611780397134	0.641826899378137	S138_day_7
0.0126544361085407	0.0181213485958288	0	0	0.196727911909844	0.0885410105550738	0	0.0298141239472511	0	0	0.654141168883462	0	0	0.790003653165336	0.613115485288792	S138_DX
0	0.0320923148275397	0.00573266804363321	0	0.445919539969451	0.0533535788546295	0.0302477467987807	0	0	0.123535168241356	0.30911898326461	0	0	0.777344329508478	0.636436470536298	S138_week_24
0	0.0315730714059161	0	0	0.242910505551264	0.108209598615641	0.0650557152921107	0	0	0.189917770971553	0.362333338163515	0	0	0.761558498512694	0.649299659656426	S138_week_4
0	0.0398846720537095	0.0645465428942456	0	0.236870464021586	0.106430644670126	0.0305596396668257	0	0	0	0.521708036693507	0	0	0.77323999795306	0.634806809798372	S139_day_7
0	0.0885356050430161	0.012039983664802	0	0.133157678970638	0.138359961814202	0.046016857745505	0	0	0.0844713625637206	0.497418550198117	0	0	0.788582507739525	0.61631243860693	S139_DX
0	0.0616539235376726	0.0494964885168988	0	0.169161517730924	0.114506935025306	0	0	0	0.0871334799422491	0.484645999822475	0.0334016554244753	0	0.78420546140618	0.622144686751278	S139_week_24
0	0.00713400332477676	0.0693044159352696	0	0.321764101718528	0.0964948339802563	0.0692947661724234	0	0	0	0.436007878868746	0	0	0.714148942358512	0.698833581010785	S139_week_4
0	0.0499043043426365	0.0370320763908161	0	0.4119193805406	0	0.0324070951335214	0.00122611517464134	0	0	0.467511028417785	0	0	0.771377928933492	0.636798747415031	S13_day_7
0	0.0195040604129766	0.0654406603222498	0	0.323456849921423	0	0.0311557214656011	0	0	0	0.56044270787775	0	0	0.78439914508224	0.619574827291557	S13_DX
0	0.0228483365377378	0.00480096098401717	0	0.515000832098366	0.0335732073117985	0.0378476734479787	0	0	0.0173125788065721	0.368616410813529	0	0	0.77177683944377	0.641035790154933	S13_week_24
0	0.0585522293974188	0.0331793464218749	0	0.406870703875037	0	0.0561872276407051	0.00900915895562399	0	0	0.43620133370934	0	0	0.752209296629587	0.658813474293683	S13_week_4
0	0.0310094451817706	0	0	0.211252143500951	0.113329806420701	0.0648196191563927	0	0	0	0.579588985740185	0	0	0.804484986993287	0.594835604443045	S140_day_7
0	0.0231943650622766	0.0366767928146357	0	0.163940608574733	0.103622749283283	0.0583765811126923	0	0	0.0795974088105306	0.534591494341849	0	0	0.792776059900167	0.60954264634552	S140_DX
0	0	0.104785248329273	0	0.282036579897705	0.0684524027872696	0.0715634388683238	0.00185884267132335	0	0.101013070571571	0.370290416874535	0	0	0.751177364494766	0.663653048752156	S140_week_24
0	0.010633379462552	0.0669726573701575	0	0.124937054834259	0.166566325036525	0.0362825832862134	0	0	0.0488798129284463	0.478161847006829	0.0675663400750177	0	0.768068947981069	0.64442277827279	S140_week_4
0	0.0851317130754313	0.0414806676017154	0	0.252618571132521	0.1679336400061	0.0112922718396718	0	0	0	0.405453248250499	0.0360898880940607	0	0.677220398297662	0.733777536442741	S141_day_7
0	0.070084350030109	0.0267843799701595	0	0.417337104202221	0	0.0363852255634756	0	0	0	0.449408940234035	0	0	0.738145126102845	0.673653752665436	S141_DX
0	0.0668427822658254	0.0400808310516126	0	0.312888762195432	0.116573165474079	0	0	0	0.0627442848569698	0.400870174156081	0	0	0.723449735791252	0.689289543268297	S141_week_24
0	0.0883399072553939	0.10306082520009	0	0.242881706674862	0.107235501055402	0.122761430396187	0	0	0	0.247206877187123	0.0885137522309406	0.01	0.506436962585817	0.865308132057108	S141_week_4
0	0.054282072457924	0.00756206176070721	0	0.0462104397762634	0.219952312065139	0	0	0	0.0456132938075471	0.626379820132419	0	0	0.853778772168369	0.525231257312608	S142_day_7
0	0.0226060875476726	0.0154372462935979	0	0.0273539621909956	0.194924899551888	0.00842251803156265	0	0	0.110474834048538	0.620780452335745	0	0	0.866983296061825	0.50169057691271	S142_DX
0	0.0144619789999464	0.104857296280471	0	0.240153388501427	0.0609759388984887	0.035463699000312	0	0	0.0551183423505025	0.488969355968852	0	0	0.81389987955663	0.587377241797777	S142_week_24
0	0.0309000642558834	0.0675380023739194	0	0.0182000365224481	0.161929029814653	0.0373593071850917	0	0	0.214550058022923	0.469523501825082	0	0	0.836019547395802	0.555038373953004	S142_week_4
0	0.103140339236761	0.0013523681711409	0	0.236838295945328	0.114591404965944	0	0	0	0	0.544077591680827	0	0	0.762607944787996	0.647109268056751	S144_day_7
0	0.0401858601698784	0.102809571280616	0	0.147102934216112	0.0912511743571491	0.0456817211466647	0	0	0.169835122463031	0.40313361636655	0	0	0.790352904426265	0.617312146303188	S144_DX
0	0.11424556350906	0	0	0.129669880391018	0.235001589963609	0	0	0	0.153003991743107	0.293405077206242	0.0746738971869644	0	0.647673886643799	0.759487734374637	S144_week_24
0	0.0255728524458789	0.0127148314239889	0	0.281038004660549	0.0823927074324434	0	0.020934477786263	0	0.150019463353913	0.427327662896964	0	0	0.814106030153064	0.586499013822552	S145_day_7
0.00748844114316783	0.015106261440926	0.0176939387614803	0	0.231980096573744	0.107732667026224	0	0.0127627500570317	0	0	0.607235844997427	0	0	0.824298738043197	0.567476954233671	S145_DX
0	0.0730288722255466	0.0486627347719373	0	0.165814037620045	0.0533027359300219	0.0178789373515776	0	0	0.0595362846902513	0.423879917300303	0.157896480110318	0	0.713461485876089	0.699845110147862	S145_week_24
0	0.00176803607358314	0.0657390385347513	0	0.306589263390535	0.0481415587055766	0.0101408675571549	0	0	0.131542270938568	0.436078964799831	0	0	0.831250299989773	0.565279157753678	S145_week_4
0.00377784173375786	0.0442434294059691	0	0	0.292415403269499	0.117254046013282	0	0.00255943636508107	0	0.0236805199129118	0.510791728243359	0.00527759505614012	0	0.803191760450864	0.598685939944479	S146_day_7
0	0.0115126720701321	0	0	0.215407284715125	0.128680718065755	0.122519358921371	0.000204776393034881	0	0.130040165018792	0.375306382297911	0.0163286425178792	0	0.783685072052124	0.628263921089	S146_DX
0	0	0.0359249162799	0	0.336879162731451	0.0407517903202286	0.0174117323351535	0	0	0.336308716706104	0.232723681627163	0	0	0.806058731796547	0.603751369587988	S146_week_24
0	0.0201633945415639	0.0440274805462801	0	0.321863229403415	0.0184223505017329	0.0231927791327995	0	0	0.325335028837869	0.24699573703634	0	0	0.788910424297455	0.620886540915364	S146_week_4
0	0.00660801132126517	0.0533391867281879	0	0.497009924075111	0	0.0309993123270533	0	0	0.00192683943401627	0.410116726114366	0	0	0.715084466284576	0.69721765277145	S147_day_7
0	0.0316319713558223	0.0260018063743619	0	0.29251202773707	0.105532835535466	0.00455378125682349	0	0	0.189890192272183	0.349877385468273	0	0	0.788568937925673	0.620895586101536	S147_DX
0.00699861023196785	0	0	0	0.482288988589413	0.107473644184483	0.0418447141141241	0	0	0	0.361394042880013	0	0	0.714421033723394	0.699943786784161	S147_week_24
0	0.0695851376106018	0	0	0.248269996168742	0.0970488010504049	0.0364350831285874	0	0	0.146565038318414	0.40209594372325	0	0	0.779615643374159	0.628188348106062	S147_week_4
0	0.150481899724335	0	0	0.210416554437906	0.107573099429712	0	0	0	0.19832502275057	0.212376072269765	0.120827351387713	0.01	0.556015564615552	0.833682687434856	S148_DX
0	0.0368888330434222	0.0121646656228636	0	0.232770356302588	0.149903428424551	0	0	0	0.206357028961343	0.361915687645231	0	0	0.836000123683319	0.564886843072046	S149_day_7
0	0.0413058528885864	0.0516612817203431	0	0.0290031400680028	0.17903913126623	0.0325409164462955	0	0	0.279673234577002	0.386776443033541	0	0	0.846673844586943	0.545989318187251	S149_DX
0	0.121272664506285	0.0530529652421885	0	0.149507731591774	0.0519326148364714	0	0	0	0.22229770343604	0.369023285489168	0.0329130348980731	0	0.708176419013291	0.70529004376501	S149_week_24
0	0.0692907657189672	0.0379278231086579	0	0.332891471182832	0.0156454823601766	0.0308574110124323	0	0	0.117166568737815	0.396220477879119	0	0	0.765575773601671	0.643733696206562	S149_week_4
0	0.0509482257004263	0.0998737889595263	0	0.148504801203517	0.056355306427765	0.0254640264883748	0	0	0	0.61885385122039	0	0	0.811043474386552	0.585713377191473	S150_day_7
0	0.0828804332192536	0.0772135179576898	0	0.00619725321629717	0.193106059232562	0	0	0.0139122865317821	0.0200861718965653	0.60660427794585	0	0	0.788412827294241	0.615611582006192	S150_DX
0	0.0555890604874338	0.0423190728790489	0	0.402409814053759	0	0.0156490764653489	0	0	0.164078694297983	0.319954281816427	0	0	0.740586717259176	0.671557453275986	S150_week_24
0	0.046894690024795	0	0	0.341675325154679	0.0853403569501769	0.0195875177927529	0	0	0	0.501599170614043	0.00490293946355349	0	0.728639751558971	0.683501765720283	S150_week_4
0	0.0466298994994315	0.0432405652052647	0	0.319164614209738	0.0846777708027029	0	0	0	0.034889154008435	0.471397996274428	0	0	0.796568405830592	0.608346348569203	S152_day_7
0	0.0344220007299127	0.0437826669990111	0	0.155798108846747	0.126725740594877	0.0230268137316996	0	0	0.116256462938001	0.499988206159751	0	0	0.844245545055269	0.54466009762664	S152_DX
0	0.109840985302997	0.0231400136955628	0	0.263866333841149	0.118034863041248	0.0529136706156645	0	0	0.0636770894602292	0.330280908819756	0.0382461352233932	0	0.647673325180011	0.760209801335631	S152_week_4
0	0.0245163072809666	0	0	0.35728671351383	0.109568349566198	0	0	0	0	0.508628629639005	0	0	0.793732840001432	0.610587891872845	S153_day_7
0.00535727294414039	0.030475644662043	0.00972734995166354	0	0.141065986484097	0.24669455375294	0	0	0	0.0976082001695908	0.469070992035525	0	0	0.79585822995495	0.610487258462803	S153_DX
0	0.100351930614103	0.0207585719045948	0	0	0.246680495503545	0	0	0.0178729290126028	0.324371382021189	0.210846162097984	0.0791185288459827	0	0.661298441113692	0.748160823154594	S153_week_24
0	0.0828837808199519	0	0	0.0700915006651271	0.26976725260387	0	0	0.0236128155709268	0.0465994212833475	0.507045229056776	0	0	0.72683034554468	0.685639336597338	S153_week_4
0	0.0560924838536187	0.0807782589629042	0	0.303399045301156	0.0613836202581806	0	0	0	0.00773296702766648	0.490613624596474	0	0	0.78863226171892	0.617177323403679	S154_day_7
0	0.07179114370224	0.0522317497245115	0	0.221154440637988	0.0463673674382123	0.0528983289613261	0	0	0.0653969972181968	0.490159972317525	0	0	0.724432074777268	0.688727057712312	S154_DX
0	0.0367803722229424	0.0742475928913059	0	0.285085507003752	0.0795863875372106	0.0469753784703483	0	0	0	0.459520514594746	0.017804247279695	0	0.772384130565598	0.638730356876017	S154_week_24
0	0.0676455274945734	0.0764649521996611	0	0.267018937874548	0.0708638905450182	0	0	0	0.0391978414515036	0.478808850434695	0	0	0.773998122046464	0.633914950311485	S154_week_4
0	0.0991771057471756	0	0	0.355232251873744	0.0204896320952916	0.0275174830869348	0	0	0.10828614114385	0.243538791658658	0.145758594394347	0.01	0.578209522986156	0.814252894444174	S155_day_7
0	0	0.0354810548972209	0	0.507787887547268	0.0320819658840673	0.00364397272723559	0	0	0.0928445192234688	0.32816059972074	0	0	0.724569993534792	0.68917852044862	S155_DX
0	0.0737621306726708	0.00446435132039693	0	0.262389987023132	0.0572488019738957	0.00936434367003611	0	0	0.0577074106786444	0.415031532194509	0.120031442466715	0	0.689927464266152	0.721730058094531	S155_week_24
0	0.0821108899104435	0	0	0.221963163796307	0.0974814924923432	0.0148997698233701	0	0	0.190429666825686	0.326355449679054	0.0667595674727958	0	0.645187888100048	0.762219055933321	S155_week_4
0	0.0397923517460596	0.0488369833211205	0	0.302014299324381	0.0917454785821322	0.0506123651870152	0	0	0.104416241614011	0.36258228022528	0	0	0.772110398269086	0.641071080658293	S156_day_7
0	0.0492094825392896	0.0321927919036108	0	0.0732069044457328	0.190011653813281	0.0274090831230483	0	0	0	0.627970084175037	0	0	0.830988216784871	0.559373811223717	S156_DX
0	0.118421321512193	0.068811084837558	0	0.1446933428807	0.114134612955482	0	0	0.0645058745762577	0.113693699693858	0.368548225438039	0.00719183810591215	0	0.651877464503114	0.756616050074961	S156_week_24
0	0.100575434573247	0.0269614599999643	0	0.256401639710008	0.076410011201327	0.0498901916762163	0	0	0	0.449557903085457	0.0402033597537801	0	0.688613351636511	0.724106314706267	S156_week_4
0	0.0639866847196114	0.0966687746560268	0	0.357250629981388	0	0.097422199390832	0.000466365438585377	0	0	0.351409574387342	0.0327957714262147	0	0.655571525728857	0.752829831977804	S157_DX
0	0	0.0140084017046793	0	0.327557245442756	0	0	0.0123203353321228	0	0.025540154609416	0.620573862911026	0	0	0.804141487802897	0.593835389321363	S158_DX
0	0.0124034373306614	0.0486969270391565	0	0.0361066453325542	0.0874620788653475	0	0	0	0.394191558156417	0.421139353275863	0	0	0.842183118750415	0.539218841349959	S159_day_7
0	0.0836275921229669	0.0219161217861577	0	0.158611539045897	0.0374996454126441	0.0362051209046092	0	0	0.217481023860818	0.397380093182113	0.0472788636847934	0	0.781520200841403	0.624687017400169	S159_DX
0	0.0538184360670431	0	0	0.390561170867751	0.0300529504463718	0.00897753190249425	0	0	0.0100861258958423	0.487967886033217	0.0185358987872808	0	0.754676799859301	0.655207843298915	S159_week_24
0	0.0511797276602618	0.0331997620782277	0	0.338311066263035	0.0345331263911847	0.0227894019261918	0	0	0.0748360219211048	0.417538877862555	0.0276120158974393	0	0.747800150031149	0.663626136696287	S159_week_4
0	0.0220077331672793	0.115915087000108	0	0.243195105955472	0.0651562917264983	0	0.0104934826165664	0	0	0.543232299534076	0	0	0.804918478899566	0.596670449962411	S160_day_7
0	0.143499689737138	0.0712521931855322	0	0.0773378731467914	0.0676530821008342	0	0	0	0.0566631055941283	0.575152882326244	0.00844117390933152	0	0.747928602141264	0.667431667831125	S160_DX
0	0.0467310523307497	0.0874383108772679	0	0.161821180611483	0	0.0165480098259943	0	0	0	0.687461446354505	0	0	0.804168449135258	0.596151114409651	S160_week_24
0	0.0786485460255249	0.0909305731235754	0	0.215942903599979	0	0.0236752602396546	0	0	0	0.590802717011267	0	0	0.789928854320761	0.613676479164234	S160_week_4
0	0.0640020449872533	0.0787161276954116	0	0.234694433969158	0.0146861588588126	0.0299019487618505	0	0	0.0331822557016786	0.544817030025836	0	0	0.788756120174501	0.614849105064306	S161_day_7
0	0.0224010910892137	0.0306286144591328	0	0.282833916476537	0.103753648570155	0	0	0	0.0529509041430315	0.50743182526193	0	0	0.807103123070276	0.593471593731172	S161_DX
0	0.0349193030513873	0.056026326867422	0	0.389909479444817	0.00971257165866396	0.0249085792189845	0	0	0.0847155281604003	0.399808211598325	0	0	0.734437357822346	0.677398001161809	S161_week_24
0	0.0229902917871161	0.0250829147238654	0	0.412580127468156	0.0263655511557229	0.0265609019544808	0	0	0.14474225534881	0.341677957561849	0	0	0.741890797851615	0.67043595446341	S161_week_4
0.0259707211416317	0	0.0400324081306198	0	0.247613228831488	0.160360918343894	0	0	0	0	0.526022723552367	0	0	0.778694399872891	0.628141362063258	S162_day_7
0.00700981428984344	0	0.0286593450364697	0	0.404224239842775	0.0417655174188273	0	0.0141293391074566	0	0	0.504211744304629	0	0	0.826570798754926	0.569835273611494	S162_DX
0	0.116301359488171	0	0	0.223368732643723	0.17787712497219	0.00321102961385749	0	0	0.0696756456565116	0.349589236564863	0.0599768710606834	0	0.671992794897867	0.738622919059036	S162_week_24
0	0.0102299934856088	0.108309931669188	0	0.276558856109971	0.0944015433634051	0	0.00893057839962834	0	0.127933417367848	0.366372209579111	0.00726347002523979	0	0.780107167307041	0.634111552336164	S162_week_4
0	0.116097191518978	0.0929053120146701	0	0.0456062812263981	0.202935128147594	0	0	0	0.0531363179187847	0.482368619601878	0.00695114957169697	0	0.704255031236662	0.709364043737084	S163_day_7
0	0.0864106136154324	0.00494165223074611	0	0.0799452810782536	0.176060139593098	0.0413786770961037	0	0	0.134233078342544	0.477030558043823	0	0	0.81701570237583	0.581455845329164	S163_DX
0	0.101736323867131	0.0840707553093547	0	0	0.111669638912695	0.0232814670959556	0	0	0.187893368869466	0.491348445945398	0	0	0.791683364660125	0.61144039969142	S163_week_24
0	0.0592022559952008	0.0541815506081714	0	0.170900451340668	0.0947126290377094	0.00637372565886048	0	0	0.0080180996247165	0.606611287734673	0	0	0.82564427257401	0.566245456440781	S163_week_4
0	0.114634960987914	0.0550780574086203	0	0.170808373829185	0.0238742094578685	0.0269586885203924	0	0	0.0312137589655849	0.548592014639827	0.0288399361906074	0	0.751227049397779	0.660912760597758	S164_day_7
0	0.039815943415875	0.0748591376994519	0	0.365658461029961	0.0317008007896324	0.0972523125585014	0.00387460186509791	0	0	0.355907389161491	0.0309313534799898	0	0.699895837681243	0.713521822456209	S164_DX
0.0121134913402302	0	0.0118338533086489	0	0.225718371751867	0.15579325654113	0.00505432434632929	0	0	0.468424821497126	0.121061881214668	0	0	0.866834843149236	0.544969847833502	S164_week_24
0	0.0461999325057499	0.0826310818790496	0	0.352450555206502	0.0219424102929925	0.037830791868551	0	0	0.00394826501586999	0.454996963231285	0	0	0.776409926429697	0.632407708062951	S164_week_4
0	0.227045185163465	0.0500854675476311	0	0	0.170251756436591	0	0	0.0268686508188697	0.103508186489901	0.359296635557159	0.0629441179863829	0.01	0.569454298422392	0.837333943598888	S166_DX
0	0.16713948117793	0.0600761425774377	0	0.29178774427193	0.0427237705031901	0	0	0	0.0486293276180664	0.357735283496651	0.0319082503547954	0.01	0.586654100683269	0.821568256891262	S166_week_4
0	0.0361340749046175	0.0492997275129387	0	0.368889024983702	0	0.0153839019230735	0	0	0	0.530293270675669	0	0	0.79782308460619	0.603670372868601	S167_day_7
0	0.0173764016781131	0.05259915618152	0	0.31414547625272	0	0.0185112688609695	0.0112549054169722	0	0	0.586112791609705	0	0	0.758482288698322	0.650914518622346	S167_DX
0	0.0646581791423783	0	0	0.463595077266132	0.00380767173183662	0.0374038522108126	0	0	0	0.411290735003611	0.0192444846452297	0	0.662893079937163	0.74796278080816	S167_week_24
0	0	0.00670029719808901	0	0.560965828042863	0	0.0159410191916252	0.0103263609454606	0	0	0.406066494621962	0	0	0.739659588095677	0.672476600301283	S167_week_4
0	0.0684735575372873	0.0802066976525978	0	0.0736270192993851	0.0872308522357614	0.0354479420212469	0	0	0.176029797504043	0.47859503548198	0.00038909826769868	0	0.794408797529605	0.607988491722597	S168_day_7
0	0.0585243044985284	0.0151734726191542	0	0	0.197926108989273	0.0130976905222931	0	0	0.118819977600179	0.596458445770572	0	0	0.851975215019742	0.526959582744994	S168_DX
0	0.0576870505316556	0.0100486144176647	0	0.22047525858816	0.108634040316613	0	0	0	0.0475214956208102	0.547729714302794	0.00790382622230259	0	0.807628738580801	0.591073059265993	S168_week_24
0	0.0529747629433439	0.0892433051814847	0	0.203870916237678	0.0512530967774569	0.00159318622893491	0	0	0.103845393854865	0.497219338776237	0	0	0.804843670235935	0.595239666995786	S168_week_4
0	0.00146978926756623	0.0268517338238717	0	0.341848122855577	0.0124935844836593	0.0290323227916107	0	0	0	0.588304446777715	0	0	0.751528731966822	0.659183410746896	S169_day_7
0.0161545170001043	0.00904036609673576	0	0	0.207910863187444	0.102413550823588	0.0457150579985276	0.00849699605335285	0	0.00205411498025584	0.587437926227278	0.0207766076327137	0	0.804774436235	0.593822697729853	S169_DX
0	0.000650179718045213	0.0918791875880098	0	0.326534108954204	0.0154853844842549	0.0222384200775186	0	0	0	0.543212719177967	0	0	0.837528750792961	0.553216381246023	S169_week_24
0	0	0.0254141790669897	0	0.444390167526834	0.0122338179085395	0.012549819453428	0	0	0	0.505412016044208	0	0	0.778026440949881	0.627874387995073	S169_week_4
0	0.0248229844177281	0.056437126723535	0	0	0.189747229545243	0	0	0	0	0.728992659313494	0	0	0.875935888132816	0.485407389779362	S170_day_7
0	0.00989458768723674	0.0329482464404013	0	0.27940509505037	0.0568815550369585	0.0204763395729562	0.0163628084833172	0	0	0.584031367728761	0	0	0.798891065713727	0.601280533000678	S170_DX
0	0.0624500096333175	0	0	0.367637286841079	0.0581158108976652	0	0	0	0.014939067918179	0.398256800706758	0.0986010240030013	0	0.679349847062074	0.731503630170772	S170_week_24
0	0.00453312261678216	0.0535196490651984	0	0.395526742239075	0.00842509291778932	0.00904655268061834	0	0	0.263380098397455	0.265568742083082	0	0	0.801861734301485	0.608214612596916	S170_week_4
0	0.0315138272410316	0.0400989073959604	0	0.358218068823631	0.0306528816501803	0	0.0172538777212864	0	0	0.52226243716791	0	0	0.814825335742452	0.583508132229453	S171_day_7
0	0.0210297575560502	0	0	0.485294055659024	0.0493350464839418	0.0101724716720093	0	0	0	0.434168668628974	0	0	0.822696078445253	0.579821045289644	S171_DX
0	0.0520316728337077	0.0364573189090255	0	0.547211182932734	0	0.0715401696227131	0.0293503492239244	0	0	0.204233538848585	0.0591757676293102	0.01	0.551919582955851	0.83251850062036	S171_week_24
0	0.0123439991137841	0.0728787051961554	0	0.513396481945842	0	0.101292341464328	0.0213666684166259	0	0.0390570166218647	0.2396647872414	0	0	0.650321379178092	0.75729281039967	S171_week_4
0	0.121212359174817	0.02506468365693	0	0	0.252074620413354	0	0	0.0570616650739499	0.281466834872046	0.190501687845201	0.0726181489637017	0.01	0.609394063207399	0.78976865628037	S172_DX
0	0.0428655700735367	0.0669999121196088	0	0.0730465181516769	0.210941964441844	0	0	0	0.199843493479903	0.40630254173343	0	0	0.797626568294699	0.60953670963894	S172_week_4
0	0.157542045743041	0	0	0	0.099258821933319	0	0	0	0.255505538126058	0.344770477065576	0.142923117132006	0	0.703516286555198	0.709315972448148	S173_DX
0	0.103605990020416	0.0056206575477083	0	0.200410557382246	0.0412395155397921	0	0.0220802804291298	0	0.193428294581372	0.282628722950466	0.15098598154887	0	0.69186105630326	0.720915653292263	S173_week_4
0	0.107916547457744	0.0905898455237119	0	0.247141023575065	0.0598720738493663	0	0	0	0.313136076278606	0.181344433315506	0	0	0.654773258016756	0.75366282801562	S177_DX
0	0.163133169038649	0.133428576064312	0	0.145179371896039	0.0173677327599894	0	0	0	0.430870304889884	0.110020845351126	0	0	0.653394795102348	0.756954985735803	S177_week_4
0	0.196015316610539	0.0328057017976156	0	0	0.13688774801121	0	0	0	0.283023783330277	0.310511180094579	0.0407562701557786	0	0.647739856380554	0.766689935938691	S178_DX
0	0.0878533138573748	0.00366569813375494	0	0.369970133641163	0	0.0226496907867483	0	0	0.0702269891168758	0.342766590181233	0.10286758428285	0	0.70358765574674	0.709279415066349	S178_week_4
0	0.13855788941418	0.0203108563986064	0	0.0352740713897655	0.0683660728628172	0.0135530622947957	0	0	0.340405937375422	0.277680828987679	0.105851281276735	0	0.745238490297056	0.666761189796516	S179_day_7
0	0.0325433213965078	0.0657934407229943	0	0.149832895105864	0.0860060187385449	0.0318957608811999	0	0	0.410098281335461	0.223830281819429	0	0	0.8043879290188	0.604269146963775	S179_DX
0	0	0.0274975604653294	0	0.173188188339172	0.0497839394055606	0.00484338725394449	0	0	0.56864842321373	0.176038501322264	0	0	0.817066997570967	0.581149159284576	S179_week_4
0	0.0117463707400774	0.0545705335904397	0	0.230840389472742	0.0380192156412259	0.0160835220883043	0	0	0.196538297840568	0.452201670626643	0	0	0.815492143331972	0.580425632835784	S179_week_8
0	0.0590541187217485	0	0	0.419682030013301	0.0480898488931677	0	0	0	0	0.396005478741916	0.0771685236298667	0.01	0.605276018428605	0.796065972185719	S180_day_7
0	0.0661409160240946	0.12091713544907	0	0.222330648122758	0.0791366556072042	0.0765130718715896	0	0	0.0282978090714213	0.293119000065004	0.113544763788858	0.01	0.614555215623063	0.785842954538683	S180_DX
0	0.0619485580269496	0.0997587632020039	0	0.325608708823039	0.0350215086759473	0	0.0137488405336209	0	0	0.387897095367753	0.0760165253706866	0	0.680257118142578	0.730793122076288	S180_week_4
0	0.136616799276859	0.0298491480277587	0	0.184288226429546	0.0634855082298691	0	0	0	0.127935814998739	0.352911154116236	0.104913348920992	0	0.664332104250679	0.746185585739594	S180_week_8
0	0.135861662277749	0	0	0.202956385345784	0.199297722124727	0	0	0.00397248186024187	0.0285953847972807	0.328857181198262	0.100459182395955	0.01	0.581484402993015	0.814202818584892	S181_day_7
0	0.125034693084658	0.0165232186913705	0	0.193981271943305	0.148361854507957	0	0	0.0795249507021175	0.077315938709998	0.33565762617833	0.023600446182264	0.01	0.605390406485347	0.794635468256833	S181_DX
0	0.141771219120614	0.0220181648130452	0	0.183971963968594	0.166181912817206	0	0	0.00200905151732134	0.0482060751846699	0.393213532052058	0.0426280805264909	0.01	0.614674054165658	0.791944940464977	S181_week_4
0	0.125498709517406	0.0265057669849535	0	0.0416724175348302	0.226269309175866	0	0	0	0	0.511382188212624	0.0686716085743206	0	0.688393542377527	0.724781280186545	S181_week_8
0	0.160804958541634	0	0	0.273355443034587	0.0468376212127843	0.0119765553414304	0	0	0	0.45202134375167	0.0550040781178937	0	0.649798954863143	0.76547953871444	S182_day_7
0	0.0845550543091925	0.0654550111288166	0	0.325117547586983	0.0613562615433699	0.122707014174877	0	0	0	0.214016478310353	0.126792632946408	0.01	0.473289755434842	0.885975546590029	S182_DX
0	0.131878738090325	0.0513858367906768	0	0.178513006984963	0.160666907625965	0	0	0	0.19063544089142	0.267056320876926	0.0198637487397237	0.01	0.60872408631634	0.794220756394501	S182_week_4
0	0.132461515542506	0	0	0.271643571700279	0.111460489095653	0	0	0	0.114223240318505	0.266232846405676	0.103978336937381	0.01	0.594661588346986	0.803506163278572	S182_week_8
0	0.313872639877789	0	0	0.0594129237689304	0.152272907182713	0	0	0	0.0125061938933744	0.3258451016747	0.136090233602493	0.01	0.464647950429156	0.943654413754757	S184_DX
0	0.0966731747979048	0.00777851645499968	0	0.157789418398808	0.133566723949918	0.119723003569825	0	0	0	0.370803534825977	0.113665628002567	0.01	0.611237250883201	0.789463403859058	S184_week_4
0	0.160292783868938	0	0	0	0.26925763524903	0	0	0.0210104868487552	0.133852750765772	0.415586343267505	0	0	0.661204989018029	0.751760849665641	S186_DX
0	0.0954894391640213	0.0367709509334502	0	0.0133476832900667	0.200041610821656	0	0	0.00801388814213294	0.206900858209448	0.439435569439225	0	0	0.748627337554004	0.662140072205269	S186_week_4
0	0.134690178877432	0.0256317983729046	0	0.212034098186757	0.151134398974026	0.0922395837319333	0	0	0.0305604625268747	0.255378763762714	0.0983307155673585	0.01	0.538222288446816	0.845436204102475	S188_DX
0	0.022124859652235	0	0	0.662455398516013	0.0479128240006476	0.0810554161745087	0	0	0	0.186451501656596	0	0.01	0.429829714592733	0.917330115969188	S188_week_4
0	0.0558942659115637	0.0673873936200463	0	0.0545190869835171	0.175723963262099	0	0	0	0.124583135004137	0.521892155218637	0	0	0.804014046832752	0.596355841746176	S190_DX
0	0.00905129847595666	0.00338097330390536	0	0.385557862401854	0.0627048097935402	0.020891045361482	0	0	0.0998688521716222	0.418545158491639	0	0	0.826493545466066	0.573143883070806	S190_week_4
0	0.0626574427238333	0	0	0.216442829359168	0.167326186187245	0	0	0	0.014523637309211	0.448298081388704	0.090751823031838	0	0.749931036133893	0.664176646770057	S194_DX
0	0.0056974599326211	0.0559579839733022	0	0.262233047595941	0.0349951507248637	0.0132280016762717	0	0	0	0.627888356097	0	0	0.841573538383722	0.541540599707037	S195_DX
0	0.0699786865058312	0.097367913111861	0	0.0230276381825542	0.201281913719921	0	0	0	0.346742682147232	0.237956818990543	0.023644347342057	0	0.687426483542208	0.724441105679553	S197_DX
0	0.0808684681319484	0.0375053063602387	0	0.101136232106849	0.111599806186482	0	0	0	0	0.579032947220614	0.0898572399938685	0	0.748843193521887	0.661860295945723	S198_DX
0	0.0921830882541874	0	0	0.0254738693419257	0.161258558386428	0	0	0	0.0639597024205056	0.451236254524603	0.20588852707235	0	0.708665678870975	0.704508648694678	S199_DX
0	0.0796720437937362	0.00851435048043684	0	0	0.17490161638214	0.00424065631076308	0	0	0.0694455064799182	0.663225826553006	0	0	0.841810044634065	0.541603920379477	S19_day_7
0	0.0145663010647734	0.0265725208104774	0	0.205876518909266	0.100612134217233	0	0.0134034113794217	0	0	0.603051797246142	0.0359173163726862	0	0.802094335856729	0.597273948507084	S19_DX
0	0.0121336317305654	0.10642167987642	0	0.0724918167415948	0.128557484322006	0	0	0	0	0.680395387329413	0	0	0.845792784575452	0.535177325246388	S19_week_24
0	0	0.0533225908546745	0	0.152961695253291	0.120380882188263	0	0	0	0.0231267079326745	0.650208123771097	0	0	0.832722299445882	0.553890089076585	S19_week_4
0	0.105652602059707	0.0495503959391769	0	0.228404328335391	0.042632278642536	0	0	0	0.129185236655737	0.392982194905127	0.0515929634623242	0	0.678153881158805	0.73414712542525	S1_week_24
0	0.0874346464538339	0.133246079607059	0	0	0.137369279120542	0.00911306424717602	0	0	0.162164527178635	0.466535254832328	0.00413714856042619	0	0.714798489726356	0.698395710920255	S200_DX
0	0.0868014363933022	0	0	0.258812022503464	0.112275326172508	0	0	0	0.0325034333732852	0.463421313996004	0.0461864675614364	0	0.722273906429057	0.690352855429735	S202_DX
0	0.15331015276288	0.00319854466924343	0	0.0824253023296411	0.217053312647585	0	0	0	0.239432938574914	0.228806937120652	0.0757728118950839	0.01	0.598617647958114	0.800855330890968	S205_day_7
0	0.0835696765927635	0.0428648818748071	0	0.0381154537260576	0.212306470035727	0	0	0	0.271428191798529	0.242020888449328	0.109694437522787	0	0.674260472278052	0.737453781236824	S205_DX
0	0.134609980478781	0.0193253325151992	0	0.0225643519429256	0.19659144109477	0.0410275283154594	0	0	0	0.438631616546063	0.147249749106801	0	0.6419451241175	0.765241309500319	S205_week_4
0	0.0930592056776368	0.0184840237878377	0	0.281347510892093	0.080300726827854	0.0005547718125863	0	0	0	0.517878367537765	0.00837539346422766	0	0.746853595626213	0.664626791715471	S205_week_8
0	0.106892011432666	0.0051123581736074	0	0.0322005703773888	0.171315898671964	0	0	0.0155496047126142	0.106482141634018	0.562447414997742	0	0	0.800005137856079	0.60086031644263	S206_DX
0	0.0680578279163566	0.143613890970015	0	0.0452551263237857	0.0611176219654606	0.0198197998566787	0	0	0.0666696449006857	0.595466088067017	0	0	0.812059268107949	0.584416549112586	S206_week_4
0	0.11431362182632	0	0	0.164879508200531	0.130692486790896	0	0	0	0.118944075334214	0.420932152890506	0.050238154957533	0	0.748301666556088	0.663250514047314	S206_week_8
0	0.00367939058680837	0.0576962520371477	0	0.168190980415799	0.132929433375488	0.0370004508144847	0	0	0.241554119126723	0.358949373643549	0	0	0.761353922523076	0.649609707679058	S207_day_7
0	0.00759963905978327	0	0	0.469802076351649	0.0172230732440431	0	0.00744652621811721	0	0.117060867327477	0.316354422357867	0.0645133954410635	0	0.749188995176203	0.666648315454699	S207_DX
0	0.0869407529182869	0.0336151991490401	0	0.144539576206889	0.176226919620484	0	0	0	0.218587104269486	0.210292718128429	0.129797729707385	0	0.658944114479708	0.751322040909381	S207_week_4
0	0.0862127437265708	0.132818073062359	0	0.0116377657552031	0.0980369877953613	0.000664738777613908	0	0	0.324200811711458	0.342413095475931	0.00401578369550322	0	0.733240812219466	0.678400263736738	S207_week_8
0	0.119963424414427	0.0550444726641138	0	0	0.179676727012041	0	0	0	0.0561977381508387	0.443969571779714	0.145148065978866	0	0.711052603268479	0.702189027476724	S208_DX
0	0.123445515051728	0.0692844594537036	0	0	0.110295289232728	0	0	0.000849884247310148	0.26775440718029	0.427500488695311	0.000869956138929542	0	0.768031353010712	0.64035034130065	S208_week_4
0	0.106103927063042	0.0311964989092921	0	0	0.198515269630519	0	0	0	0.194662926130233	0.379190113128773	0.0903312651381402	0	0.763860182974342	0.648681487208906	S208_week_8
0	0.141866538286372	0	0	0.0840942321829148	0.223197187622235	0.025314800656697	0	0	0.225423552366072	0.156488417575395	0.143615271310315	0.01	0.560048162199921	0.826550409444129	S209_DX
0	0.123097006052895	0.0225126842201658	0	0	0.244043684074099	0	0	0	0.210556555313341	0.331222623100643	0.0685674472388564	0	0.699156301214483	0.713578817968759	S209_week_4
0	0.0463930671752478	0.0533741636933298	0	0.13860502734197	0	0	0	0	0	0.731610632174815	0.0300171096146375	0	0.826457852474493	0.56569711925333	S20_day_7
0	0.0425029516832297	0.0538329955399187	0	0.310189033677611	0.0580410901894809	0	0	0	0.00116199526492523	0.534271933644834	0	0	0.761721301671763	0.647016374898669	S20_DX
0	0.0680266193674971	0.0474472251472136	0	0.416801960992726	0	0.0371497923109257	0	0	0	0.430574402181638	0	0	0.737130921501462	0.674807011397951	S20_week_24
0.00207317305605339	0.0050197196952046	0.0266588565447832	0	0.475965336813764	0.0438875787362106	0	0.0112704334627017	0	0.104795567780822	0.33032933391046	0	0	0.780648525331071	0.633050835228164	S20_week_4
0	0	0.0642823280734792	0	0.226377848513337	0.039139649680596	0.0219955849366102	0	0	0	0.648204588795978	0	0	0.750303559059425	0.662451788679599	S210_day_7
0	0.186922158649901	0.00739037520737636	0	0.143710335034682	0.0116139156512199	0	0	0	0	0.57271643320467	0.0776467822521505	0	0.705245005834791	0.71743968296363	S210_DX
0	0.0342713232355994	0.0874717859715048	0	0.0834087011167808	0.0705970562364264	0.017463564855464	0	0	0.129523606181809	0.517471389898073	0.0597925725043425	0	0.794828222682559	0.607305331429264	S210_week_4
0	0.0889111607896065	0.0828953109518445	0	0.156933277936617	0.109228806012285	0	0	0	0.189871151508186	0.372160292801461	0	0	0.67708249707234	0.734819421485024	S210_week_8
0	0.0252725122325409	0.0511294801457927	0	0.183569793139171	0.211026202355473	0.00351281266915108	0	0	0.285531795444799	0.144270678849098	0.0956867251639742	0.01	0.618818626101154	0.78400887686488	S211
0	0.0464455416558861	0.10459132146753	0	0.217570212967982	0.159760393190325	0.0882183382560696	0	0	0.0236149220515009	0.265677990859784	0.094121279550923	0.01	0.574116676379929	0.815477209405301	S212_DX
0	0.117648185993848	0	0	0.115941415760141	0.0996123932137349	0.0392321885534492	0	0	0.221172204232707	0.130498335313296	0.275895276932824	0.01	0.534440395098279	0.842170393584793	S213_DX
0	0.0792810730218232	0	0	0.139225312673368	0.200659526369255	0.0144530595851809	0	0	0.178038463300884	0.289389676959131	0.0989528880903573	0	0.708035232780345	0.708038542949416	S214_DX
0	0.053559251917919	0	0	0.414213932708715	0.0114407341768181	0.0217925792114076	0	0	0.0211321137240763	0.441272256182882	0.0365891320781823	0	0.743588917722172	0.667789722670887	S216_DX
0	0.0367224716874185	0.0643351991146121	0	0.0867811975842143	0.189720609724153	0	0	0.0354104377604474	0.210492313112529	0.376537771016626	0	0	0.754253698761101	0.658968492403075	S217_DX
0	0.00194883106887783	0.0515883606334172	0	0.258240358206673	0.0634359209790386	0.0147916431307642	0.00638958339955214	0	0.536395665474781	0.0672096371068959	0	0	0.78618963251843	0.63240961212157	S218_DX
0	0.0970154665586422	0.10049664188012	0	0.230198874936032	0.0737991831200567	0	0	0	0.165176268370254	0.312200890174304	0.0211126749605908	0	0.645949823670676	0.762053332799654	S219_DX
0	0.0497381607116867	0.0796230973421352	0	0.137790211953925	0.112908647513333	0.0491904260526947	0	0	0.0781432023968108	0.492606254029414	0	0	0.761629398534308	0.647736717473814	S21_DX
0	0.0273158897097311	0.0528168495051838	0	0.38259357303968	0.0319741018972139	0.0497257732817419	0	0	0.146072608853162	0.309501203713288	0	0	0.778862147167923	0.634881279999904	S21_week_24
0	0.016590347170157	0.0396321167858306	0	0.292972681301862	0.0737475112276739	0.0276492725063568	0	0	0.0731917193155556	0.476216351692564	0	0	0.81372468453772	0.586457916577742	S21_week_4
0	0.132304900387241	0.0324447783081445	0	0.202794740244593	0.0332493897243388	0.0353716263298005	0	0	0.253724217005249	0.205574729471136	0.104535618529496	0	0.642203508680758	0.764227805262712	S220_DX
0	0.0881606434614643	0.100018413926372	0	0	0.177634164934928	0	0	0	0.0770494714034276	0.536319367760497	0.0208179385133114	0	0.736143453423148	0.67601772612676	S221_DX
0	0.0942063354991192	0	0	0.330865870390664	0.0472312922869059	0.0293030777269123	0	0	0.0629744063504366	0.380106288154979	0.0553127295909831	0	0.677942510614712	0.73343701775237	S222_DX
0	0.0269717160881601	0	0	0.132333131350194	0.270577428769813	0	0	0	0.0212120098167611	0.548905713975072	0	0	0.829840015718951	0.566739715801622	S22_day_7
0.0213641525243793	0	0	0	0.234107790096565	0.20819877397986	0.00730708009560768	0	0	0.00731770567456043	0.521704497629028	0	0	0.850003154673757	0.541597443721405	S22_DX
0	0.0669812745704254	0	0	0.318986948508522	0.113160810941373	0.03849791771091	0	0	0	0.462373048268769	0	0	0.714016186094842	0.698756343217419	S22_week_24
0	0.0273702811285945	0	0	0.314674841062241	0.150490441113386	0.00825302770558464	0	0	0	0.499211408990194	0	0	0.796772822446477	0.608603260006282	S22_week_4
0	0.0529287644274277	0.0380554076640775	0	0.16218481260044	0.113417044673364	0	0	0	0	0.633413970634691	0	0	0.740822582025092	0.673302976149585	S24_day_7
0	0.0428022650339318	0.0196469857744225	0	0.244460487798368	0.0932256677617027	0.0222016991716142	0	0	0	0.577662894459961	0	0	0.799140099696743	0.60163618848913	S24_DX
0	0.0427762968898914	0.0484875840078992	0	0.13060149835103	0.150967168866824	0	0	0	0	0.621167609416486	0.00599984246786941	0	0.698753225398596	0.718103858969573	S24_week_24
0	0.0728778662325892	0.032239391409457	0	0.132850209415654	0.154979247001969	0	0	0	0	0.60705328594033	0	0	0.739925799605164	0.673279889727464	S24_week_4
0	0.0654232180299606	0.0291869565048939	0	0.114545186162406	0.156824607001355	0	0	0	0.0507901869346685	0.583229845366715	0	0	0.854414032384611	0.526307415415023	S27_day_7
0	0.0396637177708089	0	0	0.391521828924368	0.0117284352255072	0	0.042286660616776	0	0	0.51479935746254	0	0	0.783861277904268	0.62122507152449	S27_DX
0	0.0374304178301003	0.0283917768849601	0	0.358628434040794	0	0.0130545455193413	0	0	0	0.562494825724804	0	0	0.805977085595194	0.592305179607802	S27_week_24
0	0	0.0867881470193105	0	0.361263039582857	0.0172487078835621	0.0912903518605748	0	0	0	0.443409753653695	0	0	0.755889175470035	0.655953387123923	S27_week_4
0	0.0497708612512656	0.041269813171167	0	0.222356648113547	0	0.0127084893134453	0	0	0	0.673894188150575	0	0	0.860021577096749	0.512282967023323	S29_day_7
0	0.0225549861937579	0.0847083907013284	0	0.315754783632031	0	0.0258682177866437	0.00797266575639055	0	0	0.543140955929848	0	0	0.812384451495957	0.585547694498543	S29_DX
0	0.0557652998479632	0.0934909939386215	0	0.0903484672938385	0.0264974675655281	0.0820742674875054	0	0	0.134684452109442	0.517139051757101	0	0	0.820097109386131	0.573942310739927	S29_week_4
0.0165286633821526	0.0233464476389661	0	0	0.160283516384699	0.255614371991134	0	0	0	0.0442645167572134	0.499962483845835	0	0	0.792731065828542	0.613512117703402	S2_week_24
0	0.0111997956070172	0.0219554490838558	0	0.488070789585909	0	0.00138801477164593	0.0133476567999304	0	0	0.464038294151641	0	0	0.754298850227407	0.655640172790645	S2_week_4
0	0.000825255208487424	0.0278906634679268	0	0.365948081042902	0.0695136494795978	0.000800165074223636	0	0	0	0.535022185726863	0	0	0.826390545465758	0.56818917151815	S30_day_7
0	0.0508212922341177	0.0304140803553391	0	0.275262848158945	0.00962575772994162	0.0149400400092611	0	0	0	0.618935981512395	0	0	0.819990682150884	0.57303241990001	S30_DX
0	0.0652707015226199	0.0374800979902164	0	0.0352024857390278	0.112160449580542	0	0	0	0	0.714823518648437	0.0350627465191569	0	0.807301557081624	0.591794203884443	S30_week_24
0	0.0443312083635094	0.0378977016245602	0	0.148248667656002	0.141591453419202	0	0	0	0	0.627930968936726	0	0	0.779460271691144	0.626072460061993	S30_week_4
0.00784455035215876	0	0.000609193160192157	0	0.324022873995092	0.143913947884199	0.00790697363838812	0	0	0	0.51570246096997	0	0	0.811600095500056	0.589484691568251	S34_day_7
0	0.0253855091289941	0.00623041608708484	0	0.363766110954446	0.0365886812221376	0.0123005558111043	0	0	0	0.555728726796234	0	0	0.835596976219181	0.553197027390454	S34_DX
0	0.060349860285817	0.0121434591766535	0	0.296604749819714	0.138641802548704	0	0	0	0.0882718952000593	0.403988232969052	0	0	0.728791027158594	0.68374820430001	S34_week_24
0	0.0368940984741248	0.160054878625301	0	0.355203229286898	0.0244659029897372	0.0741366488050565	0	0	0.0120495815734594	0.337195660245423	0	0.01	0.625253155361431	0.778083141094553	S34_week_4
0.0513908547158891	0	0.00386367749454243	0	0.121264492879948	0.218720351195106	0	0	0	0.0947927362371165	0.509967887477399	0	0	0.817841376765227	0.578828778899485	S35_day_7
0.00899636547360934	0.00311684617243224	0.0495902040693981	0	0	0.168050473699244	0	0	0	0.142353405565004	0.627892705020313	0	0	0.838031355358955	0.545236804968827	S35_DX
0	0.0147022427107815	0.0201341902834691	0	0.178947736547087	0.247664492654545	0	0	0	0	0.538551337804117	0	0	0.809803490533639	0.593369072742846	S35_week_24
0	0.0448887434424815	0.0380388748524863	0	0.34880050950124	0.0631136442724819	0.00980341650392265	0	0	0	0.495354811427388	0	0	0.789061065555157	0.616382898870351	S35_week_4
0.010707993263098	0.0197704628659412	0	0	0.0142392717973439	0.310174292105054	0.00730559197957379	0	0	0.0670028618428406	0.570799526146148	0	0	0.856866555677307	0.526437613204526	S3_week_24
0.0072848101156255	0	0.0132547760177989	0	0.158874297697494	0.187843774344259	0.0167887770270782	0	0	0	0.615953564797744	0	0	0.841418215063922	0.54440197036535	S3_week_4
0	0.0283515477433178	0.12872461608453	0	0.292724043391239	0.0744986676039124	0.110387395445796	0	0	0.0615411946280076	0.250863529880686	0.052909005222511	0.01	0.528592988136389	0.848143006755576	S41_day_7
0	0.047597662596388	0.139524006778743	0	0.351183676695389	0.0110342683288363	0.017922385045057	0.0127886100287496	0	0.0530103536126817	0.335092896136123	0.0318461407780323	0	0.639429866688414	0.766231987197765	S41_DX
0	0.0881095606041768	0.0477010357984857	0	0.0918637117044954	0.128718497194371	0	0	0	0	0.643607194698471	0	0	0.717603419268543	0.701585408146497	S41_week_24
0	0.0272712896986273	0.0211895387225752	0	0.46062028665605	0.0420470271059775	0.0537668141649835	0	0	0.0891802500910702	0.305924793560716	0	0	0.680221929911638	0.730736290327955	S41_week_4
0	0.137750968578194	0	0	0.0319425783455678	0.143076656481227	0	0	0	0	0.637137112595436	0.0500926839995761	0	0.773284611265547	0.63624186086962	S42_day_7
0	0.0327111173446063	0.103327848099226	0	0.1460901889453	0.0802845706228354	0.0157303441430655	0	0	0.0744138583899579	0.547442072455009	0	0	0.817467838915335	0.578388464268287	S42_DX
0	0.0613758497204102	0.0428048073124056	0	0.0063324223651859	0.196052746016943	0	0	0	0	0.530427225943001	0.163006948642054	0	0.781854374366512	0.629402104500078	S42_week_24
0	0.0655075023683043	0.0977868840365001	0	0.0795623115199481	0.0582563857282103	0.0279899776666212	0	0	0	0.670896938680416	0	0	0.827585373854784	0.562643226232745	S42_week_4
0	0.021018048557621	0.039806225853983	0	0.349988026269178	0.0760435105452193	0	0	0	0	0.513144188773998	0	0	0.797616510349829	0.605763801492717	S43_day_7
0	0.0334882398364555	0.0222891462404724	0	0.290809016371127	0.108713868902279	0	0	0	0	0.544699728649666	0	0	0.777162651953829	0.629070178572065	S43_DX
0	0.0690445850434946	0.0881595419636036	0	0.338035544590448	0.0220074963317187	0.0179077542017954	0	0	0	0.451392012013777	0.0134530658551634	0	0.730639209836673	0.681591680630513	S43_week_4
0	0.0807333011707791	0.10447614926551	0	0.043490952025785	0.122124710266119	0	0	0	0.107943419900662	0.541231467371145	0	0	0.792354318974512	0.610483836806966	S49_day_7
0	0.090494062516832	0.0116517110395462	0	0.0712735781541914	0.0916092121642157	0.0928361027403099	0	0	0.325961766054747	0.316173567330158	0	0	0.720521123230445	0.692024064048309	S49_DX
0	0.0695125666748825	0.0829219399411226	0	0.0544307326569213	0.0972342613773133	0.000426437818524661	0	0	0.107746857527849	0.57433496625074	0.0133922377526465	0	0.773101828065205	0.63410554285203	S49_week_24
0	0.0591850006560673	0.102116269160472	0	0.126495236185969	0.036803646195839	0.0332144385367829	0	0	0	0.64218540926487	0	0	0.831321360916176	0.55738709533982	S49_week_4
0	0.0825427796670276	0.137240894503456	0	0.108791405955034	0.0991183349729869	0	0	0	0.0490122389905335	0.447504082116815	0.0757902637941469	0	0.72110681423504	0.691777754818899	S4_week_24
0	0.0635513737061817	0.0341506921801884	0	0.277161217285409	0.0096232411008928	0.013431316653558	0	0	0	0.60208215907377	0	0	0.763636302321424	0.646653602315479	S4_week_4
0	0.0275605837279284	0.045589163578724	0	0.279258731575392	0.0793406891318836	0.028078926271433	0	0	0	0.540171905714639	0	0	0.840421164053243	0.550414605154671	S50_day_7
0	0	0.0255406579267649	0	0.303879775279968	0.112134743338178	0.0131602842259581	0	0	0.118997739468402	0.426286799760729	0	0	0.738976954679741	0.672310567955158	S50_DX
0	0.0201673971501806	0.0280936176392373	0	0.307346457712315	0.076616029598268	0.0483578754959354	0	0	0.0787748781358305	0.440643744268233	0	0	0.764446703851382	0.645251198220927	S50_week_24
0	0.0603501341355715	0.0744048389485689	0	0.203157471756218	0.0959641316133044	0.0279331717435321	0	0	0.0288980128045549	0.50929223899825	0	0	0.798288898018392	0.605347438518615	S50_week_4
0	0.0788616584224889	0.0578520989835617	0	0.25890185923091	0.00316565417382666	0.0259805562952117	0	0	0	0.575238172894001	0	0	0.804354411560337	0.595064418836879	S51_day_7
0.00814292038323093	0	0.00368366484106527	0	0.0942374035704178	0.257143636601891	0.0256313607608666	0	0	0	0.611161013842528	0	0	0.851430295969353	0.532397930695981	S51_DX
0	0.0600309586808023	0.0748731027165977	0	0.203517785396139	0.0453099462616976	0.0264585462068582	0	0	0	0.589809660737905	0	0	0.805306903385823	0.593680276653537	S51_week_24
0	0.0397820577165748	0.0370085448959397	0	0.308854281275394	0.0561019653854083	0.00613349182090305	0	0	0	0.55211965890578	0	0	0.823167120579213	0.571194737518873	S51_week_4
0	0.0768285607023366	0	0	0.106293239546374	0.13454414203336	0	0	0	0.26528144511205	0.417052612605879	0	0	0.791363647355156	0.611566999937768	S52_day_7
0	0.0758568416043169	0	0	0.102647940729828	0.14663987143749	0.0325447364193608	0	0	0.320952081597583	0.321358528211421	0	0	0.775121236651675	0.63315063453137	S52_DX
0	0.117670247336762	0	0	0.0572624027060083	0.144105774426417	0	0	0.00428945123443566	0	0.670153652630625	0.00651847166575242	0	0.781506675461086	0.62718903217289	S52_week_24
0.0114179520252149	0.00817270018994708	0.00382022460930806	0	0	0.300250063196627	0.0154229797285006	0	0	0.0227889650239647	0.638127115226438	0	0	0.861962375706053	0.514143433737152	S52_week_4
0	0.0518267845756265	0.0236394741832993	0	0	0.257833385706792	0.00752107231407146	0	0	0	0.659179283220211	0	0	0.809164281215863	0.58821308953005	S53_day_7
0.0165317263991851	0.00822955432820342	0.0168415115411878	0	0.228658760494733	0.170825947728324	0	0	0	0.0620090181180744	0.496903481390292	0	0	0.811340349034027	0.589488909355104	S53_DX
0	0.10999791719349	0.0506014729667835	0	0	0.141461823198301	0	0	0	0.195512466571151	0.38251776858423	0.119908551486045	0	0.714230993712497	0.698524197000523	S53_week_24
0	0.0400367230557819	0.0523877663752214	0	0.235642845250355	0.0664742952490575	0.0336540290216608	0	0	0	0.571804341047924	0	0	0.839211585163184	0.549231070290017	S53_week_4
0	0.0117389875327486	0.0171200942204152	0	0.421102195519934	0.022936635693256	0.039086207905543	0	0	0	0.488015879128103	0	0	0.80698381939612	0.594572995251827	S54_day_7
0	0.079456360512904	0	0	0	0.369654051618305	0	0	0.0279793338304807	0.160054363569537	0.362855890468773	0	0	0.678743223609486	0.732430331804572	S54_DX
0	0.101290078377471	0.115472204767296	0	0	0.136725054043288	0.006251169296565	0	0	0.213578274288764	0.426683219226617	0	0	0.734285548048531	0.677848373499232	S54_week_24
0	0.129715400295793	0.0480516718251461	0	0.130270303464589	0.156874647495421	0	0	0.0361197784150927	0.0766226118655226	0.422345586638436	0	0	0.641894638309413	0.768087201028549	S54_week_4
0	0.0221478525707488	0.0476701515051947	0	0.159463290376323	0.145165693952523	0	0	0	0.129296278563372	0.496256733031839	0	0	0.86489975566695	0.516244473883386	S5_week_24
0	0.0571007797690879	0.0549877238172314	0	0.337826105810073	0	0.00631741561826424	0	0	0	0.543767974985343	0	0	0.715744329012178	0.699165698401009	S5_week_4
0	0.0753197760711077	0.000968523677140028	0	0.324332121367184	0.0450103554028028	0.0149881668244916	0	0	0	0.52425549237142	0.0151255642858538	0	0.761707978963677	0.647503727072542	S70_day_7
0.00916145482488858	0.0189715407374048	0.0080563842638823	0	0.109017784163018	0.1858621880784	0	0	0	0	0.668930647932406	0	0	0.86022970642127	0.513071996277587	S70_DX
0	0.118460065437301	0.0802037768590019	0	0.0711671540358811	0.0898340835795904	0	0	0	0.0760329872903464	0.515276824567349	0.0490251082305299	0	0.747540098634376	0.663975535713272	S70_week_24
0	0.0497266950954907	0.0204013426903845	0	0.315579966871284	0.0647354034156781	0.0200241556052226	0	0	0	0.52953243632194	0	0	0.772168847382253	0.635097058829586	S70_week_4
0	0.0107093099159456	0.0233960380219582	0	0.201266711550211	0.16154077009339	0	0	0	0.242998459971872	0.360088710446623	0	0	0.849315463949153	0.547483329253721	S71_day_7
0	0.0125756204054303	0.0340446010342958	0	0.376811164452579	0.0760502743766825	0.0494534684322225	0	0	0.208094636811261	0.242970234487529	0	0	0.766340883575732	0.652279584533301	S71_DX
0	0.156119569454691	0.0204984672025122	0	0.243304572170646	0.0917526082607276	0.0587781057429872	0	0	0	0.329752657323478	0.0997940198449581	0.01	0.605433724772661	0.797131660413336	S71_week_24
0	0.0909631258037721	0.0340433235022177	0	0	0.150024183441659	0	0	0	0.269861280197924	0.317589518432564	0.137518568621862	0	0.727601247815194	0.686524019200574	S71_week_4
0	0.037627767053805	0.0396072317411423	0	0.252235107972877	0.0813393664853021	0.0217649796675372	0	0	0	0.567425547079336	0	0	0.827517169423953	0.565339511081988	S72_day_7
0	0.0529264605901407	0.00419716594596118	0	0.433712650790469	0	0.0213823427678227	0	0	0	0.444456231099019	0.0433251488065875	0	0.665490597600612	0.745620793293199	S72_week_24
0	0.0695637940689026	0.0323385111502579	0	0.336333076923862	0	0.03362267085436	0	0	0	0.528141947002617	0	0	0.723635258500491	0.690600540816797	S72_week_4
0.0166504802729829	0.0409665998821091	0	0	0.187704044270806	0.155779950263708	0	0	0	0.108358173408404	0.49054075190199	0	0	0.815676527454851	0.58193395119823	S73_day_7
0	0.0204581691890685	0.108636684906119	0	0.0771345350961074	0.106754126264599	0.0594600041895989	0	0	0.13659798160728	0.490958498747228	0	0	0.758099501903086	0.65089850596748	S73_DX
0	0	0.115330053272156	0	0.148520830783061	0.0726614920937955	0.071109243582812	0	0	0	0.592378380268175	0	0	0.765640993184891	0.641919503903515	S73_week_24
0	0.0122358921369513	0.0577818763262965	0	0.344103319419909	0.0349037506122679	0.0276602423275634	0	0	0	0.523314919177011	0	0	0.731503103245844	0.680096137162911	S73_week_4
0	0.0177174675353391	0	0	0.350940707019426	0.10687544066595	0.0600524723097331	0	0	0	0.432047938592935	0.0323659738766168	0	0.672547152438141	0.737534445308463	S76_day_7
0	0.0547984767503262	0.0395175482861857	0	0.210619250886326	0.0495587511558416	0.113551524293152	0.00143440976840094	0	0	0.51449968699164	0.0160203518681282	0	0.742096793325272	0.669336186345551	S76_DX
0	0.0805497709474797	0.00314572820712592	0	0.160401555272338	0.128997812271315	0.0208933645519679	0	0	0	0.538898002379955	0.0671137663698182	0	0.758701673211559	0.651233450088568	S76_week_24
0	0.0203834331154729	0.0640538273229494	0	0.291566873498443	0.0586570521341004	0.0551561425811622	0	0	0	0.510182671347872	0	0	0.798289103595778	0.605669175318894	S76_week_4
0	0.0177343354653216	0	0	0.562572167743212	0.0275285706301702	0.0276403198306519	0	0	0	0.308315645535863	0.056208960794781	0	0.63429430809532	0.77005709279817	S77_day_7
0	0.0220146840572343	0.0279837661032458	0	0.246887660195884	0.118310019853963	0.0934804708657235	0	0	0.0604724887572591	0.43085091016669	0	0	0.740767959510562	0.671716917576906	S77_DX
0	0.0579878471078544	0	0	0.266667207496787	0.129011174303323	0.0253523013380132	0	0	0.105323988087907	0.321075933024267	0.0945815486418494	0	0.680308563166848	0.731714867583701	S77_week_24
0	0.0265576776775795	0.0327845057836064	0	0.411344926545332	0.0032375508372524	0.0356022526912448	0	0	0	0.490473086464985	0	0	0.775091015306189	0.631930454891201	S77_week_4
0	0.0926016334819184	0.087553823159315	0	0.0462321144558288	0.0772208049825498	0.0455434637109343	0	0	0.161492310845212	0.489355849364241	0	0	0.765169572865299	0.643578892094494	S78_day_7
0	0.0269306199378501	0.0659482101678535	0	0.265020871870273	0.0297811984666171	0.0462423973433913	0	0	0	0.566076702214015	0	0	0.745995745520768	0.664958766080729	S78_DX
0	0.111941118182996	0.0134060153803745	0	0	0.192151518120105	0.0227799096829475	0	0	0.162708350237214	0.382513347371442	0.114499741024922	0	0.705331657093564	0.707623025152942	S78_week_24
0	0.0510146257922476	0.0268069282282864	0	0.051093419767657	0.121803177443556	0.0757274713428898	0	0	0.206615862961661	0.466938514463702	0	0	0.778282920147658	0.627221201225229	S78_week_4
0	0.0541749756118147	0.00781799563068875	0	0.154503677500065	0.123992267019396	0.12704411309408	0	0	0	0.486783695210029	0.0456832759339256	0	0.752362399153273	0.659455961944297	S7_day_7
0	0	0.109414349581016	0	0.313068053788369	0.0111743390159124	0.107724195926764	0.000981911765882743	0	0	0.457637149922056	0	0	0.746887121298196	0.664945315766226	S7_DX
0	0.0520706495423741	0.0182823494786545	0	0.383931704440346	0	0.124944419323617	0	0	0	0.373554376469318	0.0472165007456904	0	0.709151052896341	0.704017280001217	S7_week_24
0	0.0103353931387244	0.0238061180838897	0	0.450829660368614	0	0.0810081448932077	0.0225585119839848	0	0.0152606798758738	0.396201491655706	0	0	0.677375524396061	0.733159818032493	S7_week_4
0	0.0555138469286859	0.0563438900889535	0	0.267113381232932	0.0663193986385884	0	0.00778593899209249	0	0	0.495567341757015	0.0513562023617329	0	0.756440839546334	0.654194108318725	S80_day_7
0	0.000228394562457679	0.100425916935637	0	0.225043155181376	0.0792497330633437	0.013358202845713	0	0	0	0.581694597411473	0	0	0.873588658598166	0.501149094359701	S80_DX
0	0.0565137836226048	0	0	0.300343208771429	0.10591193580747	0	0	0	0	0.484813063710371	0.0524180080881254	0	0.780716821494759	0.627884195912609	S80_week_24
0	0.0635880564248767	0	0	0.475839813536071	0	0.110146490670736	0.0187055212860698	0	0	0.215121676037929	0.116598442044318	0.02	0.285123526139372	1.00403726113255	S80_week_4
0.0385175148079212	0.0357139918972062	0	0	0.0870129732454697	0.215548953644583	0.00586054566625251	0	0	0.38679401656294	0.201707948314465	0.0288440558611626	0	0.774617144141424	0.640576821513019	S81_day_7
0	0.100280354682092	0.0115323488454046	0	0.0973477587810441	0.0643615863772737	0.0461021256015956	0	0	0.362628886740515	0.317746938972075	0	0	0.742858646536687	0.668358785500391	S81_DX
0	0.0443556611394966	0.0542697944625373	0	0.32790707711985	0.0410904798754015	0	0	0	0	0.532376987402714	0	0	0.811796613372087	0.586750099599434	S81_week_24
0.00977473594846098	0.0414127220035937	0	0	0.19573955370702	0.206038204353287	0.0308251520437121	0	0	0.271779677944499	0.216935977417302	0.0274939765821257	0	0.75373615254635	0.666849196450509	S81_week_4
0.000696403779721803	0.00172150332662144	0	0	0.481524863434556	0.0958944601619221	0.0555001270843957	0	0	0	0.364662642212783	0	0	0.707500558367696	0.706285827105593	S83_day_7
0	0.0507672756563357	0.103454733735004	0	0.0648826276595197	0.129365780312593	0	0	0	0.111046493035445	0.540483089601103	0	0	0.79732982588113	0.604066433713951	S83_DX
0	0.159632392498178	0.0173519349462114	0	0	0.213392180581855	0	0	0.0156268438014474	0	0.56404227053018	0.0299543776421285	0	0.700694460318937	0.716271327089585	S83_week_24
0	0.0894004943725126	0.017728033667802	0	0	0.213142593499482	0	0	0.028414263120213	0.291991957575953	0.221215298832698	0.138107358931339	0	0.698000844612756	0.719286522146735	S83_week_4
0.00165627962753845	0.0661240845546749	0	0	0.0929921904041272	0.202364910882406	0.0595385621501553	0	0	0.318796745508091	0.209594601085872	0.0489326257871351	0	0.737119917444303	0.681528139468569	S84_day_7
0	0.0637978957221135	0.0280809757043404	0	0.162261313563157	0.131943371457112	0	0	0	0.258799830751716	0.355116612801561	0	0	0.786963523848453	0.619925515311309	S84_DX
0	0.0798668827046346	0.0219162787610817	0	0.240636854607252	0.0399823375996053	0.0214359793489692	0	0	0	0.596161666978457	0	0	0.821987456128791	0.57122312973286	S84_week_24
0	0.0332617115362342	0.096773434760882	0	0.178112702358286	0.0979804751706964	0	0	0	0.167209725167482	0.42666195100642	0	0	0.810598158573001	0.59186902628853	S84_week_4
0	0.0172785837739608	0.0353577586243247	0	0.421025832300473	0.0215869612614694	0.026299592927904	0	0	0.0595420251524016	0.418909245959467	0	0	0.743103302689074	0.668248978053263	S85_day_7
0.0078527670914142	0.00840573862653095	0.0455963949630489	0	0.215864111171841	0.110257981736215	0	0	0	0.057904713587839	0.554118292823111	0	0	0.743998277569774	0.666773047604714	S85_DX
0	0.0480287562612809	0	0	0.512780572101407	0.0307282876785462	0.0356557978354318	0	0	0	0.372806586123334	0	0	0.712372978004951	0.700329154932068	S85_week_24
0	0.0598600409413851	0.00158447315247776	0	0.12574076531403	0.184509907423462	0	0	0	0.132922912887653	0.483380189107052	0.01200171117394	0	0.817412292621572	0.580831693143377	S86_day_7
0	0.0792910150338133	0.0663138774250067	0	0	0.177178217497503	0.0167790505902059	0	0	0.367200322900329	0.277750495414436	0.0154870211387061	0	0.756534549191831	0.655519126485299	S86_DX
0	0.0275260289743381	0.0394660861287982	0	0.322617697008351	0.11267655561159	0.0857371421106223	0	0	0	0.370477176095965	0.041499314070335	0	0.693787946609324	0.719833059465415	S86_week_24
0	0.0475313224768216	0.000566820674007525	0	0.355236015191619	0.0910319728873425	0.0451966197577572	0	0	0	0.460437249012453	0	0	0.739763052406521	0.672114674786013	S87_day_7
0	0.048192029016341	0	0	0.0913427045235576	0.162141768996757	0.0954891001384433	0	0	0.29959339703561	0.301217364778895	0.00202363551039533	0	0.761271540972659	0.65050267564748	S87_DX
0	0.104910711147949	0.0582927852116593	0	0.283878636887699	0.0757133614780507	0.0945295433790456	0	0	0	0.35243971992711	0.0302352419684853	0.01	0.613377135589926	0.790076520037718	S87_week_24
0	0.0672533780130053	0.0173393327299685	0	0.39816372117179	0	0.0506037359027048	0	0	0	0.466639832182532	0	0	0.730433035921225	0.681960407340674	S88_day_7
0	0.0285117450718571	0.0802784680871971	0	0.284565249822666	0.0683345340883092	0.0870042183099163	0	0	0	0.448578180465047	0.0027276041550071	0	0.772827138255081	0.638598988893702	S88_DX
0	0.00508201312770513	0.0331087222646856	0	0.338956615935749	0.0354336999915686	0.0473534409222702	0.0173507548509817	0	0.0656156123664294	0.45709914054061	0	0	0.842565834549242	0.551738463050122	S88_week_24
0	0.054225899657345	0	0	0.552942807213355	0	0.0496075639913347	0	0	0	0.343223729137965	0	0	0.693024601834575	0.718887928352044	S88_week_4
0	0.0252518698536559	0	0	0.35386168370229	0.110886099900118	0.0447367261167889	0	0	0	0.341407827716432	0.123855792710716	0.01	0.601035186073011	0.796024197689965	S89_day_7
0.0659211612728822	0	0	0	0	0.248088893559253	0	0	0	0.129372740469532	0.556617204698332	0	0	0.865921423363033	0.506649240233771	S89_DX
0	0.0147048492755873	0.03728410860502	0	0.316678002272492	0.0606145704412701	0.0241314198548258	0.00355944937966039	0	0.110865010926318	0.247923395192301	0.184239194052525	0.01	0.626131337615101	0.778173157656782	S89_week_24
0	0.0138276350267705	0.00745023768884979	0	0.557582084113409	0	0.0226039253514763	0.0045032369718272	0	0	0.388836342957209	0.00519653789045837	0	0.678690948458581	0.73193668329609	S89_week_4
0	0.0760457954846915	0	0	0.233156858109738	0.102238803244548	0.118319271701023	0	0	0.0802393745943603	0.326418523844848	0.0635813730207919	0	0.704150801342682	0.710102259606806	S90_day_7
0	0.0711288928826954	0.00903368978522318	0	0.111275945664519	0.0834221758038313	0.0699291753055791	0	0	0.179853461296511	0.475356659261642	0	0	0.789667474765164	0.613539037224129	S90_DX
0	0.0959129904389593	0.0387344368538803	0	0.0793117401974575	0.0679452842904786	0.0324211293908151	0	0	0.048311233993144	0.637363184835265	0	0	0.804753761361796	0.595604803227586	S90_week_24
0	0.0189243222640821	0.00294076672558092	0	0.289839883413706	0.0120197301916426	0.00992129540556778	0	0	0.0130669011026818	0.653287100896739	0	0	0.726280791221546	0.695345390339314	S90_week_4
0	0.0710429447467085	0	0	0.334777824110555	0.0138666316565021	0.0771045719879085	0	0	0.00938339920313489	0.493824628295191	0	0	0.737022828849019	0.675304870941934	S91_day_7
0	0.179478347530989	0.0171398305886727	0	0.0556342734922658	0.0837604479311911	0	0	0	0.0297963110746103	0.595898254485191	0.0382925348970797	0	0.714678363939511	0.708538241850682	S91_DX
0	0.0738286221411099	0.0592424131618852	0	0.297526531906967	0	0.0231828463512108	0	0	0	0.546219586438827	0	0	0.784567007630017	0.620229054444137	S91_week_24
0	0.0663423422237745	0.0421364320149748	0	0.355655824670587	0	0.0246748406759891	0	0	0	0.511190560414674	0	0	0.782682940191876	0.622732464988595	S91_week_4
0	0.027956849070955	0.0895618941541358	0	0.183078675413641	0.0889932393550744	0	0	0	0.113568694890411	0.496840647115783	0	0	0.840634722992853	0.549846814663211	S92_day_7
0	0.0184449542509796	0.0391029208659523	0	0.140852530184206	0.171730284371359	0	0	0	0.169541320653873	0.46032798967363	0	0	0.846448314438216	0.544086823361061	S92_DX
0	0.0405904807485998	0.00469153567284717	0	0.451573383511753	0	0.0184103226606047	0	0	0	0.484734277406195	0	0	0.753863476725063	0.655935181733281	S92_week_24
0	0.0209689542653166	0.0778508578016419	0	0.150325237368522	0.118479649489849	0	0	0	0.128291923844554	0.504083377230117	0	0	0.835370337012796	0.556076315513349	S92_week_4
0	0.107596069610554	0.0426748689727683	0	0.108804130172697	0.101976370272918	0.147654575287242	0	0	0	0.350060975256076	0.141233010427744	0.01	0.610144200598039	0.790077717568345	S93_day_7
0	0.0459362399080379	0.0298047173739057	0	0.295425992208443	0	0.0156213161282312	0	0	0	0.613211734381382	0	0	0.822803217367346	0.568992419860953	S93_DX
0	0.167952249188434	0	0	0.157019344750124	0.139665885297271	0.130989053942068	0	0	0.0321326057466249	0.244630162097426	0.127610698978053	0.01	0.506020334650062	0.870931164941609	S93_week_24
0	0.206073864927598	0	0	0.0594032523438734	0.100775549844343	0.0370249433867949	0	0	0.0606652362985125	0.377000100125162	0.159057053073717	0.01	0.604425623608678	0.801909249819219	S93_week_4
0	0.0452625415129668	0.0098193639362137	0	0.360709315121912	0.0504854228411414	0	0.00873845323180418	0	0	0.518575722761139	0.00640918059482337	0	0.807643391839223	0.592493819938906	S95_day_7
0	0.0445177817598208	0.00452229974738135	0	0.273998594835177	0.0393156623505948	0.0527788552508077	0.011439316760506	0	0.153589303993153	0.419838185302559	0	0	0.79942691586638	0.60330878943719	S95_DX
0	0.0370572562429599	0.0302117382051445	0	0.467970910646491	0	0.0246262948694933	0	0	0.0320538832427524	0.408079916793158	0	0	0.738470588618109	0.673305018037189	S95_week_24
0	0.0484515268012648	0.084588635101548	0	0.160300908148337	0.0650286865007534	0.0476969593219621	0	0	0.0780710767822529	0.515862207343882	0	0	0.814980200883202	0.582774923554748	S95_week_4
0	0.051790990251542	0.149043819579241	0	0.283411492347707	0.0383739676233772	0.0541907894082885	0	0	0	0.423188940789844	0	0	0.705764666966836	0.706739904279732	S98_day_7
0	0.12698096988119	0.0428465933028616	0	0.0540840242711025	0.177770690964372	0	0	0	0	0.545873261714508	0.0524444598659664	0	0.725053205781022	0.688616619039105	S98_DX
0	0.0739557166667654	0.0332246384934289	0	0.362656935157554	0	0.018805269314903	0	0	0	0.511357440367349	0	0	0.688503168254214	0.727414952054822	S98_week_24
0	0.000295026263479658	0.0474190264627131	0	0.439114930710485	0.0286579957562285	0	0.0200630986183466	0	0.0642356805532316	0.400214241635515	0	0	0.814793429481698	0.591854392000507	S98_week_4
0	0.124021073217878	0.086876894394392	0	0	0.111667868689462	0	0	0	0.135162627404855	0.542271536293414	0	0	0.783444355750768	0.622445623561898	S99_day_7
0	0.0818396501053951	0.0741126676210383	0	0	0.103215878916102	0.0081799944389507	0	0	0.213412004601925	0.519239804316588	0	0	0.852295110260608	0.527047008995724	S99_DX
0	0.13481461741037	0	0	0.0483110910709587	0.166302593009294	0.0417575028340455	0	0	0.237269025388953	0.173463343218355	0.198081827068025	0.01	0.615500119614326	0.78533567551659	S99_week_24
0	0.132136055658091	0.0899976341279003	0	0.0614638010093106	0.0413513350556012	0	0	0	0.217448269588187	0.408757222927944	0.048845681632966	0	0.746669561642759	0.664658002158918	S99_week_4
0	0.066079827634825	0.0683421114977552	0	0.126346915266421	0.0749368272967475	0.0227258313211663	0	0	0	0.641568486983085	0	0	0.794350378228603	0.608026983136374	S9_day_7
0	0.0232056755776483	0.0697656914730717	0	0.0675596237134157	0.13557935704104	0.0440441483628701	0	0	0.143573511840327	0.516271991991627	0	0	0.816919932282135	0.579142626989343	S9_DX
0	0.0316202269734483	0.126890318328583	0	0.230802741138638	0.113029944168955	0.0345255333862048	0	0	0.0982785013582245	0.364852734645946	0	0	0.709730665324562	0.703866944613531	S9_week_24
0	0.0507794896898441	0.0236147178418002	0	0.220625796097574	0.146378054878515	0	0	0	0.0175821673155753	0.541019774176691	0	0	0.823602652630024	0.572524155309693	S9_week_4
