Macs_IFN_B1a_Macs_IFN_y	Macs_IL_10	Macs_IL_4_Macs_IL_13	DCs_IFN_B1a	DCs_IFN_B1a_DCs_IFN_y	DCs_IL_10	Monos_IFN_B1a_Monos_IFN_y	Monos_IL_10	Monos_IL_4_Monos_IL_13	PMNs_IFN_B1a	PMNs_IFN_B1a_PMNs_IFN_y	PMNs_IL_4_PMNs_IL_13	P.value	Correlation	RMSE	sample
0	0.0829895589965658	0.0555646451152864	0	0.125113801900996	0.0681723232154802	0.015990401669907	0	0	0.323009939908002	0.223800825833069	0.105358503360694	0	0.724518812234945	0.690954749830172	X579
0	0.131766680715096	0	0	0.421137534187314	0	0.017757498939394	0.0095535590641559	0	0.278801661832305	0.109692980199856	0.0312900850618789	0	0.653332664090577	0.754734184497953	X567
0	0.0413890780345377	0.151395524363118	0	0.270356604190156	0.0555454041202491	0.0746960883330942	0	0	0.071675583884533	0.3272340117647	0.00770770530961168	0	0.668660257412292	0.741210254791496	X544
0	0.0416806582377794	0.164826622744726	0	0.0788610143810296	0.166229738600884	0	0	0	0.302458045140254	0.245943920895327	0	0	0.696406925906725	0.716963174458953	X582
0	0.111186196051715	0.104770355527689	0	0.398244768006801	0.00842203979910604	0.0536572739002506	0	0	0	0.323719366714438	0	0	0.529715207153152	0.862284544327066	X527
0.0134716124413232	0	0.0183256417733779	0	0.162691572936996	0.193568599101723	0	0	0	0.361932478748752	0.250010094997828	0	0	0.829829483066493	0.578144209708702	X521
0	0.0531767613811933	0.133489630645301	0	0.133428083920925	0	0.048255718572259	0	0	0.477221353882429	0.154428451597894	0	0	0.757087428168915	0.655591253714054	X655
0	0.0628331830668551	0.0916285651381507	0	0.354750015767204	0.0217455061424074	0.103158504914402	0	0	0.0634658479263819	0.271398633891122	0.0310197431534764	0	0.627869090219319	0.775647720826203	X663
0	0.115250677980991	0	0	0.0377135899967662	0.176705887548953	0	0	0	0.177133939283907	0.374698182444392	0.11849772274499	0	0.730967492098465	0.682544912727709	X660
0	0.0702586446525329	0.0416071007368997	0	0.240080047569173	0.210767025211771	0.0276917571234332	0	0	0.19550609415946	0.21408933054673	0	0	0.655021736133713	0.753463855640831	X571
0	0	0	0	0.514814754176889	0.0525145548557347	0.0453426496927856	0	0	0	0.387328041274591	0	0	0.790986641742811	0.621348460883822	X568
0	0.0723917071959485	0.00605393931762761	0	0.411735789071454	0.031105648912622	0	0.0016805170116248	0	0.302936518829251	0.174095879661472	0	0	0.729256622309163	0.684930072047818	X565
0	0.035136916103782	0	0	0.421062561921991	0.123365122569028	0.0446993453859109	0	0	0	0.375736054019288	0	0	0.703297205390759	0.709867580298148	X569
0	0.0468030757063518	0.0669893175920325	0	0.416871188427303	0	0.0689744860475978	0.0282665080469254	0	0.365215056044765	0	0.00688036813502461	0	0.646580983375512	0.761621717707745	X566
0	0.0634352589444517	0.128932674877125	0	0.243359985488233	0.0966201335868758	0	0	0	0.0995813852953728	0.323242902621459	0.0448276591864832	0	0.636502561708743	0.768568494245145	X574
0	0.0227134437404993	0.037477493466571	0	0.423708163495745	0.0645175543035178	0	0.00872702598587256	0	0	0.442856319007795	0	0	0.723137552399843	0.689172047317177	X575
0.00181226181856131	0.0700420138991588	0.0405034155048677	0	0	0.217695349297014	0	0	0	0.239230082253078	0.350170892871916	0.0805459843554046	0	0.769948187719459	0.643906878233215	X425
0	0.0607288723322508	0.0295559308161912	0	0.324349579792375	0.142261624519749	0.0058980683533059	0	0	0.0533785204821188	0.383827403704009	0	0	0.731306975988855	0.682258744853356	X572
0	0.162692862657554	0.0373161264443578	0	0.234336307660044	0.110617185152791	0.108922753793567	0	0	0.0533029724095096	0.244403654524538	0.048408137357638	0.01	0.513881394271465	0.870706576042704	X616
0	0.0328335631296143	0	0	0.27274782593024	0.13563874301876	0.0876055720072286	0	0	0.0605353052068957	0.34778265608437	0.0628563346228914	0	0.655316895494638	0.752858396350444	X570
0	0.0868532816310882	0.013877328020868	0	0.159606852310646	0.206349030792169	0.0440391875844194	0	0	0	0.48927431966081	0	0	0.780634046025429	0.628513762502214	X517
0	0.0890082460385249	0.157526176898729	0	0.162338041965229	0.0695422965803844	0.0136527110796418	0	0	0.205468734416516	0.302463793020975	0	0	0.639943964516151	0.767331106825396	X539
0	0.13901964037464	0.0828889578201597	0	0.176645256536134	0.156515382045756	0	0	0.0465615780568647	0	0.398369185166445	0	0.01	0.514046986431251	0.873847688620385	X477
0	0.018636979363781	0.0745310337100143	0	0.408651946740219	0.0123825035452178	0.0530871991821922	0.00580379945108092	0	0	0.426906538007495	0	0	0.730046335270298	0.682532758860829	X294
0	0.0453189375454097	0.0299005370966137	0	0.220788200752317	0.0137985978813377	0.0337614246798367	0	0	0.656432302044485	0	0	0	0.83533191844012	0.572894834115197	X480
0	0.00699559437128671	0.0776220677683339	0	0.192843066697992	0.200250486545074	0	0	0	0	0.507439698913434	0.0148490857038791	0	0.742683190667159	0.669666775440189	X423
0	0.0386717563756953	0.227457985773207	0	0.154020167842402	0.105648495963781	0	0	0	0.342309390683706	0.131892203361207	0	0	0.553035857076044	0.831674024581298	X496
0.00614849048924491	0.0421147664105465	0.00629754444360719	0	0	0.181402832679876	0	0	0	0.377511995005336	0.323874677837517	0.0626496931338731	0	0.790917781330858	0.614813373272383	X428
0	0.124708069355184	0.083371133439559	0	0	0.102464244495616	0.0183876920190081	0	0	0.272697441801865	0.2922963115157	0.106075107373068	0	0.689629068815705	0.722187349182913	X626
0	0.146949244085731	0.0248812286926965	0	0.246775511662182	0	0.0260177470044112	0	0	0.231899365287017	0.263699452558948	0.0597774507090146	0	0.661384116086225	0.749606729476965	X649
0	0.152036055474445	0.0262477964440408	0	0.203105544014597	0.0581665043790142	0.0588847346449186	0	0	0	0.436702439388829	0.0648569256541557	0	0.627782902191787	0.78313937190348	X652
0	0.142473201885481	0.0658732216716416	0	0.0584516007325912	0.107138566251116	0.0386941326359951	0	0	0.232430134076868	0.343685468310916	0.0112536744353912	0	0.638796050103373	0.772796737816482	X629
0	0.0295298188450036	0	0	0.512062747209436	0	0.0123375808831669	0	0	0	0.446069853062393	0	0	0.681659503391686	0.730570634276011	X634
0	0.0760572600564903	0.0331268129742395	0	0.21035585166041	0.0793467112491159	0	0	0	0.204228230137591	0.346909264530081	0.0499758693920722	0	0.719263494515467	0.693234872598067	X637
0	0.0363595349016972	0.0456952148864999	0	0.427019184768862	0	0.0979868995931238	0	0	0	0.366083361585267	0.0268558042645507	0	0.652024288707175	0.755770131926113	X295
0	0.232262989843083	0.0651435409571976	0	0	0.086895799728263	0	0	0	0.464838362083669	0.105013792235966	0.0458455151518216	0	0.633902272804128	0.777973999186667	X591
0	0.156924727969713	0.0530142748488401	0	0.132581014164037	0.0019563439315005	0.0304373648279001	0	0	0.224052360394389	0.297072188478777	0.103961725384844	0	0.690341364932103	0.722186542395705	X593
0	0.183786034539777	0.0224253913311303	0	0.336761360262007	0	0.0527131277333713	0	0	0.0517108232960903	0.352603262837624	0	0	0.556425009249673	0.853960040906676	X624
0	0.0774609173700497	0	0	0.480686694619867	0	0.0793193710073887	0.0426455763546563	0	0	0.24074074017523	0.0791467004728076	0.01	0.445305595553329	0.908922610579864	X611
0	0.0874314323974802	0.0872409605100829	0	0.263029538706801	0.0835360572783741	0	0	0	0.204975603042996	0.273786408064265	0	0	0.612617336633666	0.79035675158733	X577
0	0.0817618893891152	0.0481860756205666	0	0	0.204140940352595	0	0	0	0.285386219667844	0.38052487496988	0	0	0.718810451800975	0.693556321089825	X483
0	0.0563413532350458	0.0494463779842631	0	0.19033969391379	0.0662268410640589	0	0	0	0	0.637645733802843	0	0	0.82103322941621	0.571752132252226	X478
0	0.0859894697969781	0.0643649709987958	0	0.0540604060189804	0.167231615266135	0	0	0	0.186221567856954	0.442131970062157	0	0	0.722057302179629	0.690657606917694	X632
0	0.0467402501873158	0.0435355897007118	0	0.382932523153509	0	0.120017772398864	0	0	0	0.375587218755909	0.0311866458036904	0	0.672998146909431	0.737353367771121	X284
0	0.088955122166329	0.102136193735876	0	0.328877676819915	0.0805227782876643	0	0	0	0	0.399508228990216	0	0	0.623481366920717	0.783225890816507	X562
0	0.189925027732526	0.0762246073175238	0	0.214416285515061	0	0	0	0	0.51943407943489	0	0	0	0.584950397804059	0.81819262786791	X320
0	0.0243401301559604	0.0458338224247358	0	0.0746010681080873	0.276942226627955	0	0	0	0.10946175353481	0.468820999148452	0	0	0.755773407445113	0.655592649940989	X368
0	0.0453721199186546	0.0315545668665599	0	0.348127316060797	0.0512348244933343	0.0160895274114013	0	0	0	0.507621645249253	0	0	0.794487136566366	0.60924388693914	X361
0	0.105338569535617	0.0370830456966178	0	0.2821602170383	0.0989690187282344	0.055186302325377	0	0	0.0213464533893372	0.280657281607202	0.119259111679315	0	0.559969596958239	0.828005508035	X363
0	0.0348190959028784	0.033786413132667	0	0	0.2426902239442	0	0	0	0.231853683178924	0.45685058384133	0	0	0.842465554850294	0.547807411377637	X335
0.0107535936941356	0	0.0391045841452318	0	0	0.264541944358774	0	0	0	0.448991202887337	0.236608674914522	0	0	0.878824864754328	0.516289895147523	X341
0	0.0649301187516	0.0871816647629408	0	0.19814275712095	0.14870537676861	0.032696267304264	0	0	0	0.468343815291634	0	0	0.65819283022238	0.751841272401213	X365
0.0325714141743992	0	0.0026101953809823	0	0.408790693632302	0.0927172479808707	0.000112135234890504	0.0235585477333613	0	0.168524836307796	0.271114929555399	0	0	0.669924071958887	0.739679961714866	X323
0	0.0145361788920511	0.0888848578174507	0	0.164146139026061	0.148861477843722	0	0	0	0.202010070977881	0.381561275442835	0	0	0.770858705450403	0.640190732165305	X589
0	0.111850936666141	0.107757484584547	0	0.0151676626473908	0.125007531569713	0	0	0	0.0917605570849564	0.451602929971747	0.0968528974755039	0	0.66352862700142	0.747272595284066	X338
0	0.118416437791525	0.0333556890462113	0	0.303813297454921	0.0861833449560638	0.052677777577873	0	0	0.0836009122929178	0.321952540880488	0	0	0.594765461940516	0.807820501033642	X306
0	0.0552240046474488	0.0031398703789174	0	0.400829978339227	0	0.0951504713583526	0.0210882820889509	0	0	0.377118482897972	0.0474489102891315	0	0.653768597495009	0.754508902366845	X329
0.0184808079105219	0	0.0178461528986195	0	0.316287737406537	0.100339214216098	0.000460268556228918	0	0	0	0.546585819011995	0	0	0.881592156092777	0.48979412613838	X332
0	0.118149703621537	0.0889125210574591	0	0.156866375432321	0.110599443989604	0	0	0.00412003638574167	0.246680682044909	0.274671237468428	0	0	0.626837429346711	0.779621500014142	X548
0	0.145199356753718	0.0525084571384205	0	0.36017761379858	0.0399255318007702	0.0283031783529049	0	0	0.0214906644075837	0.325076374218913	0.02731882352911	0	0.517209628296676	0.87463871533223	X310
0	0.107872335736218	0.0260706658246505	0	0.286270484106632	0.105156995669563	0.043125902687124	0	0	0	0.431503615975813	0	0	0.712085945051705	0.701212950957993	X344
0	0.0573821226660725	0	0	0.454826804757513	0	0.0302089104401368	0	0	0	0.457582162136278	0	0	0.770880333345889	0.637307707919079	X298
0.00875728925273919	0	0.0296440637876597	0	0.25041907553083	0.1780233775109	0	0	0.00445623352141168	0	0.52869996039646	0	0	0.820950400317425	0.57904945341348	X326
0	0.0463694645400073	0.177421486815913	0	0.225123143094888	0.129748882858078	0	0	0	0.210302368611881	0.211034654079232	0	0	0.552243459320899	0.833245363448465	X384
0	0.0090691363611321	0.131385049263769	0	0.350774545859904	0.132627096706145	0.0928679847398617	0	0	0.00305609775805347	0.248111116719654	0.0321089725914817	0	0.528077322673673	0.847229807207601	X297
0	0.0982606892610224	0	0	0.247606631857338	0.13815781838728	0	0	0	0.012572438985287	0.465554714633496	0.0378477068755759	0	0.711500039402358	0.701499195108141	X304
0.0082263145511787	0	0.0367418839294485	0	0.179114080996974	0.205113729044381	0	0	0	0.15715132443572	0.413652667042298	0	0	0.847843854556448	0.551042884606894	X301
0	0.0944900156696284	0.0754400699643815	0	0.0982763704872364	0.0457616927138934	0	0	0	0.227993531652226	0.400761302837602	0.0572770166750317	0	0.721013798281144	0.691484205726348	X391
0	0.0617231666994061	0.108747817186665	0	0.320722366462816	0.0507522657465114	0	0.00727669281523965	0	0.00500411876512351	0.388124657043558	0.0576489152806805	0	0.658432216249356	0.750118433340573	X596
0	0.112681118454735	0	0	0	0.222841476429972	0	0	0.0625447790889431	0.0939547008837829	0.42314877609841	0.0848291490441566	0	0.714385137781084	0.699650131709979	X491
0	0.127869556912146	0.0278802691402497	0	0.0591027320502844	0.115387478396738	0.0173696743171671	0	0	0.154891231108541	0.468789202584643	0.0287098554902296	0	0.706885001222913	0.708638504146624	X86
0	0.052029946255278	0.0193486971647284	0	0.230988875180191	0.067446949831419	0.0297463827700525	0	0	0	0.600439148798331	0	0	0.747322724954016	0.665094227825007	X179
0	0.121773871584121	0.0383471867000421	0	0.0385293673137042	0.0794516750430607	0	0	0	0	0.58880855706143	0.133089342297642	0	0.735054644588812	0.67793776086827	X205
0	0.0389557730177497	0.0609331535210354	0	0.213429436632911	0.169904876951388	0	0	0	0.176317041526946	0.34045971834997	0	0	0.741210328566587	0.673172255680846	X186
0	0.0585004456198833	0	0	0.26785070347459	0.174981842956806	0	0	0	0.120239254467725	0.378427753480997	0	0	0.713480792543925	0.69924672404657	X861
0	0.164859343105718	0.0984428040595806	0	0.223438579540217	0	0.0222208945896832	0	0	0.211110013995001	0.234065784775519	0.0458625799342814	0	0.559245264678333	0.839934665288868	X769
0	0.0729617556261928	0.132326753279552	0	0.341692691927276	0.020305185789038	0.0956769614615017	0	0	0.0118617891180657	0.285557889493951	0.0396169733044217	0	0.565084597480826	0.825783124911745	X768
0	0.114401413272897	0	0	0.0831001902294354	0.120094245953967	0	0	0	0	0.576703942502157	0.105700208041543	0	0.772869960763097	0.634860966598193	X793
0	0.0464834699229859	0.079858400044376	0	0.35552035580337	0.103666677786397	0.0863711839733762	0	0	0.0637092250988186	0.237982106262646	0.0264085811080301	0	0.563362212790067	0.824223975315959	X130
0	0.130083463551785	0.128421098099476	0	0	0.0656900208998994	0	0	0	0.254344461119495	0.363456517691404	0.0580044386379413	0	0.68064297758802	0.732344955825248	X170
0	0.109048140091821	0.0456538036255481	0	0.163672952460385	0.0601448393435284	0.0161187663873488	0	0	0.0705034562264182	0.426353384024486	0.108504657840465	0	0.683766554100003	0.728067961943099	X808
0	0.0693301031347349	0	0	0.1809458019382	0.125825449328322	0.0788046636651674	0	0	0.0962044185705359	0.369006893264632	0.0798826700984068	0	0.636907905869812	0.768699747095714	X45
0	0.0946129096376882	0.0309118682500784	0	0.0492581526065458	0.207560331825076	0.00960659191041633	0	0	0.0103958497618043	0.562742289723558	0.0349120062848324	0	0.779607875728555	0.627336330129916	X96
0	0.0782849818318172	0.0972239322086932	0	0.139435514550995	0.121597173172466	0.130875274984101	0	0	0	0.314734853507291	0.117848269744636	0	0.569639979228394	0.819673971976214	X829
0	0.0322843690921409	0.112693425848431	0	0.292749180538586	0.043318584934655	0.0216519887383499	0.0149070778717654	0	0	0.41371345247214	0.0686819205039312	0	0.707419833193946	0.706258412886213	X181
0	0.0255603230733042	0.0388691446376156	0	0.330427159877468	0.115631050668249	0.00422566860515046	0	0	0	0.485286653138213	0	0	0.810007510477428	0.594083289732611	X857
0	0.0961290780635519	0.00495929461911356	0	0.194546418605954	0.117035338981262	0	0	0	0.0255534414393008	0.462683147319327	0.0990932809714902	0	0.701167111644086	0.711350642855049	X826
0	0.0407393819949599	0.0718111092910643	0	0.235330047842914	0.0291931899672094	0	0	0	0.0539757742888528	0.568950496615	0	0	0.787235562413458	0.616090275935723	X777
0	0.156963541527629	0.0501892843757268	0	0.193589718454023	0.0214576067447286	0.0239691816908103	0	0	0.0354003797781294	0.365398418599492	0.153031868829461	0	0.587968855273356	0.812639808346697	X812
0	0.0406258446455976	0.0471071864313074	0	0.402948650422116	0.00968124734251332	0.0580166518737883	0	0	0	0.42789181916386	0.0137286001208177	0	0.714479068447308	0.697962055161095	X211
0	0	0	0	0.0727313531941978	0.238805926156174	0.00994366881702904	0	0	0.129360851813953	0.549158200018646	0	0	0.859194105097761	0.519213657268581	X720
0	0.0645246424522549	0.172717882530423	0	0.31519327344691	0.0162044332613993	0.0975646729805984	0	0	0.0841256797871877	0.2058272986755	0.0438421168657271	0.01	0.508118338765092	0.865238194210213	X766
0	0.0467007619675915	0.0846338469415516	0	0.28887838671069	0	0.0393262486577678	0	0	0.233760313879645	0.306700441842754	0	0	0.767005019220571	0.643859486282223	X721
0	0.0664887439648279	0	0	0.140027969981645	0.156629619733609	0.111265979776892	0	0	0.0956049828438402	0.373646715713331	0.0563359879858553	0	0.736199650708668	0.679086823895919	X809
0	0.0463344813492127	0.0621300013192958	0	0.243891383941605	0.0285672357560205	0.0286004781916963	0	0	0.0484851796510184	0.541991239791151	0	0	0.766823681403055	0.641078740265138	X798
0	0.0898924850720801	0.0829028277427203	0	0.166096041729351	0.105248827200648	0	0	0.0268835081853335	0.184303108895599	0.344673201174268	0	0	0.689195828294383	0.722469829369296	X815
0	0.0253186631836561	0.105024299430839	0	0	0.168376741285238	0	0	0.0206614535142611	0.543689343961646	0.13692949862436	0	0	0.770032092374509	0.646514422613902	X800
0	0.143733441554654	0.00573336202596167	0	0.149791266164567	0.13170260504306	0	0	0	0.00219664236539174	0.525845853043034	0.0409968298033308	0	0.700297881919029	0.715918723867685	X849
0	0.113923835218611	0	0	0	0.186737138507787	0	0	0	0.241438164098958	0.336620160572563	0.121280701602081	0	0.72503047275293	0.688564594642264	X737
0	0.113836280717772	0.0569405124324849	0	0.0475721208109316	0.0908807078010109	0.00984387412531421	0	0	0	0.660703073531473	0.0202234305810134	0	0.790360119655234	0.614923996501064	X784
0	0.0372074248247652	0.0656018800322874	0	0.108283586391139	0.148631209923781	0.0153466655808345	0	0	0.129454466704938	0.495474766542256	0	0	0.731386301488751	0.680318361725722	X805
0	0.0954395918245114	0.101220229405443	0	0.0856930875362552	0.0622884712254856	0	0	0	0.162176771396083	0.464769861781931	0.0284119868302912	0	0.734538275499412	0.677764959859477	X730
0	0.0767261352628977	0.0856282648548548	0	0.303214362799751	0	0	0	0	0	0.534431237082497	0	0	0.740683970838005	0.671669267430327	X748
0	0.0613240468949355	0.0503856876702912	0	0.291090041814089	0.0415235741905504	0.0421318327585141	0.00126312015494913	0	0	0.475857065853042	0.0364246306636286	0	0.768150850526044	0.641626731682563	X722
0	0.0895602126565416	0.0697590666947765	0	0	0.160528834553195	0	0	0.00572441181686265	0.179400841461731	0.494271922764076	0.000754710052817605	0	0.762120162105045	0.646837697258898	X771
0	0.0891360901802507	0.064082822317305	0	0.211367577608251	0.0628822435503362	0.010968773536616	0	0	0.0494830161989571	0.512079476608284	0	0	0.73503084713739	0.677809905162149	X719
0	0.0800714402242715	0.159792078080221	0	0	0.122634721412511	0.00515997075137062	0	0	0.151885263874981	0.480456525656645	0	0	0.72250713423986	0.690294853243788	X831
0	0.150650652232977	0	0	0.268701324153385	0.108777441698308	0.0309107516759916	0	0	0	0.440959830239339	0	0	0.633332725044068	0.780742133910767	X716
0	0.100859812579457	0.0672360611272794	0	0.204186881099818	0.0658166447689812	0	0	0	0.351783439819931	0.210117160604534	0	0	0.665832176781146	0.744114250562484	X814
0	0.132534689888993	0	0	0.0831802647324497	0.0976512375914596	0	0	0	0.0633724631000796	0.477387452498619	0.145873892188399	0	0.723945655851672	0.688868436125347	X799
0	0.095707170336731	0	0	0.199326023005669	0.124447167080563	0.0269789527163561	0	0	0	0.542037608229198	0.0115030786314824	0	0.710864854447159	0.704068422879598	X794
0	0.0751456920086921	0.0669455534238726	0	0.329520499410817	0.0532287657343563	0.00324447511225953	0	0	0.19005031625713	0.24491848104912	0.036946217003752	0	0.637601355469503	0.767737468794113	X437
0	0.0452210908695137	0.0530869518770206	0	0.404596918652858	0.0713080050473159	0.0853954688337843	0	0	0	0.340391564719507	0	0	0.594146793461817	0.803722017005341	X512
0	0.00801950227830894	0.079055147100894	0	0.277860847274345	0.0907690344809207	0.0947099034380749	0	0	0	0.351921239043695	0.0976643263837614	0	0.681217059032715	0.733036574335818	X523
0	0.0168771195541543	0.00598340765483846	0	0.198300451063694	0.246900419211729	0	0	0	0	0.531938602515584	0	0	0.814243637675886	0.588275623459485	X503
0	0.134791993686787	0.124681115572368	0	0.426161963831223	0	0.0608770290462807	0	0	0.0234755974768766	0.180671262404557	0.0493410379819071	0.01	0.433247704206044	0.930773349430575	X515
0	0.02318475710347	0	0	0.580835297390019	0.0153390745174566	0.0128730431249854	0	0	0	0.367767827864069	0	0	0.777297802414712	0.634613807560322	X509
0	0.0735340070994534	0.0691484694500459	0	0.39485456102931	0	0.0931565406342122	0.00293823057666853	0	0	0.321479957216007	0.0448882339943033	0	0.604298884621523	0.795850939162839	X514
0.00206500269436955	0	0	0	0.326677339673226	0.188436723479815	0.0202852056255412	0	0	0	0.462535728527048	0	0	0.8042167606163	0.60489047499013	X502
0	0.0493620241058109	0.157656355074725	0	0.244881229498931	0.119726099559502	0.109304581063231	0	0	0.102109333690118	0.204455775797582	0.0125046012100998	0	0.539741114198549	0.840818711510898	X410
0	0.0493612307819406	0	0	0.177058325414608	0.156710557755964	0	0	0	0.174541008541118	0.442328877506369	0	0	0.80447464807663	0.597120993295088	X456
0	0.032025905508804	0.0770701818131579	0	0.437514820599624	0.0100409903252593	0.0933498801809257	0.00293137451189921	0	0	0.284588946046662	0.0624779010136675	0	0.587763322791206	0.806341881879029	X475
0	0	0.240074328178044	0	0.311958589945819	0.0244267486456536	0.0584228573058258	0	0	0	0.365117475924657	0	0	0.587839576754844	0.807329692243347	X270
0	0.0564603242340573	0.0163623668552017	0	0.303756331465658	0.0452169728878621	0.0226050576345507	0	0	0.342789096604148	0.178041370066246	0.0347684802522766	0	0.703352640196864	0.710013379617862	X474
0.00873763746869263	0	0	0	0.360609546196128	0.228989259571734	0.00433574122992986	0	0	0.0201813247809662	0.377146490752549	0	0	0.798873337270284	0.619305286536062	X450
0	0.0693082645274096	0.0532516223667947	0	0.31859201159398	0.0940826677572928	0.065059122353144	0	0	0.0446681673143484	0.35503814408703	0	0	0.645292973712737	0.762075871862581	X453
0	0	0.00331825895317757	0	0.38859158186505	0.172602219747527	0	0	0	0	0.435487939434246	0	0	0.793123263767305	0.618845508782123	X449
0	0.054629531742332	0.0706742965955785	0	0.312769386613158	0	0.0443637875870586	0	0	0	0.517562997461873	0	0	0.783655872785281	0.621669586746279	X452
0	0.0102335695674308	0.067030103029164	0	0.374149610710516	0.0326480074927051	0.109159863733548	0.011452964575947	0	0	0.337683084859931	0.0576427960307583	0	0.698857050967668	0.716499235838245	X455
0.0116568159580667	0	0	0	0.362368346937916	0.205913236278703	0	0	0	0.120271330874989	0.299790269950326	0	0	0.790343380723479	0.630216188474428	X441
0	0	0.121916650789796	0	0.23431202903481	0.171697671726734	0.0332127378873543	0	0	0.175854473126983	0.242879311720579	0.0201271257137445	0	0.688758715851576	0.728113193995553	X443
0	0.0752782428052106	0.0254426944952796	0	0	0.211709679652048	0	0	0	0.207313888065047	0.445608847592618	0.0346466473897968	0	0.760018565643708	0.649391879036734	X529
0	0.0250282264922848	0.0655406301400294	0	0.420693237616821	0.0393854011367409	0.0711599282959654	0.00268682098466947	0	0	0.341649032367465	0.0338567229660234	0	0.665655056631197	0.743949868690729	X613
0	0.112233903379837	0.0913102082814593	0	0.334542457663781	0.0741003423972798	0.0833207077829179	0	0	0.171608512563852	0.132883867930872	0	0.01	0.471716009198995	0.895777252319962	X621
0	0.0770608593026172	0.0803224476598512	0	0.343355822164757	0.0843425668131218	0.097867675007787	0	0	0	0.275355299227549	0.0416953298243168	0.01	0.500977220071024	0.871994489414788	X371
0	0.15013700514352	0.0687010432049024	0	0.18263839656393	0.0541793756965239	0	0	0	0.00294634371759689	0.541397835673527	0	0	0.698504618208933	0.721754428391406	X288
0	0.121473980431289	0.0537410840823125	0	0.322221949720998	0	0.0528555521841497	0	0	0.123885795350564	0.158705039548095	0.167116598682591	0.01	0.501997410793446	0.868364049751661	X360
0.00833194102184642	0.020344093739841	0.0326238276089271	0	0.177353697601662	0.144287998413393	0	0	0	0.609907257420572	0	0.00715118419375852	0	0.801916339353588	0.621370541287296	X349
0	0.109591071667213	0.0281890292733237	0	0.29786287992897	0.0682232809832236	0.0694841724547435	0	0	0	0.395808316800733	0.0308412488917925	0	0.668315793939435	0.742879543666268	X603
0	0.141124795191004	0	0	0.175423681927636	0.145997489760204	0.0462174360276082	0	0	0	0.425097615717366	0.0661389813761816	0	0.626010000545903	0.78176990646453	X348
0	0.00703108187492716	0.0110933251132868	0	0.582078360409283	0	0.0562051790938346	0	0	0	0.343592053508669	0	0	0.73065668018232	0.683568773308325	X370
0	0.157515732602635	0.0687910017750541	0	0.208717233708016	0.134253335796981	0	0	0	0.057509824700648	0.373212871416666	0	0	0.612988769751716	0.796970329834078	X287
0	0	0.0504571700097669	0	0.350962774503401	0.17741400658403	0.0124130609376656	0	0	0.293652960351803	0.115100027613333	0	0	0.666347754710233	0.747495040431635	X358
0	0.121573183967233	0.0164741411500861	0	0.366700701726919	0	0.0934264437929165	0	0	0	0.262690848633847	0.139134680728998	0	0.520499116347136	0.858871071701578	X291
0	0.112446660115145	0.17464568083613	0	0.0634520643809013	0.121149387254169	0	0	0	0.0120871802552682	0.516219027158387	0	0	0.652249271250047	0.762091730183572	X357
0	0.0651627515415618	0	0	0.27025853341149	0.143709000908448	0	0	0	0.246935335584918	0.219639344562551	0.0542950339910306	0	0.586827821319475	0.807781526245823	X488
0	0.047771274956573	0.123136675797707	0	0.2072376726787	0.154962272848733	0.0644088724147047	0	0	0.1762944701593	0.185261798566979	0.0409269625773022	0	0.531391896706971	0.845574129118047	X290
0	0.0738415949288636	0.0522726831548844	0	0.323205903888692	0.0706703511131832	0.12287348344904	0	0	0.0623237062649375	0.240204925913906	0.0546073512864935	0	0.564892123593951	0.823945347470676	X356
0	0.0490622090569172	0	0	0.35209336817246	0.164285560357011	0.0936659072490242	0	0	0.0122001129757524	0.30418771493102	0.0245051272578152	0	0.688537079008424	0.725752405039561	X286
0	0.108411170015813	0.0783476939648955	0	0	0.232463697518552	0.0618678476357651	0	0	0.175571357114749	0.343338233750225	0	0	0.643292094025822	0.764386597859311	X487
0	0.0532329357440855	0.157861844241781	0	0.198431785703028	0.165366844170585	0.0524552398611989	0	0	0.137651445419104	0.22747543454093	0.00752447031928775	0	0.571642046317255	0.818176139737547	X293
0	0.158802801360518	0.136939205849423	0	0.127970204498737	0.0716544204990757	0.00100117789434578	0	0	0.153656609833941	0.291308580222086	0.0586669998418738	0	0.53409537814959	0.859296621138215	X285
0	0.0852897197871252	0.157988188053922	0	0.046201994848393	0.121898074999212	0	0	0	0.0914533052129403	0.497168717098408	0	0	0.698789290612015	0.714977214570434	X618
0	0.0710296776456131	0.148542369586027	0	0.0297219444276992	0.0375956500719818	0	0	0	0	0.713110358268679	0	0	0.772572591081274	0.639369602737411	X834
0	0.154002168436856	0.0155448116495211	0	0.0435607011571325	0.0958360148989262	0	0	0	0.118631611345666	0.496680109223544	0.0757445832883536	0	0.705974198616547	0.710551642842779	X732
0	0.103172655028306	0.0347667598967971	0	0	0.210121113163108	0	0	0.00040769530119909	0.1233926145657	0.442498524692325	0.0856406373525649	0	0.747359215997388	0.664998247462304	X723
0	0.18020398416137	0.117096157150512	0	0	0.0381965089968493	0	0	0	0.00150760444255688	0.662995745248711	0	0	0.6962590989952	0.737307071186523	X854
0	0.122138040900361	0.0419447414019911	0	0.152836664743585	0.0824678917477643	0.0330698709995767	0	0	0	0.567542790206722	0	0	0.659119096961217	0.761604398307138	X821
0	0.0772117855265299	0.111239562159042	0	0.254653274707996	0.0791143916493189	0.0067400143327324	0	0	0.225574497908543	0.245466473715837	0	0	0.645982996108659	0.760894310567777	X853
0	0.135612437604818	0.0766640742873165	0	0.0776900178780695	0.0816432458651887	0.028442589438259	0	0	0	0.586924362551728	0.0130232723746208	0	0.717414501921639	0.700886354798851	X914
0	0.06798303264206	0.0727100529552185	0	0.0628574345388534	0.0830362409673434	0	0	0	0.121400727436407	0.592012511460118	0	0	0.805894033181697	0.592410317534904	X42
0	0.0700664833428377	0.065243238800616	0	0	0.158586774008358	0	0	0	0.00731885348327658	0.679782715608093	0.0190019347568186	0	0.783288778451827	0.622519609924886	X213
0	0.0945541938944621	0.0985419765869364	0	0.123878100114464	0.011472734831916	0	0	0	0.0264428158327929	0.645110178739428	0	0	0.814800258096654	0.581577651102615	X869
0	0	0.146025913656142	0	0	0.12045251728792	0.0310823138778301	0	0	0.242248997902512	0.460190257275596	0	0	0.867063327911596	0.512654798058672	X745
0	0.129367478789176	0.0496240937734875	0	0.0289206662822868	0.0931316211623491	0	0	0	0.134951586218138	0.468469516126556	0.0955350376480056	0	0.707625751774342	0.706220729504531	X76
0	0.0874284258967612	0	0	0	0.156366496616493	0	0	0	0.147598023242281	0.470427760380042	0.138179293864423	0	0.779876016509948	0.627889794782017	X731
0	0.0127904327148168	0.0365510126118758	0	0.127953877480111	0.0979978412071937	0	0.0179140609238262	0	0.380453377526544	0.326339397535632	0	0	0.857153239213842	0.528461691842124	X741
0	0.116737029726633	0.1156075234533	0	0	0.149204545785935	0	0	0	0.162056152632951	0.386283227890435	0.0701115205107469	0	0.652378830102572	0.756909260412056	X717
0	0.0843597301229395	0.0211864230079027	0	0.024450071293287	0.188393513003896	0	0	0	0.147582929223824	0.522894324613659	0.0111330087344914	0	0.801148103155014	0.59944714606428	X757
0	0.0578257367298109	0	0	0.160023333954716	0.113968783460136	0.0112421749187818	0	0	0.133798389702871	0.374022908398819	0.149118672834867	0	0.720219418427349	0.694233215301447	X802
0	0.109539100253586	0.0685268499519276	0	0.315221237756052	0.0429162374731782	0.0554487437784973	0	0	0	0.369780946029631	0.0385668847571276	0	0.619587250744096	0.785891123903752	X733
0	0.100657041121937	0.0961845833342046	0	0.0152974353442733	0.103486945898771	0.00389866450953252	0	0	0.108872149431958	0.571603180359324	0	0	0.811126043403079	0.586098332661012	X728
0	0.0517780744870591	0.0711086968206591	0	0.031726157579658	0.0868595062607532	0	0	0	0	0.758527564851871	0	0	0.853508968006786	0.523478479441776	X742
0	0.112123433774713	0.143590819794189	0	0	0.113043962686019	0	0	0	0.172461039037535	0.458780744707544	0	0	0.697438337334334	0.717531706996176	X755
0.0401266104129692	0	0.0225167169291192	0	0.136321321589642	0.25263786951934	0	0	0	0.548397481548929	0	0	0	0.785465624274489	0.64446474257366	X464
0	0.0924196590220646	0.0207845741350373	0	0.391251159768709	0.0844872000487922	0.116723174355471	0	0	0.00725984575148283	0.265259047352497	0.0218153395659456	0	0.601571803192188	0.797508048527803	X314
0	0.0358015800052977	0	0	0.0986829188532678	0.315100345979129	0	0	0	4.22809126636412e-05	0.550372874249642	0	0	0.785243626186125	0.622013517710726	X350
0	0.019176198381785	0.0317054145871253	0	0.238404684917841	0.177178171241854	0.0917581758357029	0	0	0	0.352544715685457	0.0892326393502351	0	0.675493769341111	0.738223608451975	X380
0	0.0743667442372499	0.0722081143518115	0	0.188407528041854	0.127511142952943	0.122005741387407	0	0	0	0.308585614841994	0.106915114186741	0	0.545518832943224	0.837155963209867	X313
0	0.0660661713587756	0.0962264899438629	0	0.174244426510448	0.141935623971831	0	0	0	0.0771027710968867	0.444424517118196	0	0	0.704870988947389	0.70756730924933	X604
0	0.0818124572987857	0.0575487003862523	0	0	0.224179268013055	0	0	0	0.254268314905927	0.38219125939598	0	0	0.757057955058203	0.653584092506957	X471
0	0	0.0720005282358941	0	0.444949868147565	0.0336972265047312	0.0710901324201113	0.00934144629656994	0	0	0.336016380789095	0.0329044176060332	0	0.633394862029005	0.770761881240513	X469
0	0.152864769678423	0	0	0.257821079398722	0.0369849853752882	0.0457175131392082	0	0	0	0.34044219391241	0.16616945849595	0	0.527450403820497	0.858020117874854	X466
0	0.122505651559947	0.0857386033085118	0	0	0.149944980975289	0.0399207050391132	0	0	0.0867020158620912	0.514566866461295	0.000621176793753169	0	0.731466383484331	0.682326100453233	X585
0	0.105539256676123	0.0604859109601007	0	0.197536233471543	0.132133699173259	0.0851833682094444	0	0	0	0.371190653830947	0.0479308776785822	0	0.552271110749253	0.838622739193973	X463
0.00361377645895229	0.00440080309225168	0	0	0.369532482722526	0.116019115265404	0.00106494350234558	0	0	0.0489214567340585	0.456447422224461	0	0	0.803592123169433	0.601010046372441	X373
0	0.0574185010183025	0.10820289630771	0	0.158663999123092	0.188971013565639	0	0	0	0.248351224752683	0.238392365232574	0	0	0.658459686489749	0.750108317356847	X473
0	0.0495529176174124	0.0580042341459114	0	0.283132314514974	0.0993172346939117	0	0	0	0.317362462768895	0.192630836258895	0	0	0.669473486452041	0.74032141204081	X472
0	0.0933350201768899	0.0814054031688984	0	0	0.194761054575236	0	0	0	0.155773491807924	0.389012486614611	0.0857125436564409	0	0.748671346481967	0.665429675249175	X467
0.0256835375043552	0.0201615933697686	0.0680800235450673	0	0.111261543374045	0.207935139757045	0	0	0	0.0843126143462918	0.482565548103427	0	0	0.752636348937728	0.657843950476688	X587
0	0.0721457484123858	0.0993769994585678	0	0.219747083895871	0.105529286428645	0.0478003115143205	0	0	0.0451776613757172	0.322158092608839	0.0880648163056531	0	0.54644917230295	0.83820960303152	X465
0	0.033610973210733	0.049235396284978	0	0.302402379964237	0.147090791983185	0.00251942028158683	0	0	0.100173052847608	0.364967985427673	0	0	0.70943466922215	0.703728690453685	X470
0	0.0565763364261527	0.0651099215720555	0	0.380519945987174	0	0.111983430533129	0	0	0	0.318635875064909	0.0671744904165795	0	0.641286581283111	0.764580953361184	X485
0	0.108248025708848	0.0354609236560756	0	0	0.25024096027307	0	0	0	0.148429980974554	0.378527735752796	0.079092373634657	0	0.696572323182974	0.716002269986871	X610
0	0.0388401044950301	0.158214606304029	0	0.181537339892425	0.100685798972558	0	0	0	0.32140146032543	0.18533606934244	0.0139846206680881	0	0.664940813608436	0.744847216136031	X468
0	0.121679220164461	0.044419321073747	0	0.236123220727268	0.0866940900573891	0.0529712975954804	0	0	0.106665626133615	0.215218756665419	0.13622846758262	0	0.561350175139902	0.826473328873278	X872
0	0.0481346486148261	0	0	0.577883134791025	0	0.0553469859150626	0.0368133200440515	0	0.132227605162021	0.149594305473014	0	0	0.578672645344822	0.813440568338205	X783
0	0.134503161203961	0.0802827636149023	0	0.0544198206397667	0.052094304013476	0.0108114413063568	0	0	0.157588110168942	0.374062686990049	0.136237712062547	0	0.649393883567619	0.759716057596042	X763
0	0.069264656459183	0.0396160415271568	0	0.291979179142413	0.11707489586712	0.0362034186601993	0	0	0	0.377466899189093	0.0683949091548355	0	0.679590414789612	0.731835187065761	X830
0	0.00865510314126832	0.0547489536233083	0	0.112426266303241	0.17288041318237	0	0	0	0.53535479987444	0.107163291408059	0.00877117246731333	0	0.795488243033908	0.622862839275678	X779
0	0.122266549175732	0.0316275811663257	0	0.239012825821395	0.116215629226675	0.0977829257987263	0	0	0	0.280085181035613	0.113009307775532	0	0.524765938364542	0.854787794847711	X828
0	0.0550774530779436	0.110172938073962	0	0.411937688232335	0	0.0467059125548496	0	0	0.203164226601904	0.172941781459005	0	0	0.580972106528558	0.812696838780472	X811
0	0.0426797514375279	0.0530739260862248	0	0.519362290999084	0	0.0729322779818157	0.011002538141301	0	0.0284459100258353	0.253008122857867	0.0194951824703446	0	0.606125755057174	0.792812848563236	X822
0	0.107055056134963	0.0813601469032764	0	0.222755222349123	0.0279114942103886	0	0	0	0.13482648670536	0.426091593696889	0	0	0.70416363615016	0.710335220126583	X795
0	0.0411926591484841	0.111395933740505	0	0.193213918950886	0.100092876365721	0.140799437744145	0	0	0.0372674392613329	0.272547405648772	0.103490329140153	0	0.565381500496711	0.821738653896703	X767
0	0.11868248713619	0.00067916177136797	0	0.157957984841497	0.111587809448167	0.0154813618393031	0	0	0	0.584677488257983	0.0109337067054913	0	0.715434047486064	0.7024689101221	X754
0	0.0346414905983057	0.0399165186989815	0	0.440620850081967	0	0.0488825071172645	0	0	0.199878532898316	0.236060100605165	0	0	0.67999877421079	0.730858520516456	X803
0	0	0.179456477504728	0	0.162717967429167	0.0535115950704382	0	0	0	0.315668999719667	0.288644960276	0	0	0.761862748481111	0.651310822531976	X193
0	0.0149548887826619	0.0722484505684236	0	0.429111964020423	0	0.0234999462032895	0	0	0	0.460184750425202	0	0	0.776012577882744	0.632441358748478	X917
0	0.137029755176447	0.0127008398338588	0	0.133990615556432	0.130783164391861	0	0	0	0.0770943229999604	0.50840130204144	0	0	0.718842584157526	0.697417119713856	X921
0	0.101989436415164	0.0455147295109391	0	0.149502978297042	0.17075991983925	0.105962590926408	0	0	0	0.31382275440268	0.112447590608518	0	0.558876649218189	0.828286176971091	X739
0	0.0387763111208589	0.0661305323592186	0	0.0361728688234865	0.138850248471758	0	0	0.0905281215389849	0.224713243008254	0.404828674677439	0	0	0.774932424084348	0.635888910062052	X752
0	0.00193824323702152	0.094005600588971	0	0.328338130527142	0.0881040245490331	0.101155993497289	0	0	0	0.319049552146063	0.067408455454481	0	0.584553920607356	0.808111739113458	X906
0	0.108724964509397	0	0	0.293203677763247	0.0466490448852915	0.0174629165779884	0	0	0	0.449669644192419	0.0842897520716572	0	0.66346044912395	0.747982532042234	X791
0	0.115580960845984	0	0	0.407661570559376	0.00848800500021985	0.0621629501926569	0	0	0	0.319909566209153	0.0861969471926094	0	0.537311433590381	0.850926605234217	X788
0	0.174085959672558	0.0331077725489508	0	0.0891786562568063	0.0591816117567995	0	0	0	0.296131332027564	0.168479512201406	0.179835155535915	0	0.558606413430854	0.831596494912902	X761
0	0.00216117129621444	0.132447281604587	0	0	0.293350328063285	0.0287508371570467	0	0	0.0271892231880945	0.516101158690773	0	0	0.792083201462883	0.619313589180099	X862
0.0226710567175457	0.00950735895136692	0.0146970302378498	0.0203344568904118	0	0.265967014761331	0	0	0	0.488138999824825	0.177442905087312	0.00124117752935764	0	0.821101359923729	0.59024508386013	X781
0	0.0662233239141365	0.0379226150589876	0	0	0.218117468860635	0	0	0	0.405713568325078	0.272023023841163	0	0	0.795167207253773	0.612650123354632	X724
0.0150903411719392	0	0	0	0.302064941768719	0.142743503984402	0.0706758417448578	0	0	0.028257629955466	0.441167741374616	0	0	0.773691246304594	0.637298329705776	X753
0	0.0297277403191513	0.0917714073163456	0	0.210717457472608	0.159340314142872	0.0543621355711762	0	0	0	0.350735828604762	0.103345116573084	0	0.629344114077111	0.774574349744349	X774
0	0.020812793905285	0.174488447650229	0	0.205660617411289	0.0984048594388863	0.0266675744141304	0	0	0.150405719022935	0.323559988157245	0	0	0.657993993826918	0.750225670406595	X736
0	0.110080727930739	0.0760423354288058	0	0.13350052278514	0.0987203303841804	0.00563828953558664	0	0	0.109878168646239	0.466139625289309	0	0	0.719116127106829	0.694793682057773	X848
0	0.0978237692884911	0	0	0.113535016689523	0.075932725999216	0.0900642332603281	0	0	0.459991648444265	0.110860277636607	0.05179232868157	0	0.717463571150376	0.697164347843506	X735
0	0.0209096460616725	0.0939597651861684	0	0.0877808088380157	0.0547496440357915	0.0461027280147414	0	0	0.528398797762993	0.168098610100617	0	0	0.786126875701942	0.622800180095772	X825
0.0106115834449329	0.0307299586520877	0.086475189434516	0	0.000362278613494478	0.191723932971133	0	0	0.0506761869179777	0.316510360204341	0.312910509761517	0	0	0.79468108695957	0.618235313078545	X743
0	0.118945485623446	0.0498841266506539	0	0	0.0678348725850015	0	0	0	0.234365603113896	0.304285630670195	0.224684281356807	0	0.675160361887048	0.735414771424532	X835
0	0.105399799445272	0.0647192113410063	0	0	0.129560996704708	0	0	0	0.0687973853671215	0.631522607141893	0	0	0.793524011456173	0.610290808456936	X751
0	0.154288309079335	0.060877517107268	0	0	0.135365436788329	0	0	0	0	0.507101050079193	0.142367686945875	0	0.648581456207483	0.762997671305126	X813
0	0.108161419999811	0.0916729805514344	0	0.0541654400680335	0.111175292019044	0.013125500901462	0	0	0.0457709330848259	0.482556651458754	0.0933717819166355	0	0.662426773964963	0.748821120011999	X764
0	0.0339314707238216	0.106835843125607	0	0.316976533763882	0.048185299464489	0	0	0.0134039510718434	0	0.480666901850357	0	0	0.70143873947611	0.710639464192074	X871
0	0.0316305560840599	0.0484082147489314	0	0.336525287587155	0	0.0235885057298808	0	0	0	0.559847435849973	0	0	0.772166342077625	0.634569524241932	X836
0	0.0565214617333147	0.0328862240444052	0	0	0.273708864582741	0	0	0.0050809542930263	0.324982888661644	0.306819606684868	0	0	0.743481615436877	0.669765847394039	X33
0	0.104724446713323	0.0594040835771346	0	0.273530527816944	0.00542077025663273	0	0	0	0.0409739000445963	0.51594627159137	0	0	0.710927332077239	0.705827525798259	X863
0	0.0403376673269389	0.0506763764860929	0	0.419648973048996	0.0567646933715119	0.0910331886072281	0	0	0	0.271826027559444	0.0697130735997885	0.01	0.471922593766381	0.888372872635244	X498
0	0.0779115682248801	0.0867866130741462	0	0.133529012841068	0.196290548034251	0.0579832710240891	0	0	0.190243438614957	0.257255548186608	0	0	0.6199072817847	0.782119209673288	X432
0	0.0322279244242331	0.00260126562296381	0	0.323979785510841	0.236440072298993	0.0303341868489588	0	0	0.098467909089618	0.275948856204392	0	0	0.726239379901014	0.693724151745916	X345
0	0.0792209886742903	0.00483634657377063	0	0.33732154857415	0	0.0979799727820641	0.0627813591154381	0	0	0.28929053513004	0.128569249150247	0.01	0.464538584102718	0.894364551773022	X435
0	0.0248114816466415	0.0409491522787788	0	0.0430191760100603	0.217864796055632	0.0214502246210992	0	0	0	0.651905169387789	0	0	0.843204980331725	0.5412252157325	X427
0	0.102945377122381	0.100523761116295	0	0.123794658395064	0.124833398682988	0.0715126137635646	0	0	0.107575647605511	0.309545421364178	0.0592691219500177	0	0.612445396503107	0.788853825733455	X492
0	0.0937534757229844	0.0562451914642288	0	0.370657626366516	0	0.0833733300003869	0	0	0	0.269335390275239	0.126634986170645	0.01	0.502329833477868	0.870309923321252	X560
0	0.0852354384708457	0.0880688812191833	0	0.0324165371429314	0.101473385760014	0	0	0	0	0.6835370361368	0.00926872127022513	0	0.778220727749674	0.630297017783114	X426
0	0.0655988918042448	0	0	0.308306799837466	0.15191043597511	0.115704128033081	0	0	0	0.269068785728325	0.0894109586217726	0.01	0.499582320737434	0.868173466102253	X430
0	0.0560348607846853	0.106040503068185	0	0.375339371186881	0.0427096378165317	0.0709887786704337	0	0	0	0.330534090273888	0.0183527581993947	0	0.544496025327507	0.842519645891424	X402
0	0.0183959620515533	0.0580260974975428	0	0.552369190979355	0	0.0534217643383828	0	0	0.0221813171783566	0.295605667954809	0	0	0.700301151373147	0.713196115647829	X405
0	0.0973741929111836	0.0773490756046694	0	0.173373454432089	0.170936515817112	0	0	0	0.11136660629646	0.369600154938487	0	0	0.669862760841561	0.740819706597161	X408
0	0.0843708844576203	0.110715902976185	0	0.0558041981663004	0.21284824262212	0	0	0	0.0656021208178747	0.4706586509599	0	0	0.683894965221959	0.728290142658869	X407
0	0	0.0548167465828215	0	0.219040906718632	0.125510446916268	0.017582389988253	0	0	0.573648261811342	0.00940124798268391	0	0	0.817266346474885	0.610083521986946	X398
0.0256873660542856	0	0	0	0.289865713404214	0.140089054035812	0	0	0	0.544357866505689	0	0	0	0.798833738854187	0.627015265753874	X399
0	0.0591361593914034	0.0451703325518116	0	0.161910699437345	0.179167331813609	0	0	0	0.360321502707729	0.191011706703949	0.0032822673941524	0	0.665694235269377	0.74366490464549	X420
0	0.0531238333622818	0.10572442377987	0	0.341300928876214	0.0666168648198632	0.0795698192887321	0	0	0	0.332440310052267	0.0212238198207721	0	0.580184656263353	0.814047847644739	X401
0	0.050738797462013	0.0524200419809408	0	0.489272756647327	0.0207538838477403	0.11782020402895	0	0	0.00749021134334302	0.248539835587387	0.0129642691022987	0	0.595460322189197	0.801325926824193	X404
0	0.0385570836397167	0	0	0.506332734097693	0.0580483373522861	0.0970279228890395	0	0	0	0.237002850896315	0.0630310711249499	0	0.553055766027635	0.831245210650072	X414
0	0.0989767294657161	0	0	0.02985821409268	0.28538281567431	0	0	0.00153795785841661	0.106186166426138	0.478058116482739	0	0	0.751604243547665	0.659503014908307	X413
0	0.0750718750087399	0.106947039697776	0	0.198724666197317	0.0690831058237024	0.108821247710527	0	0	0	0.329414845881219	0.111937219680718	0	0.542463903340333	0.840669816409436	X417
0	0.0501086107255199	0	0	0.206326877226668	0.152536648414918	0.111349581067521	0	0	0	0.421596569877914	0.0580817126874586	0	0.705340165745182	0.708313878397323	X119
0	0.0792852579053657	0.0980506276404545	0	0	0.12041211556554	0	0	0	0.401169090354037	0.301082908534603	0	0	0.810741277471772	0.590733814659849	X897
0	0.0823175228811067	0.0317531945699406	0	0.185643341696478	0.137679933930018	0.00733576677523537	0	0	0	0.486130512200819	0.0691397279464025	0	0.705992125036809	0.706628063611425	X28
0	0.10913685671032	0.123755615435693	0	0.267015767888213	0.0458911034736041	0.0028882899390778	0	0	0.046687818083035	0.404624548470058	0	0	0.629595553324189	0.78036671049154	X168
0	0.0700321801624124	0.0267255019230977	0	0.000728050935352548	0.125340319442392	0	0.00744384492851607	0	0.152772982649407	0.559372129292764	0.0575849906660585	0	0.803924182490789	0.594652637470221	X173
0	0.0693891082700055	0.142927445217403	0	0.0882366223792385	0.0992861840493431	0	0	0	0.186125135972442	0.41086644998623	0.00316905412533825	0	0.737466387458172	0.674141691749543	X174
0	0.12069139214342	0.0845450315687539	0	0	0.10852752147504	0	0	0	0.197703980099592	0.449995092977253	0.0385369817359404	0	0.729602588963953	0.683442403230872	X750
0	0.116457467099781	0.00318473728000921	0	0.0835640659055218	0.160843477453947	0.0409393793511996	0	0	0.137524604939519	0.349372987540453	0.10811328042957	0	0.690285099925222	0.722092386495866	X775
0	0.0390414247148786	0	0	0.440168255560679	0.101934485549201	0	0	0	0.071644067053952	0.347211767121289	0	0	0.724259286024752	0.689375400781745	X772
0	0.109204342172659	0.11631667562408	0	0	0.0826744806095511	0	0	0	0.10154329735937	0.59026120423434	0	0	0.753296039222867	0.660282585985527	X195
0	0.129721478837688	0	0	0.134676983682503	0.107245883264578	0	0	0	0.113621302612223	0.408505262336318	0.10622908926669	0	0.734169643056477	0.678551108247897	X740
0	0.0615252749080775	0.147653860064743	0	0.27342001488956	0	0	0.0145492993844058	0	0	0.491927187011312	0.0109243637419024	0	0.709896275344971	0.702884025941479	X746
0	0.0303606469648378	0.0999008188116579	0	0	0.217977863986417	0	0	0	0.304385228792627	0.310653789192592	0.0367216522518687	0	0.759159340238702	0.655947316919039	X806
0	0.0936810814840932	0.0476081233149775	0	0	0.15277555564485	0	0	0.0540670889096804	0.266780991130189	0.319495488041972	0.0655916714742382	0	0.673454523265767	0.73666892246858	X744
0	0.0680493158831703	0.0780203367722073	0	0.253086373099334	0.0554493258969859	0.0919458497074897	0	0	0	0.383184376860044	0.070264421780769	0	0.650603313183852	0.756989093037221	X844
0	0.0357367909712588	0	0	0.630311985873714	0.0311586161247004	0.069469291087393	0	0	0.00375627059410835	0.179105524352318	0.0504615209965083	0	0.532266308342747	0.845864148267555	X128
0	0.116948980667897	0.163511821596011	0	1.47839669202847e-05	0.0485685269372208	0	0	0	0.178086178194082	0.492869708637869	0	0	0.710399421996952	0.706682057414874	X217
0	0	0.0283267078801079	0	0.186438262746296	0.184989528045336	0	0	0	0.189842602528461	0.410402898799799	0	0	0.833267304406386	0.566101567901861	X904
0	0.152018432225515	0	0	0.414286110617831	0	0.0620255796727081	0	0	0	0.251962460391864	0.119707417092082	0.01	0.476017849317618	0.896896331494297	X183
0	0.139364672174178	0.0310807583568625	0	0.0507886633199782	0.12713847677078	0	0	0	0.154128502141207	0.497498927236995	0	0	0.749582824742127	0.663372454857186	X770
0	0.06446987660467	0.178601968266625	0	0.108480671016683	0.05560715506586	0.000154203224683817	0.00616444259579393	0	0.22941653425116	0.313144452814332	0.043960696160192	0	0.729870423234486	0.683951484815703	X390
0	0.19315774480133	0.029617881354414	0	0.0294439082513577	0.0595680581870553	0	0	0	0.0284931153060902	0.502899420950355	0.156819871149398	0	0.652569154258321	0.763538259938594	X80
0	0.0487202762234582	0.0287812844644809	0	0.135899497039436	0.194951018672814	0	0	0	0.0181846064436671	0.573463317156144	0	0	0.778852735336837	0.62712775714735	X248
0	0.0458781105583342	0.0512075729028318	0	0.00345992487075297	0.260148160231231	0	0	0	0	0.63930623143685	0	0	0.740457004577137	0.671691044274978	X605
0	0.124267497992085	0.0263532583626015	0	0.243399174479844	0.132204999419067	0	0	0.0435634984410045	0.123682117173816	0.306529454131582	0	0	0.643787816913484	0.763538526380416	X607
0	0.0358016278724618	0.132909409015785	0	0.191816803269287	0.184526704381141	0	0	0	0.0555454035393257	0.399400051922	0	0	0.641109384884057	0.764882279395327	X272
0	0.112537481080114	0.0380723048692682	0	0.219552974999872	0.149281484486419	0	0	0.00600672721845664	0.143256860530561	0.33129216681531	0	0	0.625378336534278	0.780920642669735	X494
0	0.0244039458929416	0.108099204614568	0	0.339121764092621	0.0232697413017361	0.113279883763287	0.00836838172313511	0	0	0.30334216447774	0.0801149141339716	0	0.617673076729931	0.783348127121729	X267
0	0.121510736750032	0	0	0.303768389310594	0.0422216897254061	0.145923197551465	0	0	0	0.258083184355888	0.128492802306615	0.01	0.433478961165799	0.919198486497338	X495
0.0218384588415844	0	0.0283495717717505	0	0.13182051908413	0.295385793185935	0	0	0	0.175125032784526	0.347480624332074	0	0	0.702378899943992	0.710886827831685	X280
0	0.191188945543236	0.16932440136331	0	0.311474729202117	0	0.0551703232662595	0	0	0.100999712195587	0.156079555909894	0.0157623325195972	0.01	0.42983876702271	0.95136128759503	X277
0	0.00310903177435486	0	0	0.529753341906839	0.0479799012195792	0.0475955520072343	0	0	0	0.371562173091992	0	0	0.734930437972807	0.679251919336848	X273
0	0.0365484071593316	0	0	0.224914362993901	0.174141952966393	0.0209846148641278	0	0	0.0248332037276401	0.413380954333589	0.105196503955018	0	0.738789504762287	0.67826401828156	X281
0	0.208828625260673	0	0	0.36605656416891	0.0910709560976846	0.0132356271760298	0	0	0.0670597850210856	0.16367703795615	0.090071404319468	0.01	0.511217825788129	0.878362443142101	X278
0	0.073757719748204	0.0368682826883901	0	0.25285636336555	0.0813595605321669	0	0	0	0.203896945791715	0.351261127873974	0	0	0.680368886832261	0.731400779786019	X74
0	0.0911634655756847	0.0487563157024502	0	0.219979653903101	0.0307583506731538	0	0	0	0	0.60934221414561	0	0	0.747974566845354	0.666459880458687	X749
0.00768717944474503	0.00305894559568525	0.0109628390057443	0	0.211250677339508	0.279623960986958	0	0	0	0.229537536573869	0.257878861053491	0	0	0.765804799443113	0.656425523408288	X165
0	0	0	0	0.326299354339419	0.183834692601155	0	0	0	0.0826253166106248	0.407240636448801	0	0	0.831834998184585	0.574617971867374	X631
0	0.0046334764021674	0.0877205677697202	0	0.125794124936889	0.185979336635697	0	0	0	0	0.595872494255526	0	0	0.809602761986014	0.589586085352595	X325
0	0.16157389552656	0.0360272889340591	0	0	0.120796634164642	0	0	0	0.128954069406904	0.458439076362902	0.0942090356049323	0	0.707302801280429	0.707263518143425	X146
0	0.0783020389729861	0.112559652106224	0	0.0651275712881056	0.112259073519263	0	0	0	0.213074063631856	0.395323071596392	0.0233545288851722	0	0.718240401847053	0.694048965571865	X184
0	0.0176718657912609	0.0920701033713954	0	0.209772052742587	0.039445357507145	0.033563636906275	0	0	0.319951754607919	0.287525229073417	0	0	0.789278660205828	0.619523772766967	X840
0	0.0450669691300202	0.0693349666890349	0	0.266332734420331	0.0529964963320149	0.0307660815995927	0	0	0.0596724363320415	0.424641877055067	0.0511884384418974	0	0.661475637487338	0.747936895036473	X129
0	0.0947647228325306	0.102924727472576	0	0.148691543334471	0.111850220586215	0	0	0.0163950292841166	0.216065617686921	0.30930813880317	0	0	0.665211326012861	0.744564238164885	X77
0	0.00553795632429499	0.170813815162632	0	0.197551562536087	0.125834062193716	0.0324904087327583	0	0	0.195551081000628	0.256930884109903	0.0152902299399808	0	0.653230561296675	0.75525032402029	X187
0.0279597369288103	0	0.0257567703496549	0	0	0.227358459651758	0	0	0	0.588071158404981	0.130853874664795	0	0	0.870973632035953	0.525574380897364	X864
0	0.0833312101110725	0.131308739625859	0	0.257892813712915	0.102729752604246	0.0394430319965332	0	0	0.031468344232124	0.308097694369864	0.0457284133473863	0	0.562643786222723	0.827701757795123	X175
0	0.0619839322199398	0.0904444583014288	0	0	0.15156812237907	0	0	0	0.310965093615576	0.385038393483986	0	0	0.782643157141621	0.623094294232218	X159
0	0.0702314635832373	0.0691330782973625	0	0.263126675160119	0.0357399180618242	0.0411213102802485	0	0	0.0624698528355661	0.359666939495011	0.0985107622866316	0	0.664967987041317	0.744400567170668	X61
0	0.0535880637822366	0.152072594013635	0	0.249549112490975	0.0185238751831022	0.100132186393277	0	0	0.309544026381062	0.116590141755712	0	0	0.627310961445483	0.775680277737479	X158
0.0132108279387124	0	0.00293430795978422	0	0	0.31427585765737	0.0204731033034353	0	0	0.184249105380969	0.46485679775973	0	0	0.843667795450428	0.549589209902547	X157
0.0139247070184241	0.0823314620093205	0.0478594949842442	0	0	0.219317365878665	0	0	0.0478768714837452	0.0979103407359689	0.467158782213924	0.0236209756757087	0	0.716752373907903	0.695755373981968	X79
0	0.0189058065139706	0.112977829307218	0	0.173986375052105	0.0836544876102089	0	0	0.0495327660016209	0.232277619602705	0.328665115912171	0	0	0.726466077530455	0.6877592092895	X866
0	0.00137362147735693	0.183600517297286	0	0.185646253927271	0.145191174815329	0.0481773108622795	0	0	0.083618279632337	0.352392841988142	0	0	0.711054519578174	0.705355066257592	X841
0	0.105669979558771	0.0622591383119759	0	0.00612408863400905	0.193273470389413	0	0	0	0.149856532171095	0.482816790934736	0	0	0.733549496825049	0.679141351444988	X109
0	0.0235381997969769	0.0811163649992698	0	0.346655376333452	0	0.0914174009535886	0.0146873753059548	0	0	0.395526160904539	0.047059121706219	0	0.689775478231235	0.722108813684615	X207
0	0.0767988715348002	0.0535065615550391	0	0.00332822717657341	0.139425565131896	0	0	0	0	0.599047056621649	0.127893717980042	0	0.729100955516088	0.683136716497684	X221
0	0.106351796015703	0.0220421757787189	0	0.0461486614564447	0.136906476092613	0	0	0	0	0.617831386511366	0.0707195041451552	0	0.735115942197116	0.679011914571509	X208
0	0.0062290788287927	0	0	0.472231662254308	0.0202885656836927	0.0476265937930074	0.017938139090247	0	0	0.358274520723608	0.0774114396263435	0	0.679621757129551	0.731909529922278	X120
0	0.040016314653924	0.127195481310665	0	0.0803132345703039	0.108876727305594	0	0	0	0	0.643598242159513	0	0	0.783882077838562	0.620454492273684	X865
0	0.0738178852254987	0.0905208254883195	0	0.232701218666341	0.126081984041872	0	0	0	0.158567302071165	0.318310784506804	0	0	0.651440517802031	0.756517896867287	X188
0	0.102379778661736	0.00732433070197233	0	0.411896134134846	0	0.110011599379419	0	0	0	0.281585645685879	0.0868025114361485	0.01	0.495822457536569	0.878833184839303	X738
0	0.109622432329996	0.154327215304995	0	0.160512387464372	0.0413970466151422	0	0	0	0.138367205949231	0.395773712336263	0	0	0.658570731526033	0.75407129908949	X786
0	0.0628100658391768	0.127840680381334	0	0.220697866578998	0.0981777513773153	0	0	0	0.168272962027338	0.297342671155174	0.0248580026406638	0	0.625642703431221	0.777791142217442	X104
0	0.108552605155004	0.109861533598903	0	0.0512966940053345	0.0822438426953161	0.0299201275247041	0	0	0.344200227408664	0.185167277173107	0.0887576924389672	0	0.659422274056822	0.749209596903626	X131
0	0.0841799973004539	0.0449336311061711	0	0.277075497220098	0.0017205471486192	0.0198999211761888	0	0	0	0.572190406048468	0	0	0.742095027035965	0.671868626691037	X773
0	0.0871023414148931	0.057896262210514	0	0	0.187109717007464	0.0151573341300632	0	0	0.173923246302814	0.315943683496688	0.162867415437564	0	0.708059818273164	0.708504321905919	X846
0.0051316876815605	0.0117662438486155	0.0556037044661431	0	0	0.326796129246424	0	0	0	0.210817594134573	0.389884640622684	0	0	0.720919833728248	0.692183351777997	X762
0	0.107652744917269	0.0554623879709286	0	0.161047731059222	0.088009400474841	0.0329478860961417	0	0	0.109043077953753	0.414459171834767	0.0313775996930784	0	0.668920865765701	0.743209641082827	X67
0	0.00772908752647151	0.161505827628916	0	0.175662328622536	0.17938534042129	0.00640582858727399	0	0	0.221609778129283	0.24770180908423	0	0	0.621747319187758	0.780045587564767	X197
0	0.00460257193995092	0.0310830429891728	0	0.206381868642186	0.0849185841337704	0	0	0	0	0.619399739767207	0.0536141925277128	0	0.780199216295979	0.624127450145251	X842
0	0.0490925823692744	0.0971419595145943	0	0.0838232806118806	0.139217119684737	0	0	0	0.343132025511936	0.269441287816889	0.0181517444906889	0	0.805329653564404	0.605581381910929	X868
0	0.0728272738768815	0.0667057556729577	0	0.124919809082429	0.111120336355847	0	0	0.0590889516078444	0.147785997845242	0.417551875558799	0	0	0.75905636734616	0.65239958392154	X758
0	0.0808957654624234	0.1118469316035	0	0.142054109001059	0.144628373555032	0	0	0	0.159632277175128	0.357903429038248	0.00303911416460964	0	0.648263748592548	0.759988238070734	X778
0	0.100035922017313	0.0102483877447094	0	0	0.238067309174833	0	0	0	0.237620404721344	0.414027976341801	0	0	0.768345213695919	0.640313949607333	X776
0	0.0346579442293703	0	0	0.356391265351389	0.022354108819843	0.0259713010914997	0	0	0	0.540258560031774	0.0203668204761244	0	0.780129667035251	0.625105222385962	X90
0	0.0609913906450713	0.0855292116199282	0	0.0597804525782275	0.115131207386925	0	0	0	0.368687993242476	0.309879744527372	0	0	0.793105954964031	0.612383589139004	X859
0	0.0773838590652811	0.0184540124406804	0	0.300692133071864	0.0497366144387223	0.038024791192461	0	0	0.091651535011348	0.294016596697193	0.130040458082451	0	0.602303230657952	0.795694238435331	X833
0	0.0803896257289737	0.0587524233816781	0	0	0.184546007954663	0	0	0.0433556924375062	0.378575150294382	0.254381100202797	0	0	0.758097113755132	0.655952340502413	X78
0	0.0340168941436031	0.00306717716065476	0	0.324922234924062	0.0562678032119143	0.0923241437305472	0.0109665054929296	0	0	0.39003417963337	0.0884010617029189	0	0.717242962482548	0.69793384720641	X73
0	0.128858982444387	0.0693812120914552	0	0.00513807098618151	0.106639925059683	0	0	0	0.405893284995066	0.216978211622328	0.0671103128008991	0	0.725759893576652	0.687148260821838	X224
0.0105214669326811	0.0529994736593529	0.00169474271181316	0	0	0.28076835588722	0	0	0	0.302459117731652	0.351556843077281	0	0	0.788944634404602	0.61868602410213	X30
0	0.11164014970075	0.081845418495269	0	0	0.176150841086356	0	0	0	0.324816567302704	0.305547023414921	0	0	0.711846558927476	0.700723840367346	X782
0.0103365210471835	0.0491755490245697	0.0180763208559058	0	0	0.141224667957228	0	0	0.0593938272196912	0.502611407041281	0.169743472649737	0.0494382342044031	0	0.783924865061248	0.631267410263198	X780
0	0.127258829628119	0	0	0	0.228872785747699	0	0	0.00505594998833783	0.13072773628721	0.435834916329627	0.0722497820190065	0	0.710230895917398	0.702750192875347	X852
0	0.0487760319409574	0.0526278803498485	0	0	0.121328919692856	0	0	0	0.166546943122643	0.553232979026875	0.057487245866821	0	0.817796020983466	0.575901996113445	X715
0	0.13740657485378	0	0	0	0.244584156740006	0.0984051374130018	0	0	0.0362413043249763	0.324832543717747	0.158530282950489	0	0.589013881606512	0.806050048390949	X790
0	0.077199699390933	0.0931566057951106	0	0	0.156228242897625	0	0	0.00538141103939644	0.120218914792352	0.541564477420455	0.00625064866412709	0	0.774053724864716	0.632716352751357	X760
0	0.131989934028137	0.100161245703281	0	0.151738625802792	0.0579566611876611	0	0	0	0.215366664533457	0.244067933700288	0.0987189350443831	0	0.562749071965197	0.829892789948119	X759
0	0.0711847173853083	0	0	0.136223741027147	0.153747159694095	0.0133626093271299	0	0	0	0.477642161499045	0.147839611067274	0	0.742025891609505	0.672094934173403	X801
0	0.0306230321771206	0.0814144069508109	0	0.248428343955748	0.0861454492290348	0.0212718995763367	0.0090780942756694	0	0.0419550432289477	0.454745235251238	0.0263384953550932	0	0.784868442495083	0.625098527192498	X823
0	0.116567028734773	0.0350951515376528	0	0.0895866332504203	0.0763978893402026	0	0	0	0.167498374694729	0.391028656012974	0.123826266429248	0	0.711253116491699	0.70134990671788	X838
0	0.0760249921390008	0.0399883056815615	0	0.0490757133337935	0.114141646449481	0	0	0	0.17016320870211	0.504804557918811	0.0458015757752426	0	0.796166469031587	0.605423472417813	X845
0	0.0829877580944853	0.0509015948172366	0	0.0143742707986718	0.082138705260454	0	0	0	0.23625437574387	0.381534055026294	0.151809240258988	0	0.764343366421018	0.646646180113634	X124
0	0.141248232346915	0.0160680281540789	0	0	0.121563017723549	0.00995419593463422	0	0	0.20286501180475	0.387087980490401	0.121213533545672	0	0.724823694685352	0.687923558109896	X113
0	0.12079448598052	0	0	0.340018871498757	0.0381129263412122	0.125293484638274	0	0	0	0.240003621891284	0.135776609649953	0.01	0.475703058636195	0.888962673316335	X68
0	0.0279747701838054	0.00254010099835859	0	0.405992926518734	0.044946146579189	0.0196020608175525	0	0	0	0.498943994902361	0	0	0.822024493321183	0.575278838426971	X98
0	0.0658547078031164	0.0290126462760627	0	0.444721322534817	0	0.108749061293805	0.0172631323440866	0	0	0.260195694072194	0.0742034356759176	0.01	0.480147199972501	0.885438314702286	X223
0	0.0762955930257098	0.145715050116657	0	0.28868197054275	0.0344607896525738	0	0	0	0.0964159681038721	0.343281443586251	0.0151491849721861	0	0.664669532277682	0.745031885204736	X145
0	0.05706207269315	0	0	0.0206192978261848	0.156673897533518	0	0.0114273599044429	0	0	0.668858768581222	0.085358603461482	0	0.774514262336558	0.632263975502711	X792
0	0.107484953504173	0.0818109203977272	0	0.33066128419489	0.0224434412831551	0	0	0	0	0.42065667221845	0.0369427284016043	0	0.658343153879048	0.753089884662892	X59
0	0.0996214894617696	0.0282875522469803	0	0	0.108241923230178	0	0	0	0.311279033264289	0.341899111735019	0.110670890061764	0	0.754418373291682	0.656384120202335	X142
0	0.0655243023598335	5.9232968441999e-05	0	0	0.242840195043583	0.0127636375138412	0	0	0.175706887557697	0.503105744556604	0	0	0.815880723596789	0.580957616541853	X94
0	0.111918636401855	0.0382407822029475	0	0.276889013341303	0	0.060716875701525	0	0	0	0.469316206553366	0.0429184857990033	0	0.68931858152663	0.724997617512254	X88
0	0.00750391919363846	0.0368973191986966	0	0.217099036763466	0.119477608733093	0	0.0140780836899141	0	0	0.582075895084052	0.0228681373371397	0	0.803245320873705	0.596906237655486	X52
0	0.109403912296287	0.0168838784968623	0	0.183043793443868	0.112429876258138	0.0246755314616202	0	0	0.0650374271149516	0.366425944066168	0.122099636862106	0	0.664187972383004	0.745362463507454	X143
0	0.06618287805341	0.0833083205296052	0	0.0696602656036513	0.175638290903419	0	0	0	0.17493410084181	0.430276144068104	0	0	0.708445881077658	0.704001419496494	X49
0	0.0950817267504555	0.106264675333213	0	0.141524674177148	0.134939145381096	0.0659349797369828	0	0	0.0104652359224986	0.445789562698606	0	0	0.632792603217113	0.775525398862494	X125
0	0.107597443391373	0.0379483229086806	0	0.125890051267047	0.13312786576094	0.0367608278197626	0	0	0.0508538869777904	0.482219460177429	0.0256021416969765	0	0.674477702728794	0.739107503372386	X114
0	0.191848592998291	0	0	0.167743073203895	0	0	0	0	0.0375708271601414	0.411516315878182	0.19132119075949	0	0.63950701689966	0.771513491228352	X718
0.00629502177802572	0.0328134316006894	0.105216422764502	0	0	0.159219915426714	0	0	0.0312263526167245	0.129505121477094	0.53572373433625	0	0	0.785065930874253	0.619294337326314	X785
0	0.0707472899763709	0	0	0.0930807174514259	0.141206984968463	0.018851271072635	0	0	0.127121927831668	0.345217347306414	0.203774461393023	0	0.654176381625675	0.75394442982531	X843
0	0.0160228477697834	0	0	0.329444945176625	0.0698220340653322	0.095522726821183	0.0138528350108153	0	0	0.396650950200434	0.0786836609558274	0	0.725354330127924	0.690444375839189	X229
0	0	0.0110341853339699	0	0.538692184373592	0	0.0153615769321757	0.00205868439863117	0	0.0889035143314995	0.343949854630131	0	0	0.726655441327261	0.686017387459611	X231
0	0.0412971273374482	0	0	0.161836505705505	0.182856896636454	0.00771576318368252	0	0	0.29982711140344	0.306466595733471	0	0	0.808053148227337	0.599252255679966	X233
0	0.0849708108992082	0.0182400121785538	0	0.342298694665831	0.068016298736406	0.119904354293285	0	0	0	0.344142605280476	0.0224272239462409	0	0.654708189850069	0.75392641841739	X235
0	0	0	0	0.503569405682891	0.106088121590488	0.0509674181986441	0	0	0.100131367960115	0.169416899734413	0.0698267868334491	0	0.535028667304683	0.84182041797375	X672
0	0	0.10093895269283	0	0.423837676797464	0.00773160795801336	0.0849833055481124	0	0	0.0535513355041042	0.292013596176468	0.0369435253230088	0	0.650654236845212	0.75688481078342	X694
0	0.00420314322685266	0.108611250660443	0	0.0760249414170912	0.0869723162177174	0.0560256417159423	0.000753894215773663	0	0.337178480063376	0.330230332482804	0	0	0.783136583066369	0.62411961079358	X695
0	0.0457156494228683	0.00563915670056959	0	0.499493416291676	0	0.0663215559139171	0	0	0.382830221670969	0	0	0	0.631576275248075	0.77248642614095	X927
0	0.0140022777421878	0	0	0.311923971392285	0.0997496200145644	0	0.0283241465205861	0	0.00646543941770527	0.486348209228533	0.0531863356841379	0	0.764637200537292	0.646156739074382	X929
0	0.0519927209216065	0.0956369934820237	0	0.363432206849524	0	0.0860090588574387	0.0146989507711148	0	0	0.333882507742975	0.0543475613753175	0	0.620657691362735	0.781568422614627	X932
0	0.0632319367568434	0.15104613698749	0	0.157246027295462	0.0231765958986021	0	0	0	0	0.605299303061603	0	0	0.755490041001598	0.655255906268458	X938
0	0.119395932940439	0	0	0	0.216448522368462	0.0643962099485346	0	0	0.199976329518195	0.209272141274193	0.190510863950176	0	0.559106791390631	0.826332796009609	X952
0	0.0144457103856348	0.160112219325453	0	0.195653068103369	0.117047615313549	0	0	0	0.184275653023352	0.319124871170366	0.00934086267827555	0	0.687859877197589	0.724220013998175	X953
0	0.0115400223589623	0.0892200204015642	0	0.296933780091013	0.0688757206985672	0.0283429131766724	0.00803826231826777	0	0.29246283536897	0.203845115972437	0.00074132961354646	0	0.722523765425366	0.694382532470473	X954
0	0.117067602178751	0.130607881409852	0	0.220813646334565	0	0.100372595464353	0	0	0	0.355655346770105	0.0754829278423733	0	0.537938493105412	0.852202866264085	X957
0	0.0624028968240215	0.0604813728957881	0	0.182830481170518	0.163160800639771	0.130625189116478	0	0	0.149704980988659	0.143956747864676	0.106837530500087	0.01	0.514218770592422	0.855280844601002	X962
0	0.0119870700626934	0	0	0.417225441225682	0.0783179441934579	0.118921835068467	0	0	0.242510639279104	0.120362397020556	0.01067467315004	0	0.713163955291677	0.708159567703132	X963
0	0.0376490425372569	0.0406116319751958	0	0.00868424786093833	0.251340422249293	0.0115674840772086	0	0	0.100549895239705	0.3888927429573	0.160704533103102	0	0.730821933606799	0.688636669689122	X964
0	0.179607666336527	0	0	0.188121764541808	0.0489822071419873	0	0	0	0.2385435622892	0.137411152687189	0.207333647003289	0	0.533722833031116	0.848532598386358	X974
0	0.143202328105761	0	0	0.465463546801589	0	0.0378686965386137	0	0	0.0543986119275193	0.142868142305704	0.156198674320814	0.01	0.409399905736496	0.93566346385659	X983
0	0.10964319599942	0.0452265541387704	0	0.329883932819144	0.0555621260179112	0.0882560759953241	0	0	0	0.338718375513904	0.0327097395155263	0	0.575765327935395	0.821594245493468	X987
0	0.0860652069749767	0	0	0.53268434607224	0	0.0536019633427135	0	0	0.0418756446288098	0.188987006597513	0.0967858323837468	0.01	0.44970112414771	0.905763805089182	X992
0	0.0470149280058452	0.150848942864965	0	0.138670853624692	0.139617206472411	0.00312298910914348	0	0	0.276479334481015	0.140290994331974	0.103954751109955	0	0.59208172338682	0.8026687653152	X994
0	0.0650839620335186	0.134949504073538	0	0.0989624868962609	0.125118670994116	0.00390879788705818	0	0	0.322789071506898	0.136926891398359	0.112260615210252	0	0.644028699197161	0.763747841140919	X995
0	0.124177081231003	0	0	0.289268668915319	0.0902852058639406	0.0643793682330227	0	0	0.0906337779383971	0.228790046328807	0.11246585148951	0.01	0.51481942705972	0.861802107204194	X997
0	0.0767430050159322	0	0	0.12568154978467	0.304078796204899	0.028093142331633	0	0	0.254779572586612	0.187298777062785	0.0233251570134688	0	0.577349166842694	0.813812204130208	X1002
0	0.0332723288944489	0.163463638726259	0	0.370057224885586	0	0.0914191234666265	0.00596187334876312	0	0.0343855307690895	0.267324434524395	0.034115845384832	0.01	0.511709891735302	0.86264655272841	X1007
0	0.176034495943148	0.0243713693229673	0	0.105060724026396	0.061786201834578	0.0364208048642038	0	0	0.0593453405443203	0.386503384425161	0.150477679039226	0	0.589580536526033	0.813377882936419	X1009
0	0.0671786750803577	0.0160941071506419	0	0.593265606739247	0	0.0519586376558628	0	0	0	0.26605278965508	0.00545018371881033	0	0.523513549425928	0.860078260673186	X1010
0	0.000490526875300734	0.0637843282104388	0	0.37198039426159	0.0344817593581669	0	0.0210793879450708	0	0.0132127946721256	0.494970808677307	0	0	0.805442770479297	0.597438027502671	X1011
0	0.0514610065026064	0.0961632355521612	0	0.257386609463829	0.0643473270542305	0.0503909654974153	0.00443959088413484	0	0.133388477605371	0.251312605257659	0.0911101821825927	0	0.610720575980944	0.788669774759309	X1014
0	0.0323977862692209	0	0	0.373582156423967	0.0285485000939593	0.128450203684784	0.00038009324436904	0	0.0908664891879155	0.241080100755226	0.104694670340558	0	0.653231002647465	0.75580851045869	X1019
0	0.0947950934691619	0.04545000539159	0	0.319382222099677	0.108864128818343	0.100826915534716	0	0	0.0945168566186872	0.194009718296717	0.0421550597711072	0	0.563941768337024	0.824799276510728	X1020
0	0.0530666973339452	0.0490122861253937	0	0.239751176212477	0.0402310425273447	0.026406766266275	0	0	0.17006574486049	0.421466286674075	0	0	0.760112866064208	0.648914529544649	X1027
0	0.0680289709802413	0.170461080004945	0	0.142480085393498	0.0241441810980591	0.00275127003124689	0	0	0.219189523917738	0.292185318165272	0.0807595704089994	0	0.656228366583916	0.751751211788477	X1028
0	0.152088194516708	0.00757708307281668	0	0.413525253216657	0	0.0888152744600926	0	0	0	0.274446814573077	0.063547380160649	0.01	0.448847103173206	0.922825555471428	X1029
0	0.0716174676429638	0.0729680012047878	0	0	0.192422635675738	0	0	0	0.150226655272399	0.407338836229808	0.105426403974303	0	0.750347538235686	0.663892110002081	X1030
0	0.0113578014626582	0.237048631493926	0	0.274020735714474	0.029607890840518	0	0	0	0.112089014527232	0.335875925961191	0	0	0.66232852228794	0.746346852679497	X1031
0	0.0792813603277063	0.164591070927031	0	0.0978882197540491	0.0430948188765742	0	0	0	0.134953054267551	0.440728105861675	0.0394633699854145	0	0.716932803341814	0.695480996264333	X1034
0	0.0850581492635015	0.139706680771459	0	0.0513881161875354	0.146583685443947	0.0113964799340727	0	0	0.017980585992629	0.547886302406855	0	0	0.698955666796432	0.715310243433432	X1039
0	0.105273968273124	0.13453156448692	0	0.201706881210055	0.0152813936707321	0.0207674773164177	0	0	0.0873101347923676	0.331475240502293	0.10365333974809	0	0.523800809096392	0.86051258505292	X1040
0	0.122600846082532	0.15341067628353	0	0.149241654786669	0.0757429444645387	0	0	0	0.23812894970403	0.260874928678701	0	0	0.60174815250594	0.801691823916287	X1042
0	0	0	0	0.392345164837781	0.0731819113067037	0.0874135826966069	0	0	0.0133233123027337	0.433736028856175	0	0	0.77328616551924	0.63744475992076	X1061
0	0.138283459847552	0.0979099348218393	0	0.0689884928477971	0.124972228624017	0	0	0	0.188046000198935	0.294974844647518	0.0868250390123417	0	0.59979393534963	0.801070686873259	X1062
0	0.128418656369157	0.107966372693365	0	0	0.0785233289540246	0.017894938312323	0	0	0.115413487620005	0.440899959077026	0.110883256974099	0	0.674781434751834	0.737374034480412	X1084
0	0.0214547597869841	0.0542988590149197	0	0.454180992007588	0	0.11598235360345	0.0149578822007198	0	0	0.339125153386338	0	0	0.721350695740276	0.693375546177982	X1103
0	0.0731306593171207	0.0644906525996636	0	0	0.227063649184235	0	0	0	0.234005446533012	0.346087548241649	0.0552220441243207	0	0.729929828637011	0.684103566463932	X1164
0	0.0183471344937225	0.158806690161133	0	0.173069601983846	0.123363785410489	0.0370821856875085	0.00152980349484399	0	0.163743059886354	0.16824028012658	0.155817458755523	0	0.58024766733869	0.812007258570079	X1183
0	0.0665038027697406	0.00646378298565823	0	0.0758661327892444	0.147765694588001	0	0	0	0.166444501057295	0.355163851032233	0.181792234777828	0	0.665800902814946	0.743576605796597	X1194
0	0.156834552737791	0	0	0.135628276388017	0.207839961451596	0	0	0	0.0149837970611334	0.415746460054221	0.0689669523072415	0	0.599903766290762	0.80482626015066	X1196
0	0.0485051883201683	0.0407502792006172	0	0.37849720819783	0.00112236455175253	0.0277948880368898	0	0	0.0168852122814718	0.465205985626016	0.0212388737852548	0	0.76425556898137	0.644983154662713	X1198
