GeneSymbol	Macs_IFN_B1a Macs_IFN_y	Macs_IL_10	Macs_IL_4 Macs_IL_13	DCs_IFN_B1a	DCs_IFN_B1a DCs_IFN_y	DCs_IL_10	Monos_IFN_B1a Monos_IFN_y	Monos_IL_10	Monos_IL_4 Monos_IL_13	PMNs_IFN_B1a	PMNs_IFN_B1a PMNs_IFN_y	PMNs_IL_4 PMNs_IL_13	Condition
GCNT2	13.66666667	13.66666667	9.5	5.333333333	6.333333333	8.333333333	3.166666667	2	1.833333333	1	0.833333333	0.666666667	Macs_IFN_B1a_Macs_IFN_y
NCF1C	177	89	75.83333333	132.6666667	137.8333333	60	15	5.333333333	6.666666667	111.6666667	111.6666667	77.83333333	Macs_IFN_B1a_Macs_IFN_y
SDS	8.166666667	3	0.666666667	1	1	2.666666667	3.833333333	2	0.666666667	2.333333333	1.166666667	0	Macs_IFN_B1a_Macs_IFN_y
ANKRD22	108.8333333	20.33333333	5.666666667	5	12.16666667	1.666666667	23.16666667	25.33333333	6	14	54	7.166666667	Macs_IFN_B1a_Macs_IFN_y
CCL2	2869.5	2562.666667	1112.333333	733	614.3333333	335	502.8333333	509	55	44.33333333	31.66666667	7.166666667	Macs_IFN_B1a_Macs_IFN_y
GIMAP6	12	5	5.333333333	3.333333333	5	1.333333333	0.666666667	0	0	3.333333333	3.333333333	2.333333333	Macs_IFN_B1a_Macs_IFN_y
CCM2L	10.33333333	86	11	0.666666667	0.833333333	4.333333333	0.666666667	12.33333333	0.833333333	3.666666667	5.833333333	3.5	Macs_IL_10
DSC2	97.83333333	252.6666667	130.5	22.66666667	37.83333333	67.33333333	6.333333333	14.33333333	4.166666667	13.66666667	33.5	33	Macs_IL_10
FPGS	18.66666667	79	23.66666667	18.33333333	26.33333333	51	10	52.66666667	9.166666667	0	0.833333333	0.666666667	Macs_IL_10
KREMEN1	12.66666667	55.66666667	15	1.333333333	3.333333333	2.666666667	3.5	9.333333333	2.5	16.66666667	30.5	17.16666667	Macs_IL_10
LILRB2	466.5	973	506.8333333	259.6666667	319.8333333	528	79.66666667	287	55.33333333	85	91.66666667	55.16666667	Macs_IL_10
LMO4	27.16666667	57.66666667	24.83333333	20	27.33333333	22.33333333	27.16666667	15.66666667	11.83333333	10.33333333	11.33333333	8	Macs_IL_10
MAR2	97.33333333	303.6666667	113.5	40	70.83333333	129.6666667	17.83333333	62.33333333	12.5	30.33333333	38.5	18.83333333	Macs_IL_10
NLRC4	16.16666667	67.66666667	29.33333333	9.333333333	18.33333333	32	1.666666667	0.666666667	1.833333333	10.66666667	13.33333333	23.33333333	Macs_IL_10
PNKD	123.1666667	436.6666667	140.1666667	45.66666667	65.16666667	139	31	152.6666667	28.83333333	18.33333333	26.66666667	23.83333333	Macs_IL_10
SEPW1	88.16666667	174.3333333	98.16666667	29.33333333	47.33333333	51.33333333	12.16666667	14.66666667	8	2	4.666666667	3.166666667	Macs_IL_10
SLC16A10	42.16666667	315	60	4.333333333	7	85	7	69.33333333	4.666666667	0.333333333	0.5	0.166666667	Macs_IL_10
HEG1	90.16666667	175.3333333	37	77	59.83333333	84.33333333	31.66666667	18	10.66666667	3.333333333	2.833333333	2.166666667	Macs_IL_10
SEMA4B	45.33333333	144.3333333	58.33333333	11	13.5	47	1.333333333	32.33333333	3.5	8	18.5	9.166666667	Macs_IL_10
STOM	229.8333333	715.3333333	181.1666667	226.6666667	254	281.3333333	45	351	20.5	90.33333333	70.33333333	24.33333333	Macs_IL_10
TLR8	179.1666667	459	82	38.33333333	55.5	172	26.83333333	129.3333333	11.5	20.66666667	56	18	Macs_IL_10
EEPD1	34.66666667	66.66666667	91.16666667	2.666666667	8.833333333	18	6.5	8.333333333	28.5	13.33333333	19.16666667	64.33333333	Macs_IL_4_Macs_IL_13
ELK3	22.66666667	44	46	5	8.5	6.333333333	11.83333333	20	11.83333333	4.666666667	4.833333333	13.5	Macs_IL_4_Macs_IL_13
IL3RA	137.3333333	200.3333333	252.5	47.33333333	77.5	76	43.83333333	34	80.16666667	5.333333333	8.5	33.5	Macs_IL_4_Macs_IL_13
PFKFB4	10.83333333	21	25.5	4.666666667	7	8	0.833333333	1	0.666666667	1.666666667	1.833333333	2	Macs_IL_4_Macs_IL_13
SLC1A4	27.66666667	46	74	45.33333333	55.83333333	41.66666667	42	32	40	4.333333333	5.666666667	19.33333333	Macs_IL_4_Macs_IL_13
SLC26A6	6.5	9	27.5	12.33333333	14.16666667	14.66666667	4.333333333	3	2.166666667	0.333333333	0.833333333	8.333333333	Macs_IL_4_Macs_IL_13
SLC5A3	36.33333333	77.33333333	121.8333333	16	26.66666667	73.66666667	20	14	80.83333333	2.333333333	4	5	Macs_IL_4_Macs_IL_13
SLFN11	19.83333333	20.66666667	22.83333333	12.33333333	18.5	10.33333333	5	3.333333333	4.666666667	0.333333333	0.666666667	1.166666667	Macs_IL_4_Macs_IL_13
TGM2	25.16666667	45.66666667	206.6666667	14.33333333	30.33333333	49.66666667	3.333333333	3.333333333	6.5	5.333333333	4.333333333	81.83333333	Macs_IL_4_Macs_IL_13
TMEM52B	5	11.33333333	29.16666667	1.666666667	2.5	3.333333333	8.666666667	6.666666667	16.83333333	6.666666667	8.666666667	20.5	Macs_IL_4_Macs_IL_13
CD1D	4.166666667	8	9	0.666666667	0.666666667	1	1.333333333	0.333333333	2	0	0.166666667	1.166666667	Macs_IL_4_Macs_IL_13
KCNK6	8.833333333	16	38.16666667	15.33333333	27.5	34.66666667	0.666666667	0.666666667	1	1	2.833333333	9.666666667	Macs_IL_4_Macs_IL_13
SNAI3	3.333333333	5.666666667	34.5	5.333333333	14	13	0.333333333	0.666666667	0.166666667	0.333333333	1	5.333333333	Macs_IL_4_Macs_IL_13
UGP2	138.3333333	255.6666667	341	127.6666667	188.5	273	24.5	26	98.33333333	18.33333333	25	171.6666667	Macs_IL_4_Macs_IL_13
DRAP1	31.83333333	33.66666667	28	71.33333333	67	53.33333333	16.16666667	10	11.16666667	27.66666667	17.33333333	7.5	DCs_IFN_B1a
NR4A3	4	2.333333333	3.5	129	82.33333333	29.66666667	58.16666667	28	27.5	20	25	14.83333333	DCs_IFN_B1a
RBMS2	11.66666667	13.33333333	9.5	45.33333333	39	32	2.666666667	1.666666667	1	1.333333333	0.833333333	22.83333333	DCs_IFN_B1a
APOBEC3G	24.16666667	6.333333333	4.333333333	49.66666667	37.16666667	6	14.33333333	3.333333333	1	48.33333333	33.66666667	7.333333333	DCs_IFN_B1a
IFIH1	88.33333333	16	11.16666667	252	166.6666667	27.33333333	135.5	42	51.83333333	205.6666667	165	34.16666667	DCs_IFN_B1a
JUP	60	31.66666667	27.83333333	157.3333333	114.3333333	30.66666667	38.33333333	12	14.66666667	27.66666667	17.5	6.5	DCs_IFN_B1a
KIAA0226	118	68.33333333	44	189	144.3333333	62	55.33333333	13.66666667	13	39.66666667	23.5	3.5	DCs_IFN_B1a
LGALS3BP	13.16666667	5.666666667	3.5	28.66666667	21.16666667	8.333333333	8.666666667	6.333333333	3.333333333	3.333333333	3.166666667	2.333333333	DCs_IFN_B1a
SSB	31.16666667	28.33333333	19	78.66666667	59	21.66666667	18.5	7.333333333	10	10	6.166666667	1.833333333	DCs_IFN_B1a
TMEM110	32.5	29	18.33333333	66.33333333	49.83333333	20.33333333	11.33333333	8.333333333	6.166666667	3.666666667	2.666666667	1.666666667	DCs_IFN_B1a
APOL4	21	3	4.666666667	14.33333333	49.83333333	26	1.666666667	0	0	0	1.166666667	0.166666667	DCs_IFN_B1a_DCs_IFN_y
ASPHD2	9	4.666666667	4.833333333	13.66666667	21.83333333	3.333333333	1.166666667	0.333333333	0.333333333	4	3.5	1.166666667	DCs_IFN_B1a_DCs_IFN_y
CBR1	61.83333333	29.66666667	23.5	173	130.8333333	59	6.666666667	2.666666667	3.833333333	3.666666667	2.166666667	1	DCs_IFN_B1a_DCs_IFN_y
GRIN3A	8.166666667	1.333333333	0.666666667	11.66666667	13.66666667	5	0	0	0	0.333333333	0.333333333	0	DCs_IFN_B1a_DCs_IFN_y
LAP3	53.33333333	32	9.5	75	81.33333333	48	42.83333333	8	4.166666667	44.33333333	30.33333333	2	DCs_IFN_B1a_DCs_IFN_y
MAR1	81.5	242	75.66666667	162.6666667	181.5	373	2.833333333	51	2.166666667	2	1.5	1.166666667	DCs_IL_10
PMPCA	10.33333333	16.33333333	9.333333333	10	18.16666667	34	9.333333333	6.666666667	7.833333333	1	1	1.5	DCs_IL_10
SLC1A3	12.5	43.66666667	21.33333333	14	15	64.66666667	30.66666667	20.33333333	19.33333333	1.666666667	1	2.5	DCs_IL_10
TUBB3	2.666666667	17.33333333	2.5	12.66666667	15.16666667	79	0.333333333	0.666666667	0	0.333333333	0.5	0	DCs_IL_10
IL21R	26.83333333	107	47.66666667	12	27.66666667	121.6666667	1.166666667	1.333333333	0.666666667	1.666666667	2.666666667	2.666666667	DCs_IL_10
RBBP6	51	49.33333333	36.83333333	57	54.16666667	31.33333333	102.8333333	48	65.5	76	53.5	18.16666667	Monos_IFN_B1a_Monos_IFN_y
TMEM255A	8.333333333	10.33333333	6.166666667	10.33333333	14.16666667	18.33333333	27.66666667	12	10.33333333	1	1.333333333	1	Monos_IFN_B1a_Monos_IFN_y
PLSCR1	76.33333333	109.3333333	37.33333333	76	51.5	35.33333333	213.3333333	129.3333333	54.83333333	147.6666667	110.1666667	33.5	Monos_IFN_B1a_Monos_IFN_y
APOL6	217	24.66666667	20	273	255	41.33333333	332.5	97.66666667	66.5	298.6666667	266.3333333	24.5	Monos_IFN_B1a_Monos_IFN_y
GCH1	187.8333333	31.33333333	14	169.3333333	135.5	7	812.1666667	337.3333333	314.3333333	171	158.6666667	55.33333333	Monos_IFN_B1a_Monos_IFN_y
IL15	7	1.666666667	0.833333333	11.66666667	13	3	19.83333333	4.666666667	4.333333333	0.333333333	0.5	0.5	Monos_IFN_B1a_Monos_IFN_y
IL15RA	16.16666667	0.666666667	0.5	26.66666667	21.83333333	0.666666667	75.5	10	14.83333333	9.666666667	8.666666667	1.5	Monos_IFN_B1a_Monos_IFN_y
IRG1	6	0	0.666666667	3.666666667	3.833333333	1	935.6666667	356.3333333	368.6666667	24.66666667	52.5	11.5	Monos_IFN_B1a_Monos_IFN_y
ISG20	34.83333333	3.333333333	4.333333333	59.33333333	31.33333333	1.333333333	363.8333333	53.66666667	55	460.6666667	326.5	63	Monos_IFN_B1a_Monos_IFN_y
MTHFD2L	4	4	2.166666667	2.333333333	2.666666667	2.333333333	163.5	61	48	2	3.166666667	3.333333333	Monos_IFN_B1a_Monos_IFN_y
ARNT2	2.5	17	0.5	0.666666667	0.833333333	8.666666667	9	46.66666667	5	0.333333333	0.166666667	0	Monos_IL_10
KRT17	1	1	2.833333333	1.333333333	1.333333333	5	12	22.66666667	2.666666667	1.666666667	4.166666667	1.5	Monos_IL_10
TNFRSF21	1.833333333	8	12	6.333333333	9.5	12	8.5	115.3333333	5.166666667	0.666666667	0.833333333	0	Monos_IL_10
TNIP3	103.3333333	400	111.6666667	29.33333333	36.5	252.3333333	199.1666667	778.6666667	154.8333333	4.666666667	5.166666667	5.166666667	Monos_IL_10
ACPP	3.5	14.33333333	6.166666667	6	7.333333333	17.66666667	3	35.33333333	2.5	1.666666667	1.833333333	2	Monos_IL_10
ADRB2	3.5	11.33333333	2.666666667	2	2.333333333	1.333333333	26	47	13	1.333333333	2.5	1.833333333	Monos_IL_10
CASP5	12.5	46	4.666666667	0.666666667	1.666666667	6.666666667	5.833333333	61.33333333	2.5	14.66666667	14.83333333	4.666666667	Monos_IL_10
SLAMF1	13.5	44	10.16666667	9.333333333	9.166666667	50	6.333333333	113.3333333	20.33333333	1	1.333333333	5.333333333	Monos_IL_10
SPATA13	4.166666667	13.66666667	5.666666667	4.333333333	4.666666667	6.333333333	5.833333333	37	5.5	12.66666667	10.33333333	7.333333333	Monos_IL_10
STON2	1	3.666666667	0.5	0	0.166666667	0.666666667	12.66666667	33.66666667	3.833333333	0.333333333	1	0.5	Monos_IL_10
DHRS9	6.333333333	5.333333333	3.5	5.666666667	11.5	8.666666667	17.5	12	36.16666667	27	22.66666667	22.5	Monos_IL_4_Monos_IL_13
GADD45A	2	10.33333333	6.166666667	5	8.5	15.66666667	25.66666667	37.66666667	67.66666667	2.666666667	4	21.66666667	Monos_IL_4_Monos_IL_13
IGSF3	0.166666667	0.333333333	0.333333333	0.333333333	0.5	0.666666667	10.16666667	1.666666667	82.66666667	0	0.5	15.83333333	Monos_IL_4_Monos_IL_13
MMP1	7	19.33333333	29.66666667	0	1.166666667	0.333333333	38.16666667	34.66666667	71.83333333	0.666666667	0.666666667	1.666666667	Monos_IL_4_Monos_IL_13
PKD2	10.16666667	18.66666667	23	9.666666667	14.33333333	14	7.5	8.333333333	42.83333333	1.666666667	1.5	2.833333333	Monos_IL_4_Monos_IL_13
PRNP	28.16666667	55.66666667	46.16666667	30	48.83333333	58	115.8333333	106.3333333	168.3333333	11.33333333	19.83333333	65.16666667	Monos_IL_4_Monos_IL_13
PTGIR	32.33333333	71.66666667	45.33333333	19	22.83333333	52.66666667	33.33333333	28.66666667	75	3.666666667	4.333333333	21.16666667	Monos_IL_4_Monos_IL_13
SEMA3C	29.33333333	61.66666667	57	18	42	38.33333333	40	51	109.3333333	0.666666667	1.833333333	2.5	Monos_IL_4_Monos_IL_13
SLC4A7	8.166666667	26	33.33333333	10.66666667	14.66666667	20	9.333333333	5.666666667	43.33333333	0.333333333	0.666666667	3.166666667	Monos_IL_4_Monos_IL_13
STXBP5-AS1	6.5	12	8.166666667	0.333333333	3.666666667	5.333333333	3	3.666666667	41.33333333	1.666666667	2.833333333	3.5	Monos_IL_4_Monos_IL_13
CCL5	4	5.666666667	6.333333333	44	51.33333333	62	261.8333333	131.6666667	315	65.33333333	87.5	82.66666667	Monos_IL_4_Monos_IL_13
LRG1	1.833333333	19.33333333	3	1.666666667	3.833333333	51.33333333	4.833333333	51	6.666666667	59	60.33333333	48.16666667	PMNs_IFN_B1a
PARP8	5.5	4.666666667	3	6.333333333	9	5.333333333	3	2	2.166666667	13.66666667	13.83333333	10	PMNs_IFN_B1a
FANCA	5.666666667	3.333333333	1.833333333	2	4.333333333	3	0.666666667	0.333333333	0.5	16.33333333	10.5	0.833333333	PMNs_IFN_B1a
TREX1	22.33333333	15.66666667	12.66666667	21.66666667	27	26.66666667	37.5	8	9.333333333	134	72.66666667	2.666666667	PMNs_IFN_B1a
FCGR1A	11.66666667	31.66666667	3.833333333	0	2	0.333333333	3.833333333	7.666666667	1.666666667	9.666666667	47.5	5.333333333	PMNs_IFN_B1a_PMNs_IFN_y
FCGR1B	9.333333333	21.33333333	2.833333333	0	0.833333333	0	2.333333333	2	1.333333333	10.33333333	25.83333333	5.333333333	PMNs_IFN_B1a_PMNs_IFN_y
P2RY14	0.833333333	0	0	4	8.833333333	1	0.5	0.666666667	0.166666667	13.33333333	62	5	PMNs_IFN_B1a_PMNs_IFN_y
BATF2	75.5	3	3	94.33333333	77.33333333	6.333333333	20.16666667	1.333333333	1.166666667	141	181	3.666666667	PMNs_IFN_B1a_PMNs_IFN_y
CD69	3.5	0	0.166666667	1.333333333	0.666666667	0	4.833333333	1.333333333	2.666666667	57.66666667	75.83333333	15.66666667	PMNs_IFN_B1a_PMNs_IFN_y
ETV7	78.33333333	0.666666667	0.333333333	70.66666667	57.16666667	1.333333333	33	0.666666667	0.333333333	122.6666667	137	1.833333333	PMNs_IFN_B1a_PMNs_IFN_y
FFAR2	12.83333333	9	1.833333333	6	4.833333333	4.666666667	46	32	19.33333333	658	558.1666667	217.6666667	PMNs_IFN_B1a_PMNs_IFN_y
GBP5	188.8333333	2.666666667	2.333333333	79.66666667	188.3333333	2	311	31.66666667	19.16666667	352	569.8333333	56.33333333	PMNs_IFN_B1a_PMNs_IFN_y
GIMAP4	55.83333333	15.33333333	16.33333333	32	53	9	4.333333333	3	2	108.6666667	109.8333333	31.5	PMNs_IFN_B1a_PMNs_IFN_y
IFI16	48.83333333	58	21.5	118.6666667	99.66666667	100	69.16666667	48.33333333	17.66666667	251.6666667	254.1666667	70.5	PMNs_IFN_B1a_PMNs_IFN_y
IRF1	270.6666667	47.66666667	40.33333333	119	310.5	33	419.5	111.3333333	109.3333333	579.6666667	1051.166667	128	PMNs_IFN_B1a_PMNs_IFN_y
LIMK2	75	150.3333333	19.33333333	6.333333333	10.33333333	19	90.16666667	140.6666667	17.83333333	253	430.1666667	130.6666667	PMNs_IFN_B1a_PMNs_IFN_y
PSMB9	60.16666667	7.666666667	3.5	52.66666667	61.16666667	20.66666667	53.33333333	4.333333333	4	143.3333333	152.1666667	35.83333333	PMNs_IFN_B1a_PMNs_IFN_y
SECTM1	544	299	103.3333333	370.6666667	444.5	303	120.6666667	115.6666667	62	766.3333333	1053.833333	90.33333333	PMNs_IFN_B1a_PMNs_IFN_y
TIFA	24.33333333	18	15	12.66666667	25.66666667	24.66666667	53.5	27.66666667	29.16666667	109.3333333	300.5	63.33333333	PMNs_IFN_B1a_PMNs_IFN_y
ZNF200	6.666666667	6	2.666666667	8	9	6	6.166666667	8.333333333	3.333333333	19	30.83333333	6.333333333	PMNs_IFN_B1a_PMNs_IFN_y
ASF1B	4.333333333	11	8.5	1.333333333	2.833333333	4	2.166666667	0.333333333	0.666666667	1.333333333	2.166666667	15.83333333	PMNs_IL_4_PMNs_IL_13
BCL9	2.5	5	4.166666667	3	5	6	1.5	0.666666667	1.833333333	2	2.666666667	22.83333333	PMNs_IL_4_PMNs_IL_13
BMP6	1.166666667	5.333333333	2.5	0.666666667	1	1	4.333333333	15.33333333	4.5	11	20.5	25.66666667	PMNs_IL_4_PMNs_IL_13
C10orf128	5.333333333	4.333333333	25.16666667	7.666666667	19.66666667	17.66666667	19.5	14.66666667	39.16666667	40.33333333	60.5	98.33333333	PMNs_IL_4_PMNs_IL_13
C1RL	7.5	22.33333333	10	3	5.833333333	8	2.166666667	2	1	2.666666667	6.333333333	31.66666667	PMNs_IL_4_PMNs_IL_13
ERI1	12.66666667	24.66666667	24.33333333	15	23.83333333	28.33333333	6.333333333	7.666666667	7.833333333	24.33333333	29.66666667	81.5	PMNs_IL_4_PMNs_IL_13
FLJ23867	9.166666667	16.33333333	27.16666667	6	9.666666667	13	14.33333333	17	12.5	6	13.33333333	49.5	PMNs_IL_4_PMNs_IL_13
FRAT1	7.833333333	28	19.16666667	2	2.666666667	4.333333333	1.833333333	2.666666667	1.666666667	17	17.5	37.5	PMNs_IL_4_PMNs_IL_13
INAFM2	8.166666667	31.66666667	35.33333333	4.333333333	10.33333333	21	7	6.333333333	12.83333333	40.33333333	61.16666667	216.1666667	PMNs_IL_4_PMNs_IL_13
INHBB	0.166666667	0	0	0	0	0	0.333333333	0	0	0.333333333	1.333333333	15	PMNs_IL_4_PMNs_IL_13
MTMR10	21.5	58.33333333	52.66666667	26.66666667	34.16666667	56.33333333	15.5	13	11.16666667	19.33333333	30.5	88.5	PMNs_IL_4_PMNs_IL_13
NEK9	12.16666667	31	24.5	8.333333333	16.5	24.66666667	4.333333333	7.333333333	4	2	5.666666667	56	PMNs_IL_4_PMNs_IL_13
NFXL1	1.833333333	2	5.166666667	26.66666667	30.33333333	25	2.166666667	1.333333333	3.666666667	1	4.666666667	52.5	PMNs_IL_4_PMNs_IL_13
OXER1	0.5	0.333333333	0.5	1	1.166666667	2.666666667	0.166666667	1	0.166666667	2	2.833333333	29.16666667	PMNs_IL_4_PMNs_IL_13
RNF24	70.83333333	92	86.5	33.66666667	66.66666667	70.66666667	57	36.33333333	33.33333333	63	74.5	149.3333333	PMNs_IL_4_PMNs_IL_13
SH2D1B	0.333333333	0	0.166666667	1	0.666666667	0.333333333	0.5	1.666666667	2.166666667	0.666666667	1	70.16666667	PMNs_IL_4_PMNs_IL_13
SLA	85.66666667	237.6666667	338.8333333	77	109.5	280.3333333	18	34.33333333	104.1666667	71	105	563.3333333	PMNs_IL_4_PMNs_IL_13
SUCNR1	1.333333333	1	1.166666667	3	9.833333333	5	1.333333333	0	1	7	12.83333333	44	PMNs_IL_4_PMNs_IL_13
SYN2	1.166666667	1.333333333	3.166666667	0	0	0	2.333333333	1.666666667	6.333333333	1.666666667	2.5	22.66666667	PMNs_IL_4_PMNs_IL_13
WDR25	5	5	4.5	2.333333333	4.833333333	4.333333333	2.833333333	4	1.5	2.666666667	4.166666667	14.33333333	PMNs_IL_4_PMNs_IL_13
CASP10	15.33333333	10.33333333	6.5	26.33333333	24.16666667	13	10.33333333	1.666666667	2.333333333	18	14.83333333	31.5	PMNs_IL_4_PMNs_IL_13
CLEC4A	120.1666667	186.6666667	365.6666667	205	290	343.3333333	35.5	27.33333333	72.5	45.33333333	57	567	PMNs_IL_4_PMNs_IL_13
MAP2K6	1.833333333	0	4.166666667	7.666666667	5	2.666666667	1.666666667	1.666666667	2.5	4.666666667	2.666666667	16	PMNs_IL_4_PMNs_IL_13
RHOH	20.33333333	47	14	2.333333333	2.333333333	3.333333333	24.33333333	80.66666667	16.33333333	79.33333333	90.66666667	187.6666667	PMNs_IL_4_PMNs_IL_13
RIPK2	65.83333333	36.33333333	55.66666667	46.33333333	57.83333333	25.66666667	194.1666667	35	187.6666667	101.6666667	126.3333333	270.8333333	PMNs_IL_4_PMNs_IL_13
													
													
													
													
													
													
													
													
													
													
													
													
													
													
													
													
													
													
													
													
													
													
													
													
													
													
													
													
													
													
													
													
													
													
													
													
													
													
													
													
													
													
													
													
													
													
													
													
													
													
													
													
													
													
													
													
													
													
													
													
													
													
													
													
													
													
													
													
													
													
													
													
													
													
													
													
													
													
													
													
													
													
													
													
													
													
													
													
													
													
													
													
													
													
													
													
													
													
													
													
													
													
													
													
													
													
													
													
													
													
													
													
													
													
													
													
													
													
													
													
													
													
													
													
													
													
													
													
													
													
													
													
													
													
													