Model	Basis	truePos	falsePos	falseNeg	trueNeg	TestAccuracy	Sensitivity	Specificity	Precision	Recall	BalancedAccuracy	TestROC_AUC	TestPR_AUC
lasso_model_7_10yrs_min.max_norm	curated_basis12	25	25	4	44	0.704081632653061	0.5	0.916666666666667	0.862068965517241	0.5	0.708333333333333	0.8296	0.7727
lasso_model_7_10yrs_min.max_norm	immunoStates_basis	37	13	29	19	0.571428571428571	0.74	0.395833333333333	0.560606060606061	0.74	0.567916666666667	0.7079	0.6916
lasso_model_7_10yrs_min.max_norm	LM22	32	18	8	40	0.73469387755102	0.64	0.833333333333333	0.8	0.64	0.736666666666667	0.8237	0.8067
lasso_model_7_2yrs_min.max_norm	curated_basis12	26	6	4	30	0.848484848484849	0.8125	0.882352941176471	0.866666666666667	0.8125	0.847426470588235	0.8971	0.903
lasso_model_7_2yrs_min.max_norm	immunoStates_basis	25	7	6	28	0.803030303030303	0.78125	0.823529411764706	0.806451612903226	0.78125	0.802389705882353	0.8676	0.8648
lasso_model_7_2yrs_min.max_norm	LM22	21	11	2	32	0.803030303030303	0.65625	0.941176470588235	0.91304347826087	0.65625	0.798713235294118	0.8281	0.7986
lasso_model_7_5yrs_min.max_norm	curated_basis12	46	10	8	26	0.8	0.821428571428571	0.764705882352941	0.851851851851852	0.821428571428571	0.793067226890756	0.8456	0.7429
lasso_model_7_5yrs_min.max_norm	immunoStates_basis	27	29	3	31	0.644444444444444	0.482142857142857	0.911764705882353	0.9	0.482142857142857	0.696953781512605	0.7631	0.6039
lasso_model_7_5yrs_min.max_norm	LM22	27	29	2	32	0.655555555555556	0.482142857142857	0.941176470588235	0.931034482758621	0.482142857142857	0.711659663865546	0.7878	0.6457
