gene	Buffer_scaled	IFN_B1a_scaled	IFN_lambda2_scaled	IFN_y_scaled	IL_10_scaled	IL_13_scaled	IL_4_scaled	cellType	cluster
HELZ2	-0.391612803080203	2.26402584516074	-0.413816741458198	-0.255526995771313	-0.431293568517148	-0.370804632642893	-0.400971103690988	DCs	1
PI4K2B	-0.373156140495887	2.25828906838662	-0.479847394315146	-0.19267056734808	-0.432463711154409	-0.357161670003813	-0.422989585069284	DCs	1
ISG20	-0.381280015294051	2.2666303108025	-0.398479314330032	-0.329123144907774	-0.391692993711945	-0.343903493824629	-0.42215134873407	DCs	1
GMPR	-0.351789184839824	2.26729738646693	-0.357233572162317	-0.36827927560278	-0.392073493030985	-0.386709218329497	-0.411212642501523	DCs	1
CCL8	-0.387373256231494	2.26533508853853	-0.401004427222284	-0.274304891973585	-0.399696644405702	-0.404992296795831	-0.397963571909636	DCs	1
DHX58	-0.422179525314226	2.25647167490454	-0.453514190093133	-0.168179550166617	-0.458002321252844	-0.348429439077687	-0.40616664900003	DCs	1
SSB	-0.465927860553266	2.25420504735856	-0.406441695904917	-0.137571907271898	-0.438489579600725	-0.388038312154268	-0.417735691873482	DCs	1
NR4A3	-0.351442970866148	2.25549589954418	-0.384379608222104	-0.439087556602524	-0.522757956785971	-0.378459639846566	-0.179368167220868	DCs	1
LY6E	-0.413526021694269	2.26522408721877	-0.315765879613826	-0.362761688578092	-0.369355802321729	-0.342876889389134	-0.460937805621722	DCs	1
ISG15	-0.382777808029823	2.2676601712493	-0.371772592689762	-0.358318834034974	-0.380880710004429	-0.392084212746184	-0.381826013744133	DCs	1
IFI44	-0.371139972096934	2.26345811703894	-0.339046740673269	-0.273978882785021	-0.447931490705833	-0.452910549200143	-0.378450481577736	DCs	1
TMEM110	-0.292645799460757	2.25899105042241	-0.406519179834191	-0.23347705584839	-0.444197119525177	-0.491778149028329	-0.390373746725563	DCs	1
KIAA0226	-0.391001024949162	2.25708719924658	-0.311340518642906	-0.204049681554914	-0.491813735014439	-0.388293324111774	-0.470588914973384	DCs	1
ATP10A	-0.263626069653359	2.26114338264873	-0.297222506987349	-0.409850145030746	-0.460851462663985	-0.464380016132681	-0.365213182180611	DCs	1
IFIT1	-0.368853418271628	2.26771461999178	-0.365852459824532	-0.382332601414288	-0.38858717224891	-0.381918970767137	-0.380169997465286	DCs	1
RABGAP1L	-0.376579495852612	2.26638237926582	-0.347393969982417	-0.391294904569956	-0.444849989426131	-0.33568815882668	-0.37057586060802	DCs	1
IFI6	-0.373132770164058	2.267334420096	-0.369604377138984	-0.379627680909511	-0.399007631334981	-0.342937025737507	-0.403024934810956	DCs	1
DDX60	-0.398599464196631	2.25730837842688	-0.365854537839096	-0.173434603964063	-0.414455176423887	-0.46820956480416	-0.436755031199043	DCs	1
IFITM1	-0.455216406147502	2.26300716179703	-0.450963330582893	-0.408778145385117	-0.319222042889269	-0.287077268764969	-0.34174996802728	DCs	1
EIF2AK2	-0.422487100593975	2.26380892280279	-0.3925788207217	-0.258648871446482	-0.441912512120763	-0.358568138041472	-0.389613479878403	DCs	1
TOR1B	-0.290711184059187	2.26369017934671	-0.361565289642044	-0.425578532673395	-0.471864962658602	-0.326868999387145	-0.387101210926337	DCs	1
MLKL	-0.398695094185366	2.26426636378438	-0.426201251422995	-0.262189425959803	-0.401827820208014	-0.358541387428442	-0.416811384579759	DCs	1
PPM1K	-0.405921059671686	2.26494539145223	-0.359044671274917	-0.279153757610031	-0.437237050377776	-0.402485253576435	-0.381103598941382	DCs	1
CNP	-0.21091436504114	2.2570508352323	-0.359660164030731	-0.418880123605342	-0.497268496142513	-0.306289459622188	-0.464038226790382	DCs	1
CXCL10	-0.406715228389084	2.26123138574812	-0.412306808262922	-0.207090594904567	-0.408383254979554	-0.415518178611841	-0.411217320600153	DCs	1
IFI44L	-0.381522769952404	2.26761512758334	-0.378529337911079	-0.355120000443542	-0.371064481606595	-0.389622565224247	-0.391755972445477	DCs	1
DDX58	-0.363969731804717	2.26726713654599	-0.381560971698059	-0.338674975095897	-0.383536073130967	-0.396942044115758	-0.402583340700594	DCs	1
SPSB1	-0.463866495014743	2.26110363751971	-0.487445621338081	-0.273214425867538	-0.330798354947008	-0.380270861477398	-0.325507878874942	DCs	1
IFIT2	-0.3767433419498	2.26736046507261	-0.378958288577808	-0.336846657760509	-0.392929622857472	-0.38992446593299	-0.391958087994029	DCs	1
IFIT3	-0.392244120727741	2.26244211029629	-0.395982362383612	-0.225310780994449	-0.413624605865891	-0.418480788135004	-0.416799452189594	DCs	1
PHACTR4	-0.462998036585134	2.25774921854835	-0.420650207757878	-0.219915202086534	-0.382944047780397	-0.482674838018822	-0.288566886319585	DCs	1
OAS3	-0.383917247002457	2.26615661168693	-0.37157853968939	-0.297911031208188	-0.409587626730435	-0.405002181477386	-0.398159985579075	DCs	1
RSAD2	-0.379206495305996	2.26765165829238	-0.379550162026571	-0.354222265761048	-0.386090770084042	-0.385142514235695	-0.383439450879025	DCs	1
C19orf66	-0.430497776050879	2.26110461545441	-0.389274038329286	-0.218519002356179	-0.373354548079433	-0.38861436774937	-0.460844882889267	DCs	1
PNPT1	-0.389608581876716	2.26308878538542	-0.246965560055399	-0.415551209613092	-0.456145223890806	-0.374600509919922	-0.380217700029486	DCs	1
APOBEC3A	-0.381495749407389	2.26756274318009	-0.383256298125076	-0.346772479021528	-0.385785595345439	-0.383054983108773	-0.387197638171889	DCs	1
OAS2	-0.399056003811997	2.26268616093371	-0.399993323728439	-0.229683619718239	-0.420969657833026	-0.389612280066023	-0.423371275775983	DCs	1
OASL	-0.357016474038474	2.2675411617519	-0.403089398010426	-0.366086367702071	-0.384474144183303	-0.373644507387085	-0.38323027043054	DCs	1
SAMD9	-0.382860198689724	2.26496187130808	-0.385710504803018	-0.27023238058324	-0.394449830676167	-0.423172046884616	-0.408536909671319	DCs	1
HERC5	-0.384605401915107	2.26761349730207	-0.382877232091293	-0.351870428612673	-0.385945158104967	-0.387637714232248	-0.374677562345781	DCs	1
GPR180	-0.238996532081779	2.25485532815873	-0.48298887484425	-0.445365312653249	-0.497916665841335	-0.244041559823445	-0.345546382914672	DCs	1
FAM46A	-0.391258224436103	2.25261408419522	-0.350336612448622	-0.14555691125566	-0.450811974139252	-0.517325825773868	-0.397324536141716	DCs	1
SIGLEC1	-0.448379995350534	2.26256297027633	-0.459940197622464	-0.277210232247722	-0.334111735209765	-0.414919412022093	-0.328001397823754	DCs	1
MX1	-0.379599273975947	2.26756111289202	-0.377116528306428	-0.356422325423082	-0.365626410453745	-0.390241946514678	-0.398554628218139	DCs	1
TDRD7	-0.40339154854831	2.26235455524815	-0.250642796719975	-0.321380810937095	-0.418177564681184	-0.416028128602469	-0.452733705759118	DCs	1
IFITM3	-0.393623436262739	2.26618503802811	-0.398389336304093	-0.3160649063942	-0.341230573454091	-0.388782225696284	-0.428094559916706	DCs	1
NT5C3A	-0.386446519466763	2.26760330203711	-0.371943575525813	-0.363202332206253	-0.363253550576333	-0.39724118455088	-0.385516139711071	DCs	1
TRIM14	-0.328092413238079	2.26220621532802	-0.397527711578115	-0.245086644525985	-0.412118661221353	-0.449323400114932	-0.430057384649558	DCs	1
IFI27	-0.398352042289461	2.26683383162741	-0.393402404774632	-0.319317826148148	-0.392361355925219	-0.400585754667964	-0.362814447821988	DCs	1
MX2	-0.383961127129091	2.26746582639073	-0.36950844978297	-0.35338510338873	-0.364634953943562	-0.399905695685421	-0.396070496460955	DCs	1
IFIH1	-0.364197096609478	2.25677198640444	-0.441085802674801	-0.164541976657093	-0.411798835203829	-0.447305434512851	-0.427842840746386	DCs	1
TNFSF10	-0.40316099567938	2.26561207709458	-0.393181011475836	-0.285456921625553	-0.365977901419275	-0.405827644636848	-0.412007602257691	DCs	1
OAS1	-0.366222118985079	2.26632106996974	-0.371022882112643	-0.310293045231696	-0.426031042894943	-0.396137863360581	-0.396614117384797	DCs	1
CMPK2	-0.39573310793285	2.26636161363446	-0.387073073353974	-0.301361654411685	-0.375900702277012	-0.403554437588093	-0.402738638070851	DCs	1
EXOSC9	-0.478867018397177	2.24807503490587	-0.141093959027105	-0.302099839055787	-0.425189395030843	-0.352574547800282	-0.548250275594673	DCs	1
CMTR1	-0.546180704834615	2.19742671252409	0.0010002609981611	-0.132848718206921	-0.477799177603606	-0.72646524950179	-0.315133123375316	DCs	1
JUP	-0.363683574953483	2.2300499098566	-0.219202980559213	-0.334974279209505	-0.762966695196627	-0.248029681846134	-0.301192698091633	DCs	1
SLFN5	-0.537554511986133	2.22915534603309	-0.0608922919715221	-0.184675214785832	-0.4835672786621	-0.540735223200571	-0.421730825426928	DCs	1
HERC6	-0.489397994133003	2.25570716791506	-0.225544620018329	-0.245715145190469	-0.466828058002614	-0.406213547610598	-0.422007802960043	DCs	1
NCOA7	-0.385864158083083	2.24732755403313	-0.18719162806987	-0.240440191136251	-0.508005076183445	-0.565697036110079	-0.360129464450403	DCs	1
CPEB2	-0.583054471060426	2.21443197769846	-0.11949655430729	-0.386218071616373	-0.708265588263593	-0.254219417295034	-0.163177875155744	DCs	1
ADAR	-0.407392965333303	2.23101762819484	-0.490506973367607	0.0233629874594763	-0.459504730839254	-0.480275334996914	-0.416700611117237	DCs	1
TRIM21	-0.370858221388578	2.20304161370621	-0.465630341329075	0.146700447499967	-0.560213502588802	-0.51365089121443	-0.43938910468529	DCs	1
GCH1	-0.426801173948231	2.18169871206613	-0.50232038685125	0.242941930014474	-0.473020657547941	-0.501634651441324	-0.52086377229186	DCs	1
SAMD9L	-0.465498045101853	2.22845873057028	-0.404955778458311	0.0394494982699612	-0.45669819774086	-0.452302624531736	-0.488453583007487	DCs	1
JADE2	-0.297540825948447	2.2145877458106	-0.592489096940118	0.069813819670333	-0.509328951735928	-0.435925506060551	-0.44911718479589	DCs	1
ATF3	-0.408868098170247	2.21507492235378	-0.488593076156121	0.0798809496255368	-0.606012495651607	-0.377131647100539	-0.414350554900804	DCs	1
DUSP5	-0.443336405227125	2.22050129720029	-0.475873618504716	0.0830066148845242	-0.46909504978336	-0.439814648434213	-0.475388190135398	DCs	1
ITSN1	-0.305996382496539	2.22092812072285	-0.535656851779041	-0.0631947034408434	-0.685798168583919	-0.398734745599282	-0.231547268823229	DCs	1
ST3GAL5	-0.316699926769089	2.21222618079978	-0.395488747963308	0.0738485666406127	-0.631486872703652	-0.494196603356518	-0.448202596647827	DCs	1
RNF213	-0.483524432839871	2.22013870688351	-0.472488004566903	0.0786580784177682	-0.425430034472497	-0.403922910865325	-0.513431402556682	DCs	1
EPSTI1	-0.418725715217581	2.21800479463148	-0.422541231909008	0.0909574471690141	-0.477626730012078	-0.50069033929638	-0.489378225365451	DCs	1
PML	-0.452576261682404	2.22492593391464	-0.476416986698385	0.0572706795053607	-0.402302290404751	-0.457110958880235	-0.493790115754222	DCs	1
APOBEC3G	-0.433246228487091	2.2305536297993	-0.466824163764029	0.0210017007764227	-0.528881265143321	-0.427247754503201	-0.395355918678076	DCs	1
TRIM5	-0.451885156414138	2.24365103055386	-0.358346940718098	-0.0685103842866003	-0.514113975701246	-0.390149785198805	-0.460644788234972	DCs	1
XAF1	-0.479671291851178	2.23224564854324	-0.388147609404495	0.0158208590860751	-0.466634581393014	-0.434515956126714	-0.479097068853911	DCs	1
SAMD4A	-0.25133904756575	2.22046851175165	-0.42001159585389	-0.0626983084988396	-0.508574838337036	-0.700191072439304	-0.277653649056828	DCs	1
MAML2	-0.341683495198322	2.17307659244909	-0.630235290168535	0.206770307029772	-0.565331406039687	-0.268891289347625	-0.573705418724692	DCs	1
MASTL	-0.602568289191559	2.2359138704784	-0.412421199564919	-0.0606300057644217	-0.484118667004143	-0.317403333907602	-0.358772375045755	DCs	1
RTP4	-0.462769068057458	2.24137117969425	-0.426851827884761	-0.0347022763850747	-0.421187443598455	-0.450313140204202	-0.445547423564302	DCs	1
C9orf91	-0.329035373167065	2.2062905204891	-0.331319802749921	0.0983350518503247	-0.585732448493206	-0.554183562734329	-0.504354385194905	DCs	1
CHRNB1	-0.953689583324885	2.08782557189414	-0.719176669659585	0.168614182672065	-0.371298582704905	-0.21888003593671	0.00660511705988299	DCs	1
BATF3	-0.874973139494292	1.99531203570925	-0.944589406834659	-0.20689393658927	-0.43330417886374	0.126184551002334	0.338264075070378	DCs	1
SOCS1	-0.655988989863753	2.16520458430155	-0.545041930437977	-0.127417442843331	-0.647495522030645	-0.350659044687362	0.161398345561515	DCs	1
RAB24	-0.946294270646072	2.09550728432958	-0.546752372456903	0.301774784803301	-0.321596188646364	-0.132871128461622	-0.449768108921924	DCs	1
MOV10	-0.619578905844925	2.17645475498773	-0.526387989701922	-0.223156539975876	-0.673632429303756	0.144769523187838	-0.278468413349088	DCs	1
RAD9A	-0.761952329854403	2.1369370776308	-0.450476195495719	0.102435600492175	-0.698595499329599	-0.385041512522435	0.056692859079185	DCs	1
ABTB2	-0.592225814931646	2.20954627411598	-0.0793998133518347	-0.653583331983724	-0.0878170273437069	-0.464457691405638	-0.332062595099426	DCs	1
EPHB2	-0.617812571857405	2.24607219797175	-0.197747226622255	-0.344896458604726	-0.439810014866296	-0.24091430971102	-0.404891616310053	DCs	1
MVB12B	-0.306067209072675	2.24135181046952	-0.124989601278107	-0.563018225149925	-0.375261274723475	-0.315536877469414	-0.556478622775927	DCs	1
SCLT1	-0.890762331399982	2.18993394162089	-0.16403136953316	-0.40535507510345	-0.400357658740478	-0.2145398366905	-0.114887670153323	DCs	1
FUT4	-0.523155611548658	2.23873192398499	-0.0511254071158906	-0.517869959412279	-0.326357367005591	-0.428712674221305	-0.391510904681271	DCs	1
MCOLN2	-0.34467258732892	2.22905164850738	-0.605571910323987	-0.264322916897127	-0.0518779597049361	-0.551832813652686	-0.410773460599727	DCs	1
SP110	-0.457427781997749	2.25041988959794	-0.436336048878936	-0.159648354013916	-0.251098838054471	-0.466997009830668	-0.478911856822201	DCs	1
ANKFY1	-0.662763681354781	2.23001488013981	-0.524074083942526	-0.165762755601063	-0.181037380764409	-0.420306514436713	-0.276070464040321	DCs	1
DDX60L	-0.402968985277562	2.25875127590618	-0.396639825948257	-0.196097612507382	-0.349728051264754	-0.47243411097957	-0.440882689928653	DCs	1
SRGAP2	-0.545249606035253	2.22319234357505	-0.399815612281709	-0.0345237942176483	-0.196371294254026	-0.601606722176945	-0.445625314609472	DCs	1
PHF11	-0.472770049764587	2.24937648363213	-0.577443439840503	-0.20615592342713	-0.253680254950563	-0.32968227459571	-0.409644541053634	DCs	1
SP100	-0.355027495307214	2.25721069445702	-0.451635438225632	-0.225282099414374	-0.282454311405127	-0.470482080855337	-0.472329269249339	DCs	1
LGALS3BP	-0.377455815688226	2.24853210711116	-0.309481392330145	-0.271265852594478	-0.249419438159748	-0.401479779451281	-0.639429828887279	DCs	1
DYNLT1	-0.394720150031995	2.25529931375173	-0.51875785474736	-0.167889006942819	-0.36362126735099	-0.404114963514664	-0.406196071163898	DCs	1
CXorf21	-0.410320574531745	2.25187320737663	-0.581003348428487	-0.33770671666449	-0.21418005907803	-0.432174023246908	-0.276488485426974	DCs	1
TNFSF13B	-0.407780467788668	2.24868363911793	-0.331718476480805	-0.158705531412874	-0.303123789813548	-0.551531920198394	-0.495823453423643	DCs	1
IFI35	-0.490832762901015	2.23620852834521	-0.477666045261427	-0.0504157244083461	-0.256324091221391	-0.467946968247921	-0.493022936305108	DCs	1
IRF2	-0.513171695052291	2.24090222214696	-0.411887294747753	-0.100651897342883	-0.236527932643128	-0.475303093268191	-0.503360309092711	DCs	1
PLSCR1	-0.536861136551297	2.23888443197951	-0.460812485512768	-0.282440614089296	-0.0607033611647931	-0.456410923447494	-0.441655911213862	DCs	1
SMCHD1	-0.484779810273001	2.24960392684237	-0.325998054046453	-0.140136319783465	-0.339900451824081	-0.519313432922521	-0.439475857992848	DCs	1
PARP10	-0.587509233464624	2.23969056117488	-0.402118086097136	-0.236947458517203	-0.108965275741342	-0.46097851773073	-0.443171989623847	DCs	1
CBR1	-0.42556583802001	2.2539791111435	-0.490726147448192	-0.15426613205559	-0.332797505400921	-0.451073671391092	-0.399549816827694	DCs	1
CD2AP	-0.637921368289297	2.23981985094057	-0.349372496312036	-0.149202519627092	-0.245082730950782	-0.386772375604091	-0.471468360157271	DCs	1
MNDA	-0.420576241496417	2.22190867833051	-0.488694376121306	-0.0786636427691392	-0.114939216157103	-0.590310241835978	-0.528724959950571	DCs	1
C1GALT1	-0.584630172377859	2.22365364019203	-0.621455740155782	-0.118532677739818	-0.289261881063994	-0.452755990960979	-0.157017177893603	DCs	1
IRF7	-0.412781875924826	2.25854590432708	-0.447717812989754	-0.262074309425436	-0.245869922469953	-0.482830271266334	-0.40727171225078	DCs	1
TRIM25	-0.37988441668778	2.24744422266563	-0.44534481335158	-0.227774675690516	-0.170082591931637	-0.533232696280972	-0.491125028723149	DCs	1
MT2A	-0.436520311384071	2.24939774216043	-0.38299972335613	-0.111350555142339	-0.358164709359808	-0.504077990871733	-0.456284452046352	DCs	1
TRIM22	-0.318050084209253	2.23811017180074	-0.411379165592691	-0.110345967647261	-0.29983560011858	-0.462514016534384	-0.635985337698571	DCs	1
PSMB8	-0.489470562303884	2.18671430539826	-0.511797951827916	0.204913829157605	-0.362144608055705	-0.60074041377595	-0.427474598592406	DCs	1
CASP10	-0.407858903979751	2.22067248510043	-0.356045465312145	0.0406153649058392	-0.400332538255865	-0.471647903741646	-0.625403038716859	DCs	1
CCL7	-0.563668069835371	2.21602177975781	-0.348089445180494	0.0550591504809374	-0.39340151405076	-0.597111500190361	-0.368810400981762	DCs	1
XRN1	-0.642084109338755	2.22379484967317	-0.426795082264153	0.0142701338280326	-0.409312561094637	-0.423904490160462	-0.335968740643191	DCs	1
NRIP1	-0.626953723625549	2.19280742832262	-0.41337438687159	0.0575737303752113	-0.155679493903914	-0.675920754019925	-0.37845280027685	DCs	1
NUB1	-0.581766871756239	2.21745446745311	-0.411640958836668	0.076578845406831	-0.40585497718425	-0.40208071493698	-0.492689790145806	DCs	1
ZNF618	-0.454192775632235	2.22039745442204	-0.531197151856937	0.0500807066936822	-0.400175270502392	-0.559053763609136	-0.325859199515018	DCs	1
KIAA0040	-0.464185030678639	2.20969055231463	-0.516037570728425	0.1215939543394	-0.4282646164879	-0.537333011974463	-0.385464276784603	DCs	1
SP140L	-0.41864049256322	2.20156954535257	-0.354316426509431	0.124398421536414	-0.382751389530554	-0.637875054017739	-0.532384604268039	DCs	1
ETV7	-0.49666778333912	2.19775679182195	-0.43554860504249	0.183196763871483	-0.472456117551105	-0.479613266421599	-0.49666778333912	DCs	1
CCL2	-0.471544549544041	2.20565421158094	-0.42907624141336	0.107909419707555	-0.287273645638551	-0.541708103254946	-0.583961091437599	DCs	1
GTPBP1	-0.580935983938892	2.19457155858373	-0.227927161343218	0.116338710118307	-0.365951774205684	-0.53970558423837	-0.596389764975876	DCs	1
BATF2	-0.429175909759839	2.1678702417104	-0.470656631985253	0.289899809711277	-0.487434445231614	-0.53347040972869	-0.537032654716282	DCs	1
MB21D1	-0.565486974666323	2.13055173524912	-0.59886033827143	0.32964945503046	-0.677855748953079	-0.416753547206665	-0.201244581182086	DCs	1
ASCL2	-0.409148236074019	2.07388647844493	-0.492080182199844	0.540843195280937	-0.681446462156183	-0.516526835175546	-0.51552795812027	DCs	1
PARP14	-0.475501428462328	2.17711782409128	-0.473780712763219	0.262503532832381	-0.498974709220338	-0.483382858437271	-0.5079816480405	DCs	1
ZNFX1	-0.531824289148236	2.10673666231257	-0.504825849678832	0.476234062885729	-0.52493580725101	-0.509191599777757	-0.512193179342469	DCs	1
NCF1C	-0.568243814522932	2.07043155037102	-0.28234766491559	0.525331383271368	-0.612119722218819	-0.661723629477807	-0.471328102507237	DCs	1
TAGAP	-0.683042041726522	2.13155226340436	-0.370325735982498	0.326175526162089	-0.636357535922507	-0.536549718728923	-0.231452757206001	DCs	1
APOL6	-0.524948084215324	2.10817469022425	-0.539578461184846	0.471489547629934	-0.474919304701685	-0.521867316496988	-0.51835107125534	DCs	1
IFIT5	-0.453924233097894	2.1354237167551	-0.448414649417462	0.390214665389453	-0.563350336223316	-0.557043399591758	-0.502905763814124	DCs	1
JAK2	-0.554087082342816	2.09432097241736	-0.507779181803514	0.495464532867368	-0.610924682085732	-0.528546872756606	-0.38844768629606	DCs	1
CASP8	-0.832990167906212	2.07754435232133	-0.507475681510683	0.462326259777331	-0.536463949535075	-0.406038752693924	-0.256902060452769	DCs	1
SEMA4D	-0.494843956962103	2.15306337531875	-0.338135714042552	0.321008568446098	-0.50798337340196	-0.598572424607246	-0.534536474750986	DCs	1
OSBPL5	-0.760208672659208	2.08881676289891	-0.591422249234971	-0.263210533482294	0.449575998374771	-0.536859464763095	-0.386691841134108	DCs	1
IFI16	-0.522253168930684	2.07508176831975	-0.616925507500124	0.0179914582057822	0.382933227663388	-0.659075864070994	-0.677751913687119	DCs	1
STK3	-0.838854941959659	2.12267519922296	-0.200874260225818	-0.485054458778141	0.293386678565985	-0.571496002340187	-0.319782214485138	DCs	1
MYD88	-0.474555049532518	2.13043401852948	-0.48570664360327	-0.0488600569345733	0.241819958592784	-0.610122001578412	-0.753010225473494	DCs	1
HEG1	-0.435788882419371	2.01933792109872	-0.588269236112818	-0.273543515846209	0.628449054642953	-0.725228580249447	-0.624956761113824	DCs	1
LAP3	-0.52995343790045	2.10235688231705	-0.605420162399141	0.432348658243368	-0.218358553051315	-0.609934435994947	-0.571038951214568	DCs	1
TMEM140	-0.442241525833066	2.12324032006556	-0.50774465745751	0.395957671858744	-0.321791836499365	-0.616375767675604	-0.631044204458756	DCs	1
SLAMF7	-0.500940934316415	2.05683801820105	-0.526210865577937	0.571915014916619	-0.344830802957684	-0.682452987447366	-0.574317442818272	DCs	1
DTX3L	-0.488157261030331	2.11132558032747	-0.446538158248316	0.385452116342507	-0.218868253010596	-0.616735107853804	-0.726478916526935	DCs	1
NMI	-0.514587769321023	2.11946654529271	-0.635834282414676	0.409084515837167	-0.310296190090853	-0.583958515338358	-0.483874303964972	DCs	1
PANX1	-0.451840786428978	2.12170954424197	-0.586944957302868	0.41400310272885	-0.354394632626743	-0.571341267131277	-0.571191003480953	DCs	1
APOL1	-0.470468856844829	2.01777037818432	-0.579892824961974	0.636713024055906	-0.268408783785638	-0.695011508728996	-0.640701427918791	DCs	1
PARP9	-0.553610414088281	2.1558061138498	-0.510650201846249	0.27350167060423	-0.211991591926046	-0.595759273262023	-0.557296303331429	DCs	1
CARD16	-0.657850160091455	2.12012485289461	-0.406864960225126	0.376514691717082	-0.244505503304526	-0.604585534213239	-0.582833386777344	DCs	1
UBE2L6	-0.557877681644135	2.08065109638608	-0.494865174076772	0.539261860731147	-0.463008874314022	-0.55372181554225	-0.550439411540051	DCs	1
GBP4	-0.534995600146316	2.0438610170204	-0.521709403518973	0.627591783474526	-0.552392927049983	-0.552657914358976	-0.509696955420675	DCs	1
CASP7	-0.589239141454042	2.08297723241258	-0.524930132589322	0.530326242260271	-0.435157383843008	-0.501820262472617	-0.562156554313857	DCs	1
MICB	-0.768111049838181	2.05843245655659	-0.38517316496027	0.535502528293789	-0.3058957727396	-0.580285565004883	-0.554469432307445	DCs	1
TRAFD1	-0.811219341529027	2.00487662714923	-0.6065139900018	0.642796295859729	-0.341448545892247	-0.3216663376391	-0.566824707946786	DCs	1
GBP3	-0.511458208239616	2.03834065512965	-0.651312909496231	0.613765974732874	-0.326568789888923	-0.581768946662527	-0.580997775575229	DCs	1
STAT2	-0.636056732086503	2.03748430341461	-0.581888169186474	0.616281322533054	-0.487978214275836	-0.335415682934637	-0.612426827464217	DCs	1
LRRC3	-0.842503190214614	2.05036194412772	-0.618202172786604	0.528816050264542	-0.413974097658229	-0.30300352822979	-0.401495005503025	DCs	1
SERPING1	-0.600432109158985	1.99322336717184	-0.545773748837262	0.72029859324889	-0.380334271587033	-0.612540206509306	-0.57444162432814	DCs	1
PSMB9	-0.642899874873234	1.8782355461999	-0.648864592019357	0.927378080505194	-0.570800722731861	-0.410811870167678	-0.532236566912969	DCs	1
LOC100419583	-0.490984988027227	1.83551696358649	-0.494201092451559	0.977308696913053	-0.396552253503541	-0.783311838894822	-0.647775487622389	DCs	1
GBP1	-0.579478645534648	1.65257214765439	-0.576751033861478	1.25571591580649	-0.56608636035508	-0.596659702453476	-0.589312321256191	DCs	1
STAT1	-0.565834626773817	1.95029006672971	-0.528734521098551	0.814283940393064	-0.50580153599831	-0.587643259857369	-0.576560063394729	DCs	1
GIMAP2	-0.781334582671957	1.87075132007754	-0.412108391678362	0.90573654313764	-0.328482699004228	-0.676013674501377	-0.578548515359253	DCs	1
NLRC5	-0.604184147592036	1.90336920562722	-0.515863729655996	0.895016961305042	-0.511186012111323	-0.547917508904817	-0.619234768668094	DCs	1
TAP1	-0.579987422241802	1.8246234340394	-0.577860568764005	1.02279925945366	-0.520338175514425	-0.587255214654059	-0.581981312318774	DCs	1
VAMP5	-0.418709716383252	1.92613112961485	-0.394896977850094	0.830157058568225	-0.575898191591601	-0.639291452494135	-0.727491849863997	DCs	1
RHBDF2	-0.701210191842522	1.89770249171378	-0.689683732124309	0.60666154727766	0.284510496965784	-0.647968164414211	-0.750012447576179	DCs	1
POLA2	-1.0989686870324	1.85016569660176	-0.742537009763916	0.4810253038346	0.335075153581768	-0.671241100312186	-0.153519356909626	DCs	1
LMO4	-1.15697810637611	1.87928381925847	-0.448540081642667	0.665657242183657	-0.160795575588951	-0.109652454315021	-0.668974843519383	DCs	1
SECTM1	-0.72219492882782	1.79373302936074	-0.69441295796604	0.855177499338161	0.186929326905996	-0.657817679968243	-0.761414288842795	DCs	1
FAM111A	-1.04252281366761	1.77759706192641	-0.625986251032474	0.937333490775043	-0.143659920145156	-0.61678122550509	-0.28598034235112	DCs	1
IL21R	-0.511480968793245	-0.46847810490522	-0.405773530341807	-0.129340524727368	2.24821999879522	-0.282048216807875	-0.451098653219709	DCs	2
NAMPT	-0.450658486276143	0.223005379470071	-0.438984291343399	-0.302006086259242	2.17398076419334	-0.675638850214242	-0.529698429570385	DCs	2
SOCS3	-0.509387196180414	-0.487406760028328	-0.497888877961415	0.503402636218773	2.09557196963735	-0.536338494217339	-0.567953277468631	DCs	2
SLAMF1	-0.472461677350848	0.00772446419542037	-0.543828010028986	-0.652691881442679	2.16776576922558	-0.590508506188602	0.0839998415901102	DCs	2
FPR1	-0.396445147848718	-0.267305587639846	-0.419962793886488	-0.364710756929105	2.26468652856287	-0.413090272882219	-0.403171969376494	DCs	2
SLC16A10	-0.237488577868279	-0.562757719294489	-0.357209955021528	-0.316900315376644	2.2565064663719	-0.415339100133266	-0.366810798677691	DCs	2
TLR8	-0.437832741980059	-0.0944788650011412	-0.376255695478177	-0.00779848241062108	2.19804324993256	-0.590816844262526	-0.690860620800038	DCs	2
SLC1A3	-0.372143339368246	-0.220527926627788	-0.307203472289085	-0.570369294327841	2.25484240512431	-0.369168165719373	-0.415430206791972	DCs	2
CCR2	-0.385248555477927	-0.959727534675499	0.104436979443339	-0.463776342701888	2.14418233077441	-0.148338297584942	-0.291528579777497	DCs	2
FAM20A	-0.515457454071651	-0.455410055760982	-0.520429157060553	0.306043932422866	2.16376839628761	-0.518886997942278	-0.459628663875013	DCs	2
TNIP3	-0.389126935710137	-0.18706807272568	-0.456086374772291	-0.465542251972959	2.25728562014737	-0.430286754854793	-0.329175230111513	DCs	2
BATF	-0.690324736071779	-0.57592405201052	-0.567157565373489	-0.0258155762261885	2.15864022649957	-0.436829168130717	0.137410871313119	DCs	2
TUBB3	-0.362967549699841	-0.307503084836156	-0.182158772489489	-0.560214690659731	2.23783486731256	-0.610566475978305	-0.21442429364904	DCs	2
PTPN2	-0.561491575757383	-0.270851905739605	-0.307224770878299	-0.157073772271498	2.24499486814824	-0.437991412193327	-0.510361431308122	DCs	2
LOC731424	-0.9028171609765	0.981943247034318	-0.373104153521907	0.224789951288053	1.65570531939674	-0.668573239321174	-0.91794396389953	DCs	3
GIMAP4	-0.52965618062938	1.35085428115433	-0.482765432924115	1.56489474308561	-0.587348777409434	-0.627818525303373	-0.688160107973634	DCs	4
APOL3	-0.555436855422391	0.913127248423335	-0.501820830691363	1.89317982125219	-0.560152094789735	-0.569691875705399	-0.619205413066634	DCs	4
HCAR2	-0.473503916349637	0.557402819433328	-0.477937088342864	2.06186747002026	-0.75002278222675	-0.487680428349394	-0.430126074184939	DCs	4
FAM26F	-0.595939041530576	1.48207277492481	-0.619201776751036	1.44480903581457	-0.548834925718225	-0.577098576726673	-0.585807490012861	DCs	4
GBP2	-0.80822462299898	1.21386172154251	-0.574213815056771	1.65132726493663	-0.283044579048714	-0.5077986577348	-0.691907311639879	DCs	4
IRF1	-0.489043327760364	0.551399683228972	-0.524233769907868	2.07514988505582	-0.583955690285057	-0.464777749648789	-0.564539030682713	DCs	4
ASPHD2	-0.463642175753404	1.45118947354215	-0.655836221715246	1.45243962548624	-0.422847728444721	-0.550248389220781	-0.811054583894236	DCs	4
GBP5	-0.551229649780384	0.809643774476508	-0.545292253029721	1.95371518360716	-0.550912134133468	-0.565955502443766	-0.549969418696329	DCs	4
