gene	Buffer_scaled	IFN_B1a_scaled	IFN_lambda2_scaled	IFN_y_scaled	IL_10_scaled	IL_13_scaled	IL_4_scaled	cellType	cluster
GBP2	-0.55017160759852	1.1760904048051	-0.545418132620948	1.71280954043609	-0.519070300002402	-0.665820619756623	-0.608419285262691	Macs	1
FAM26F	-0.624529387488571	1.31376682151649	-0.587716155580933	1.60234548449572	-0.539222513390346	-0.549922906604414	-0.61472134294794	Macs	1
ANKRD22	-0.555419441070967	0.867282680939671	-0.535286985312278	1.91880943762513	-0.479581555329333	-0.638560374420795	-0.577243762431431	Macs	1
PDCD1LG2	-0.914558253110529	1.29125895855773	-0.683142591141949	1.57594475501377	-0.499328061654926	-0.389252892280506	-0.380921915383581	Macs	1
VAMP5	-0.656464604967192	1.1277535504599	-0.622741990304051	1.74589019617005	-0.627658514426163	-0.482994898906403	-0.483783738026142	Macs	1
GBP1	-0.592106419398401	1.45291626914626	-0.5743757059669	1.47464480803669	-0.578713829308858	-0.596483683157888	-0.585881439350896	Macs	1
PSMB8-AS1	-0.775754605449099	1.29038883291673	-0.20220740091915	1.57104229123301	-0.792302875421173	-0.523514959213598	-0.567651283146713	Macs	1
APOL3	-0.572778562110909	1.20978230000511	-0.54820535152457	1.68928380533633	-0.579392526921537	-0.596306207234712	-0.602383457549717	Macs	1
GBP5	-0.576740600312158	0.940251885806267	-0.553040813398014	1.87803604155136	-0.566825843799787	-0.565732000551112	-0.555948669296551	Macs	1
P2RY13	-1.15223127331558	0.665093627678226	-0.597996515946888	1.86848313258693	-0.541579416662777	0.0503606404522751	-0.29213019479219	Macs	1
TIFA	-0.605706854343032	-0.51651861331536	-0.702013242200441	2.17280411888313	-0.340427645336984	-0.1391675571365	0.131029793449182	Macs	1
IRF1	-0.585245671382329	0.629425300881992	-0.522380430699274	2.04213679434639	-0.559592521873855	-0.484698915950483	-0.519644555322438	Macs	1
CIITA	-0.642707694985897	-0.323106510758005	-0.282800545664707	2.24200312203724	-0.490446250586908	-0.318411111141064	-0.184531008900654	Macs	1
APOL4	-0.467250399901653	-0.415753081376189	-0.0963746835166956	2.23599539700938	-0.507930064644311	-0.549848221951755	-0.198838945618778	Macs	1
PRR5L	-0.279012870545322	0.0863467293175312	-0.238837305299065	2.1938105234255	-0.525458398557483	-0.662266864984462	-0.574581813356703	Macs	1
RARRES3	-0.478757008912363	-0.0541651036259472	-0.479396012131352	2.2415046073649	-0.463898354133094	-0.329447335742164	-0.435840792819982	Macs	1
HAPLN3	-0.563702841530748	0.596029123872806	-0.549794415615169	2.05480868883228	-0.413777713815389	-0.555992782026601	-0.567570059717176	Macs	1
PARP8	-1.32112271201687	1.41260917407385	-0.453923135262601	1.31463329606869	-0.224261243536949	-0.294595066581419	-0.433340312744705	Macs	1
RMI2	-1.02591505934362	1.45976187274345	-0.72746750961985	1.23800558289663	-0.761080786551215	-0.373327931921588	0.190023831796196	Macs	1
ZNF575	-1.18905585344124	1.42845310669401	-0.166690970963095	1.32305651441415	-0.642756512434573	-0.188409664194166	-0.564596620075082	Macs	1
LOC100419583	-0.601861195277302	1.73962960507457	-0.596280541360143	1.13320138872778	-0.403946449040272	-0.610981944703167	-0.65976086342147	Macs	2
STAT1	-0.586097283121109	1.768727744592	-0.515552272970284	1.10226764438249	-0.548491981627706	-0.585743760932323	-0.635110090323066	Macs	2
GIMAP4	-0.729680967994386	1.8559499333168	-0.329285865081318	0.942477125625712	-0.688186997032646	-0.533827248750205	-0.517445980083961	Macs	2
IRF9	-0.653942781599734	1.83369389793448	-0.364022502812898	0.987347154142072	-0.536660540862842	-0.712738872251439	-0.553676354549643	Macs	2
GIMAP2	-0.782358987746977	1.94005062895841	-0.313040685720894	0.788535596501466	-0.484461573816567	-0.644532137997213	-0.504192840178226	Macs	2
BRSK1	-0.839717932303281	1.69019592449027	0.31214778055183	0.916948016930608	-0.496414703899996	-0.802931297663354	-0.780227788106076	Macs	2
APOL2	-0.546427296788997	1.83780456761941	-0.630407436034898	1.0009207937245	-0.566877424057569	-0.504155495190824	-0.590857709271613	Macs	2
SECTM1	-0.667735863014563	1.6611216409616	-0.644792647015093	1.22580752297807	-0.34260982943635	-0.630147732814895	-0.601643091658768	Macs	2
CASP7	-0.813043335926042	1.76408238192843	-0.487422316986163	1.0881737942594	-0.55667800393739	-0.508876571664738	-0.486235947673495	Macs	2
PSMB9	-0.531041081612333	1.8159728631229	-0.534461117793735	1.03462754671628	-0.561274356122103	-0.601100656343082	-0.622723197967922	Macs	2
TAP1	-0.604413289993994	1.79717630822179	-0.522009138621302	1.0630355120317	-0.589422771688156	-0.565213116729197	-0.579153503220848	Macs	2
BANF1	-1.17507415736071	1.45384812606242	0.367642438868046	0.810102034874165	-0.727472139417112	-1.04243542890521	0.3133891258784	Macs	2
DAPP1	-0.759357057129477	1.92323516481967	-0.468071686177132	0.81900382578339	-0.715790551765982	-0.360059628374776	-0.438960067155699	Macs	2
GIMAP6	-0.865257108531275	1.97324417747902	-0.54842110036369	0.660666474379492	-0.555523817225135	-0.545504692200563	-0.119203933537845	Macs	2
STAT4	-0.989483996492759	1.90707636565607	-0.66143428518428	0.752711713443875	-0.427569464560373	-0.409267689484123	-0.172032643378415	Macs	2
SOCS1	-1.1401842573031	1.70200061028503	-0.645866353088055	0.673786931782281	-0.750312222075828	-0.341720034798939	0.502295325198613	Macs	2
ASCL2	-0.57925867486009	2.1578377069968	-0.411741956809657	0.142624299492568	-0.81995524346851	-0.130324134778963	-0.359181996572146	Macs	2
JADE2	-0.845329848072505	2.12087348839337	-0.432133885471814	0.255549095141072	-0.658938544037523	-0.173862999521959	-0.266157306430639	Macs	2
JADE3	-0.898172329552529	2.08756514498932	-0.323747445118284	0.253782279271224	-0.496657238623763	0.0244350390634515	-0.647205450029418	Macs	2
PHLDA2	-0.805024860475425	2.01106152413803	0.00132591975128475	0.363539200327267	-0.93294873468008	-0.0936782511615885	-0.544274797899488	Macs	2
PLA2G4A	-0.764471015681477	1.93923409577146	-0.419655730537156	0.47278898387365	-0.90869710761432	0.275509756258292	-0.594708982070454	Macs	2
RBCK1	-0.736979809055277	2.20357382053742	-0.411793906190266	0.0434205852758835	-0.29383614843593	-0.501707802888523	-0.302676739243303	Macs	2
MSL3	-0.658059857829898	2.21129631735495	-0.472495780402251	0.025421052645966	-0.271236687965118	-0.542178344206383	-0.292746699597269	Macs	2
ZC3HAV1	-0.53065553318991	2.22494415277488	-0.456445771790267	-0.0127208446673749	-0.539291347922621	-0.472349978874917	-0.213480676329788	Macs	2
CYB561	-0.516139262314622	2.11584167149419	-0.373901342985112	-0.0663448751137664	-0.549816553568977	-0.863605081596106	0.253965444084396	Macs	2
TAGAP	-0.438724067447334	2.17217851174674	-0.556964187930506	0.256626141391455	-0.60659602081902	-0.455503078064905	-0.371017298876431	Macs	2
TREX1	-0.815985118305795	2.15792576971708	-0.34812023469631	0.175142598194591	-0.507486018141687	-0.487811832134807	-0.173665164633072	Macs	2
PAQR8	-0.48498242513369	2.16292257557094	-0.37664355233993	0.283314587598546	-0.506735116833988	-0.65457014456116	-0.423305924300714	Macs	2
TRIM56	-0.497128977489278	2.17643866852658	-0.509524201582577	0.2516282983748	-0.458452891969865	-0.579510779226779	-0.383450116632885	Macs	2
ZNFX1	-0.312077429273391	2.22857726175836	-0.481012606503922	0.0147299350529797	-0.527233488372066	-0.445115227278742	-0.47786844538322	Macs	2
BTN3A1	-0.340526113704805	2.21421147231388	-0.218766488140123	-0.0435515193272294	-0.416933671553898	-0.746187334603382	-0.448246344984442	Macs	2
RERE	-0.299165930918609	2.19090571275318	-0.764680714747894	0.112601145425548	-0.405101192166408	-0.43551320192243	-0.399045818423391	Macs	2
GCH1	-0.259798395804772	2.21040087462638	-0.50689557760426	0.0873446639898062	-0.492793573418762	-0.508517320558436	-0.529740671229961	Macs	2
ASPHD2	-0.22683996562984	2.17599642002022	-0.747582692904658	0.139474734450606	-0.547559185806252	-0.49827401329566	-0.295215296834414	Macs	2
DUSP5	-0.310165275696988	2.21233023214123	-0.407567548606099	0.0780276133694242	-0.540829195531718	-0.43717276151932	-0.594623064156531	Macs	2
IL15	-0.280881753242477	2.17697854237616	-0.479039222659468	0.223205186184393	-0.513849490201867	-0.608626985935676	-0.517786276521063	Macs	2
RNF138	-0.316777186341063	2.19197211212142	-0.32846722125862	-0.0411842428012967	-0.399278948953077	-0.880232662542119	-0.226031850225247	Macs	2
CPEB2	-0.182820633170746	2.23574661896641	-0.287752459318777	-0.162782586315601	-0.501482419092945	-0.575249633852182	-0.525658887216159	Macs	2
TRANK1	-0.32504103724368	2.23730379911361	-0.510469068092216	-0.0731027369395315	-0.364382503128973	-0.594353490261959	-0.369954963447253	Macs	2
IL15RA	-0.357030975055772	2.22318941509805	-0.453758110198248	0.0577435098271267	-0.50153708399383	-0.477670062078916	-0.490936693598415	Macs	2
SP140L	-0.0308819259739896	2.18113488259914	-0.378814221914004	0.0147319605929643	-0.57544620647186	-0.735582163587975	-0.475142325244273	Macs	2
GRIN3A	-0.552421242979326	2.10175403585014	-0.555369968484729	0.471719054332903	-0.422117980717949	-0.630891253659648	-0.412672644341394	Macs	2
TGIF2	-0.435092952307164	2.04599357912962	-0.660537928414996	0.531645786443004	-0.174116668445068	-0.754045068926197	-0.553846747479203	Macs	2
APOL1	-0.512169996982116	2.05169836508319	-0.559382936898799	0.6089124210734	-0.515896194050638	-0.57225470538935	-0.500906952835685	Macs	2
NLRC5	-0.633330169049929	1.92349862523288	-0.601744826555498	0.846756908950513	-0.360380638496457	-0.587061322067977	-0.58773857801353	Macs	2
TRIM21	-0.449967802622673	1.92406673640424	-0.575973586110027	0.856401200113218	-0.557201724864373	-0.637780534059332	-0.559544288861053	Macs	2
PARP9	-0.608620701356307	2.07712003270664	-0.454971839415383	0.540367053517787	-0.431765160223275	-0.552434737792588	-0.569694647436873	Macs	2
SERPING1	-0.587611941314402	2.01454244510831	-0.52965676822738	0.688737962787355	-0.485353231672418	-0.558766653994291	-0.541891812687169	Macs	2
BATF2	-0.52999904828398	2.05982673403845	-0.510567989705018	0.591500380355938	-0.551397063459065	-0.513889985088571	-0.545473027857755	Macs	2
ETV7	-0.557203430346241	1.97830070048052	-0.535412801923535	0.763356551644253	-0.545695833209801	-0.552490962964782	-0.550854223680416	Macs	2
SCO2	-0.59040083819192	2.01660771072536	-0.590739152105878	0.657257324648732	-0.309684811221944	-0.655016081009445	-0.528024152844905	Macs	2
GBP4	-0.546103286456512	1.97141178481698	-0.561914677583094	0.776474957735877	-0.533624166344789	-0.554119414109268	-0.552125198059196	Macs	2
GBP3	-0.568756937042685	2.0196743916316	-0.514337469995131	0.677857009520804	-0.484305510035962	-0.553945327213161	-0.576186156865463	Macs	2
TRAFD1	-0.625347046485961	2.07751859639379	-0.302325594255142	0.520046101530874	-0.563025884350088	-0.580213038809833	-0.526653134023642	Macs	2
DTX3L	-0.643131681264205	2.15213768311877	-0.364047980036549	0.315600156151657	-0.403076953519426	-0.55049311359766	-0.506988110852583	Macs	2
PSMB8	-0.657434134470613	2.07256797323623	-0.428282104765061	0.542707841361421	-0.59463367785593	-0.424727921802394	-0.510197975703657	Macs	2
IDO1	-0.578461899919927	2.15213444842694	-0.398623982286283	0.33607749795354	-0.485794905279459	-0.522698018205499	-0.502633140689308	Macs	2
LAP3	-0.677385871367487	2.08922430858274	-0.467261982228485	0.463870400764934	-0.236786962780089	-0.598462104160382	-0.57319778881123	Macs	2
FBXO6	-0.515437044711989	2.13934481038942	-0.607020003482036	0.352347547100855	-0.374847641441999	-0.374735299438603	-0.619652368415652	Macs	2
FANCA	-0.704507800012111	2.11265722723714	-0.705985987735725	0.314093872230326	-0.35824112919782	-0.107143639856727	-0.550872542665079	Macs	2
CASP10	-0.712153424216752	2.0899696558041	-0.492421934959802	0.432545338829054	-0.48036435491615	-0.180278293218629	-0.657296987321817	Macs	2
UBE2L6	-0.530021881278681	2.14466934862616	-0.471087858254966	0.367883227191728	-0.524567884598281	-0.499593801878535	-0.487281149807422	Macs	2
FLJ32255	-0.747459563692188	2.13038292055029	-0.186655292867809	0.316968986332915	-0.547827365197257	-0.456815426832143	-0.508594258293804	Macs	2
MOV10	-0.628650591719835	2.18806383082887	-0.360169461157908	0.194277816719472	-0.46128512584999	-0.431529141485363	-0.500707327335244	Macs	2
NMI	-0.596046584368297	2.13006398609154	-0.422449125007754	0.398012462487525	-0.422375217717663	-0.568801504633313	-0.51840401685204	Macs	2
APOL6	-0.543817097155159	2.11633924043791	-0.491214626822728	0.449705372943459	-0.525319006367303	-0.512182372056752	-0.493511510979428	Macs	2
KIAA0040	-0.771329775761556	2.12206831883512	-0.641654892026013	0.29904361688017	-0.271423500295959	-0.201481567660061	-0.535222199971704	Macs	2
CCL2	-0.518439812155215	2.10490412476579	-0.112283513342755	0.313294505814826	-0.335292762687811	-0.61885450734033	-0.833328035054507	Macs	2
STX17	-0.767298490295338	2.13420031101851	-0.365884158143537	0.301495975623157	-0.340006271499775	-0.318685945771703	-0.643821420931319	Macs	2
TAP2	-0.578251296609627	2.1362919393402	-0.55264679257901	0.383516306546834	-0.435259302971779	-0.42581897181125	-0.527831881915367	Macs	2
JAK2	-0.683561324646721	2.08952443867272	-0.550905253731749	0.499039008117695	-0.464476081274575	-0.481172481618556	-0.408448305518815	Macs	2
ADAR	-0.60345906461825	2.22230920449938	-0.309464947472245	0.0223442895519713	-0.492120315802386	-0.363871789640464	-0.475737376518005	Macs	2
GCNT2	-0.835835527910151	2.16151923491421	-0.0795876357512312	-0.146758092640871	-0.358993076583666	-0.0552041019341532	-0.685140800094137	Macs	2
BISPR	-0.795798383638492	2.15506528135511	0.0347291156371753	0.0390100308079785	-0.625124691887824	-0.368207976576318	-0.439673375697627	Macs	2
PARP11	-0.719571901317318	2.19839593387292	-0.253579965771658	0.0873693557002411	-0.481612153725744	-0.408304369586162	-0.42269689917228	Macs	2
STAT2	-0.543692285445753	2.19767968055097	-0.413025115432471	0.177682026570718	-0.443617461183347	-0.499901839199493	-0.475125005860629	Macs	2
RNF213	-0.559156893060847	2.23042162897925	-0.369565750358801	0.0116287561520278	-0.426893216665855	-0.424139106371186	-0.462295418674588	Macs	2
SERPINB9	-0.470665834832689	2.18548351872882	-0.446633849832827	0.117872180410054	-0.177721790377415	-0.720655268568451	-0.487678955527497	Macs	2
TRIM5	-0.447498841511842	2.24068410489358	-0.411644964484292	-0.0324460438662511	-0.423967264492045	-0.483741204093715	-0.441385786445438	Macs	2
PANX1	-0.368340004448915	2.21610291346434	-0.352894197752046	0.0158007569688954	-0.301372043841832	-0.548061168506211	-0.661236255884231	Macs	2
IFI35	-0.509070653733715	2.2435057435943	-0.350716708028011	-0.0712058505191553	-0.378505137708984	-0.468665112221433	-0.465342281383001	Macs	2
AIM2	-0.478341652996402	2.21464256331588	-0.410187363411824	0.108911412081551	-0.478341652996402	-0.478341652996402	-0.478341652996402	Macs	2
APOBEC3F	-0.475453922088101	2.22654747989669	-0.345631760095348	0.028318064176364	-0.53039220454657	-0.393400857277914	-0.509986800065123	Macs	2
HES4	-0.524160310636839	2.20944543626952	-0.433338711170324	0.129811562481936	-0.453208847995529	-0.499440956178336	-0.429108172770425	Macs	2
DDX60	-0.4709914003668	2.22215221453774	-0.346860213486584	0.0589504603496763	-0.505938053554358	-0.445324382963677	-0.511988624515998	Macs	2
XAF1	-0.469173182613895	2.23554611453168	-0.335942378946977	-0.0135931110076802	-0.471363991594017	-0.469272289373121	-0.476201160995984	Macs	2
TMEM229B	-0.447196690962513	2.23731414933106	-0.469134015271735	-0.0106778632245263	-0.469134015271735	-0.407016498680351	-0.434155065920206	Macs	2
GTPBP1	-0.491995256385573	2.20813946676196	-0.266003276455378	0.0655776231881773	-0.380946104173092	-0.66232937002863	-0.472443082907464	Macs	2
SP140	-0.530232385538331	2.24101755123254	-0.289401182074396	-0.0796329400599915	-0.400334733024364	-0.510703590810956	-0.430712719724503	Macs	2
C5orf56	-0.5152176281268	2.23055481243399	-0.451866945976023	0.0153393598504106	-0.479816385416303	-0.451159701683815	-0.347833511081458	Macs	2
CMTR1	-0.594360572109047	2.22723955555747	-0.207491146403034	-0.0743937292235272	-0.311285898774213	-0.510994676135544	-0.528713532912105	Macs	2
EPSTI1	-0.4676678285161	2.24526757740503	-0.337371946418321	-0.0764582895978862	-0.460741805615681	-0.465335508151671	-0.437692199105369	Macs	2
PARP12	-0.557111552931899	2.23167180118835	-0.349482710529431	-0.00023063491380542	-0.430771159016508	-0.477696981114345	-0.416378762682364	Macs	2
PML	-0.497325846122538	2.22902950168688	-0.434439668212236	0.0374019602971988	-0.450152439719325	-0.450577198576621	-0.433936309353353	Macs	2
IFIT5	-0.502372861195764	2.23179430300479	-0.37435306423778	0.0148154098238808	-0.46853256955958	-0.468228481218091	-0.433122736617453	Macs	2
PARP14	-0.507282698348098	2.20595183134662	-0.415895989895408	0.147312666170111	-0.478110071493691	-0.481093874461522	-0.470881863318011	Macs	2
PTK2B	-0.432600887468781	2.21496191211056	-0.14527825677282	-0.0290555610558605	-0.418849643300384	-0.560357655075472	-0.628819908437238	Macs	2
SP110	-0.474600076267677	2.24412750888255	-0.377311292715568	-0.0660827294006868	-0.380381015044199	-0.473934353580957	-0.471818041873465	Macs	2
IGFBP4	-0.566526825649238	2.23508367240506	-0.429356831095414	-0.0347831035183039	-0.309332252285876	-0.475971751397975	-0.419112908458254	Macs	2
RTP4	-0.466451546770799	2.24432087536597	-0.426901187571545	-0.0555586142290388	-0.440674788060649	-0.445191141624828	-0.409543597109115	Macs	2
PHF11	-0.553059116257011	2.23738275997205	-0.301237162852778	-0.064976073147236	-0.346840533788321	-0.51110394815601	-0.460165925770695	Macs	2
LYSMD2	-0.440480438489342	2.23418443180802	-0.397109441368689	-0.010062591977529	-0.423294046217375	-0.563802455777049	-0.399435457978041	Macs	2
DYNLT1	-0.574478787267082	2.19395773720988	-0.27184254058584	0.1565289270451	-0.473327856878757	-0.552645636963504	-0.478191842559801	Macs	2
APEX1	-1.63255330475407	1.35252113818161	-0.830881395684021	0.524172485302154	0.493554021018906	-0.335766318581281	0.428953374516697	Macs	2
RGS3	-1.45788055549775	1.26011953211887	-0.174631182673271	0.518228480645698	0.737770742831701	0.283778979003229	-1.16738599642848	Macs	2
FZD2	-0.898138914050706	1.46910926717225	-1.05815771095562	0.990060457509606	0.55973162126145	-0.362064189421406	-0.700540531515573	Macs	2
GADD45B	-0.65993074883061	1.57492532914593	-1.08150189959442	0.53074572975375	0.896889832309299	-0.759270438662715	-0.50185780412124	Macs	2
LOC731424	-0.542597173940595	1.91574768872497	-0.368938397658516	0.255523454845584	0.509588705906133	-0.952324807386732	-0.816999470490839	Macs	2
MEFV	-0.608296968354349	2.10113746369609	-0.252414650648484	0.245943065158737	-0.0208458879624629	-0.64143354454634	-0.824089477343191	Macs	2
MLKL	-0.777895885949657	2.10012551751231	-0.449310417078041	0.295596312898421	-0.00768501567477976	-0.683543749249291	-0.477286762458965	Macs	2
NOD2	-1.16377094142369	1.89951063769984	-0.212195235874374	0.528037855072296	0.1011997549877	-0.715945858234601	-0.436836212227177	Macs	2
HIVEP2	-0.723098611517789	2.12112518925419	-0.28635991978652	-0.146192313687544	0.289889651438222	-0.591788109586673	-0.663575886113884	Macs	2
IER2	-0.652396666512336	2.20322616187487	-0.440614730863251	-0.266351081860402	-0.041363899417333	-0.144954255594981	-0.657545527626569	Macs	2
IFI16	-0.644643995889271	2.18296893820625	-0.613184843809368	0.038630666648805	-0.033837472814762	-0.401485099095531	-0.528448193246125	Macs	2
STARD4	-0.39602121526986	2.21726680751157	-0.633391070789138	-0.0874964964005299	-0.11071354512144	-0.405101482824286	-0.584542997106321	Macs	2
ARL6IP6	-0.522274560034836	2.16934105427179	-0.674931750885578	-0.00885380860170802	-0.137126124686549	-0.0925247909848098	-0.733630019078305	Macs	2
TMEM62	-0.317268392466607	2.19546702641287	-0.561350175572126	-0.0410192074193492	-0.0478642779650063	-0.66978898940149	-0.558175983588288	Macs	2
LMNB1	-0.630502786174108	2.10782879737861	-0.786712817018933	0.284655498667142	-0.0871235763989923	-0.274386382184194	-0.613758734269528	Macs	2
IFIT3	-0.415113075605084	2.26271738679801	-0.38064227963054	-0.230264676860171	-0.418891626068143	-0.406966862193586	-0.410838866440488	Macs	2
C19orf66	-0.395334671418225	2.25210314721103	-0.363352648150121	-0.127026546106431	-0.429575707697664	-0.457546380496629	-0.479267193341957	Macs	2
TDRD7	-0.479274696346957	2.25367528878206	-0.36901476246428	-0.140302360990407	-0.398472291270423	-0.40986228296235	-0.456748894747638	Macs	2
OAS1	-0.421118365216651	2.26168564083874	-0.316360805447802	-0.240151197992945	-0.43521095854498	-0.423059338770626	-0.425784974865734	Macs	2
MDK	-0.441841837569989	2.25991739364423	-0.411632575852946	-0.221984691768567	-0.326382724855461	-0.474634185651658	-0.383441377945612	Macs	2
SELL	-0.390543928808412	2.25677060677886	-0.488487936109583	-0.185007964669345	-0.335204709493804	-0.400693640581343	-0.456832427116369	Macs	2
IL27	-0.421629821647027	2.25949590793095	-0.400933252777089	-0.186401725237659	-0.407271464975122	-0.421629821647027	-0.421629821647027	Macs	2
TNFSF13B	-0.412136910554224	2.25958395094768	-0.392885109166194	-0.188402715996937	-0.432804762131049	-0.418851945544389	-0.41450250755489	Macs	2
APOBEC3G	-0.512719605570041	2.25626537003461	-0.320630619837908	-0.190113623156227	-0.434066094323617	-0.403579983055693	-0.395155444091126	Macs	2
CXCL10	-0.421637716695	2.2572184056354	-0.414130928939926	-0.160665131675889	-0.417896410090148	-0.420634635682506	-0.422253582551933	Macs	2
LGALS9	-0.376126679516572	2.25893669801175	-0.334760965026348	-0.206705727718747	-0.439904757115728	-0.474484930854469	-0.426953637779888	Macs	2
TRIM14	-0.458349126607377	2.2612322852918	-0.308991549593834	-0.245799485447989	-0.406970686929158	-0.393323889830444	-0.447797546883	Macs	2
C9orf91	-0.37149990881359	2.24631960659326	-0.351654862656385	-0.100747285090045	-0.421466676697731	-0.457817495313832	-0.543133378021677	Macs	2
TRIM22	-0.51242657394545	2.25848242289364	-0.384111870971299	-0.210339815209489	-0.408367809940761	-0.340578055325835	-0.402658297500801	Macs	2
KIAA0226	-0.489204995669119	2.25371131189393	-0.383003756797099	-0.138327827114763	-0.4169638471787	-0.42837413877107	-0.397836746363175	Macs	2
NCF1C	-0.474756459242131	2.24271576699448	-0.384273178866002	-0.0664569879576957	-0.536619074464816	-0.397848793111578	-0.382761273352255	Macs	2
FAM8A1	-0.369043997822471	2.2516056384111	-0.360559195292777	-0.152327290720754	-0.55829116638206	-0.403344087607099	-0.408039900585944	Macs	2
IFIH1	-0.369021311899333	2.26164283292972	-0.34071053089036	-0.236510845170658	-0.436957869215346	-0.436841380153172	-0.441600895600847	Macs	2
DDX60L	-0.467517936563447	2.26093265975958	-0.358862076757125	-0.21855730880128	-0.414500773769018	-0.395573296606022	-0.40592126726269	Macs	2
IRF7	-0.415902821599813	2.25195672161249	-0.405512906380889	-0.133682582980564	-0.35479558326525	-0.427540463714651	-0.514522363671326	Macs	2
CCL7	-0.478219739829934	2.25052457420249	-0.31056829910265	-0.131319861215925	-0.436643662729296	-0.410316976662416	-0.483456034662269	Macs	2
SAMD9L	-0.450427218785993	2.24960032242823	-0.391837429392873	-0.0959509941656438	-0.447633071098309	-0.420435564119414	-0.443316044865993	Macs	2
CBR1	-0.55163057337582	2.25610595844557	-0.387268700489158	-0.210593922583768	-0.414807610779179	-0.345563024644466	-0.346242126573179	Macs	2
NEURL3	-0.396051655285061	2.24548364636477	-0.42105580156553	-0.0778755914055089	-0.521635504262226	-0.382957054233235	-0.445908039613207	Macs	2
NCOA7	-0.503488365816362	2.25125529668865	-0.320158508909595	-0.134427016313771	-0.419681697602667	-0.428283337751958	-0.445216370294295	Macs	2
BST2	-0.481658794343096	2.2517440034869	-0.331354564585359	-0.19265495100462	-0.471971463183382	-0.267959232995644	-0.506144997374797	Macs	2
BLNK	-0.414093621676944	2.23632839967879	-0.412304130493257	-0.252849089748328	-0.512435445952996	-0.0742706299277377	-0.570375481879528	Macs	2
KIAA1958	-0.421346030935522	2.19158947541374	-0.535740159782892	-0.0342819152336945	-0.531137324430975	0.00106692990798064	-0.670150974938636	Macs	2
FGD2	-0.447399576582238	2.23716748584995	-0.521733500821166	-0.108626884919906	-0.590385227295117	-0.299705056610896	-0.269317239620631	Macs	2
BCL2L13	-0.514043055175642	2.2353303448036	-0.452535167520305	-0.148778101963691	-0.508767534293303	-0.123252074248636	-0.487954411602025	Macs	2
ADCY7	-1.32381792864971	1.99224451776035	0.0905278003041712	-0.110376569254087	-0.323560200391147	-0.386763323455534	0.0617457036859544	Macs	2
MTHFD2L	-1.43378390544467	1.76524528237967	0.552359572866819	0.216054195871304	-0.243233727431543	-0.269713669004021	-0.586927749237566	Macs	2
TMEM14B	-1.2709713339161	1.92060663572687	0.199023763110069	0.302569650114655	-0.646230058543516	-0.351539869485281	-0.153458787006695	Macs	2
TMEM255A	-1.6257930925108	1.7414318704605	0.211355809332788	0.102794809946613	0.228003321828477	-0.310970618113937	-0.346822100943643	Macs	2
LOC648987	-1.3823861774764	1.85907528933191	-0.0316774624257665	0.401070934851837	0.0676636476525539	-0.613304748171767	-0.300441483762364	Macs	2
FMNL2	-1.09850075214817	2.03059506944385	0.0763435652928783	-0.0477305696377975	0.0458126331560715	-0.226462921110579	-0.780057024996259	Macs	2
ZC3H7B	-0.838786482671412	2.17901938811572	-0.636720928750334	-0.224549566055117	-0.130774046653465	-0.0881980985727712	-0.259990265412618	Macs	2
UBA7	-0.720887303154767	2.22067252194346	-0.352062494278153	-0.213657829078301	-0.0918827782439266	-0.511256391283559	-0.330925725904757	Macs	2
LOC100505549	-0.769907574719649	2.17360779723433	-0.415335555296933	-0.470191223094674	0.116281395315745	-0.124483774062632	-0.509971065376182	Macs	2
LSM2	-1.03229610535012	2.14318762070832	-0.206453683803067	-0.159770717580375	-0.147767053627594	-0.489475976592624	-0.107424083754537	Macs	2
IRF2	-0.784656913708137	2.20285234529679	-0.351604952809422	-0.0902289912240636	-0.123887174793652	-0.323078298652621	-0.529396014108896	Macs	2
LILRA5	-0.789469904368914	2.16481012667533	-0.247635559243393	-0.300271390450063	0.142207539415049	-0.640582196857301	-0.329058615170709	Macs	2
NT5C2	-0.980529805028956	2.17019472845262	-0.323628993707463	-0.151182546671474	-0.173722625006615	-0.381546131795192	-0.15958462624292	Macs	2
PLSCR1	-0.399727703943532	2.22145993923434	-0.434344544973995	-0.375494980969174	0.0358299134114453	-0.410864172522717	-0.636858450236363	Macs	2
RAB24	-0.603976827354224	2.22935848506742	-0.382474338534005	-0.11856306219722	-0.179352486062899	-0.586856892610337	-0.358134878308736	Macs	2
PARP10	-0.42312443714229	2.25404607729488	-0.256106818273273	-0.226368151480152	-0.342337988318763	-0.496492655698727	-0.509616026381679	Macs	2
GPBAR1	-0.592254869515272	2.23885752081807	-0.192886974799192	-0.283495346554028	-0.197340000678523	-0.42734265606814	-0.545537673202919	Macs	2
ARHGEF3	-0.57550136498149	2.22124106663893	-0.17281560541318	-0.195536014905745	-0.317330576991167	-0.709411440340471	-0.250646064006882	Macs	2
FFAR2	-0.506941553730503	2.24726476174933	-0.283523124602191	-0.280709802285001	-0.211257625814542	-0.373910139885553	-0.590922515431537	Macs	2
OAS2	-0.399630906767412	2.26622410269491	-0.343589900063113	-0.311080810721289	-0.408164167862504	-0.395304195873185	-0.408454121407403	Macs	2
IFIT2	-0.386369511206343	2.26729321465945	-0.373283893326843	-0.333844986723027	-0.394212159891239	-0.393595787149337	-0.385986876362662	Macs	2
AXL	-0.408730755045782	2.26550175948847	-0.384352176098333	-0.282156767309056	-0.408730755045782	-0.372800550943732	-0.408730755045782	Macs	2
MRPL17	-0.506133392514563	2.26115319500146	-0.307396989644094	-0.266721088968966	-0.412399789874064	-0.386593103255074	-0.381908830744699	Macs	2
GMPR	-0.304932160486054	2.26613301508905	-0.406725564378397	-0.348908507590241	-0.398408216869677	-0.406140691091257	-0.401017874673423	Macs	2
ATP10A	-0.414153333404611	2.26652221952467	-0.368504676405594	-0.315797853108699	-0.384528084213272	-0.369384938987882	-0.414153333404611	Macs	2
RABGAP1L	-0.327271556248948	2.26577468446137	-0.33146941169622	-0.381684827584276	-0.39902580806785	-0.45174014031302	-0.374582940551054	Macs	2
ISG20	-0.415012734988245	2.26655047369151	-0.406265330225578	-0.359907480994864	-0.376733764607783	-0.392532558637645	-0.316098604237397	Macs	2
APOBEC3A	-0.371471694546431	2.26760558796648	-0.385718961665636	-0.353018582173137	-0.384408523008479	-0.381623684872303	-0.391364141700495	Macs	2
CNP	-0.414082690721556	2.26282482744278	-0.305970558617724	-0.314786217713401	-0.317106393288025	-0.460144211575126	-0.450734755526954	Macs	2
ISG15	-0.368528228201135	2.26770447088774	-0.372201328522163	-0.371892722560793	-0.385140167464923	-0.377000979917336	-0.392941044221392	Macs	2
IFI44L	-0.388842430036347	2.2675739576633	-0.366001622583305	-0.353200449735638	-0.388842430036347	-0.381844595235315	-0.388842430036347	Macs	2
TMEM110	-0.529389028338928	2.26179976369941	-0.35417630184776	-0.393050891130466	-0.30949839120427	-0.335125603431754	-0.340559547746232	Macs	2
OAS3	-0.399876156546978	2.2660616495014	-0.322229542155514	-0.324038170375817	-0.41334422026826	-0.396317275563257	-0.410256284591575	Macs	2
IFI44	-0.373870999811026	2.26607349453293	-0.401116996808709	-0.294810088765793	-0.412787709858693	-0.393043547679467	-0.390444151609237	Macs	2
IFIT1	-0.381351788000901	2.26762881342871	-0.370446600070167	-0.355280602042201	-0.390085851940759	-0.384507027821291	-0.385956943553393	Macs	2
SSB	-0.51595627817107	2.25595296630814	-0.452843821905313	-0.27017575927719	-0.310052007893154	-0.252469803646504	-0.454455295414911	Macs	2
TOR1B	-0.445938245717491	2.26270533196549	-0.271255828403962	-0.324359662323433	-0.424668023764597	-0.448135554371297	-0.348348017384711	Macs	2
HERC6	-0.436045778883499	2.26664934421987	-0.383254882301894	-0.348763672497953	-0.374937381381702	-0.336989972195195	-0.386657656959632	Macs	2
LGALS3BP	-0.412307756890184	2.26325589589426	-0.464450127754111	-0.258398860769796	-0.362853569106666	-0.401702339565406	-0.363543241808098	Macs	2
CXCL11	-0.414507566253437	2.26460392601216	-0.414507566253437	-0.264749473162205	-0.380208691823075	-0.414507566253437	-0.376123062266572	Macs	2
PPM1K	-0.368759485691618	2.26595354798554	-0.398894949878038	-0.297176481769692	-0.423716554283026	-0.375973239041187	-0.401432837321979	Macs	2
HSPA1B	-0.452091799517222	2.25791729424289	-0.512555601953604	-0.30746537870837	-0.228057086091624	-0.355703947542269	-0.402043480429796	Macs	2
MX2	-0.398416709897393	2.26736847829931	-0.342529270602727	-0.366600336217077	-0.388625011463264	-0.376104380923567	-0.395092769195279	Macs	2
OASL	-0.335927219655557	2.2668658406088	-0.359444064510142	-0.357177627765956	-0.415554907846238	-0.399436198046773	-0.39932582278413	Macs	2
DDX58	-0.401592315425921	2.26649471610643	-0.333572261609685	-0.327252537430038	-0.400876403678382	-0.394793843056001	-0.408407354906403	Macs	2
MX1	-0.390047068066005	2.2672173054782	-0.342106852409792	-0.351222292258346	-0.398362439804892	-0.390113795145527	-0.395364857793639	Macs	2
DHX58	-0.363245989990798	2.26349731075406	-0.409407572417686	-0.24858690426207	-0.413885972313022	-0.434452613350232	-0.393918258420255	Macs	2
MNDA	-0.334536142557405	2.26386990938826	-0.433777038708191	-0.329959031959117	-0.310235741355405	-0.471697272832097	-0.383664681976046	Macs	2
LY6E	-0.387842125657435	2.26577052666531	-0.317510917030743	-0.328130526888565	-0.430124494202605	-0.41897245842404	-0.383190004461922	Macs	2
SAMD9	-0.379337222242939	2.26502554710376	-0.398517986148409	-0.270523050789389	-0.391196295448635	-0.417417214201078	-0.408033778273316	Macs	2
IFI6	-0.377623121489077	2.26660858454394	-0.354137052324693	-0.320362559922446	-0.393959197620814	-0.411881546938615	-0.408645106248297	Macs	2
IFITM1	-0.364567259557895	2.26765814950684	-0.364765225551632	-0.38851834445703	-0.375558077426412	-0.382528851712831	-0.391720390801042	Macs	2
PNPT1	-0.390097256462858	2.26633064832405	-0.320917805277215	-0.410386420429702	-0.412877881675809	-0.395577160134315	-0.33647412434415	Macs	2
IFITM3	-0.385386845292082	2.26574331503484	-0.383631477693897	-0.286128200127672	-0.389329981465345	-0.407145510528711	-0.414121299927138	Macs	2
TCF4	-0.385782533276149	2.2650345230242	-0.299536237864418	-0.324589952375219	-0.421286286562646	-0.399838339229627	-0.434001173716144	Macs	2
SMAD3	-0.494326536721973	2.26173816955929	-0.382613167383404	-0.398665023902056	-0.249199083750737	-0.343781321441353	-0.393153036359765	Macs	2
PDGFRL	-0.383742952085972	2.26632801449474	-0.403169488249171	-0.342391326502175	-0.437767029459653	-0.332294826492608	-0.366962391705161	Macs	2
EIF2AK2	-0.429994989108794	2.26531378248061	-0.305317517686685	-0.322299730763008	-0.397905385413198	-0.396287984808774	-0.413508174700146	Macs	2
PI4K2B	-0.372520477913995	2.26595860182954	-0.372268158328502	-0.340121541264102	-0.334142914088874	-0.455994306432602	-0.390911203801469	Macs	2
CMPK2	-0.390376867901985	2.26660062223643	-0.352023839004227	-0.322597204746672	-0.421296485113432	-0.379951411303753	-0.40035481416636	Macs	2
HERC5	-0.374505596149657	2.26736921141385	-0.367755749119522	-0.344699646234996	-0.380159841763044	-0.40026877071027	-0.399979607436356	Macs	2
SAMD4A	-0.419441699995472	2.26176113425373	-0.452888497842238	-0.275744601376584	-0.452888497842238	-0.286085980769935	-0.374711856427264	Macs	2
SIGLEC1	-0.369380089169329	2.2605295971821	-0.35001086379974	-0.296294067257404	-0.515070164150442	-0.288454588598862	-0.441319824206326	Macs	2
MSR1	-0.310438194564879	2.26588483486872	-0.384599111680681	-0.398337642535832	-0.340135193610937	-0.397627658332171	-0.434747034144222	Macs	2
HELZ2	-0.453545542147746	2.26207407471186	-0.286275098588253	-0.27210436257257	-0.404743266648114	-0.431377758508932	-0.414028046246244	Macs	2
SDS	-0.397764565199816	2.26238535174458	-0.265727409703445	-0.424632973723508	-0.308011715878215	-0.467816136969206	-0.398432550270387	Macs	2
CCL8	-0.391280240731507	2.26637186839061	-0.383593856251198	-0.299656872634205	-0.400623291617275	-0.397629544378858	-0.393588062777562	Macs	2
TNFSF10	-0.407656390571172	2.2652852852777	-0.394003918460908	-0.273738873728411	-0.390280925802096	-0.407656390571172	-0.391948786143942	Macs	2
RSAD2	-0.382264122299615	2.26768050996683	-0.373182663082312	-0.358585840432313	-0.387615660445098	-0.383898277915191	-0.3821339457923	Macs	2
ZNF124	-1.16909572648634	1.94914815602776	-0.685107924933012	0.0888136072169131	-0.232862899887414	-0.3636132615097	0.41271804957179	Macs	2
SH2B2	-1.11868885494558	1.97568915244741	-0.320845767078546	-0.25752955968428	-0.225437204922366	-0.585023706511655	0.531835940695015	Macs	2
ZNF107	-1.00491057972157	2.11884396518291	-0.340217107686759	-0.460998157291601	-0.216140284815168	-0.294264256731433	0.197686421063626	Macs	2
MEF2A	-1.16849502600758	2.01288316627697	0.00331768735510343	-0.519640996160287	-0.360106062617401	-0.286215438356253	0.31825666950945	Macs	2
FOXN3-AS1	-1.20570584311575	2.04604478668498	-0.502373889580528	-0.0888871068922383	-0.0669717219765946	-0.289329633980901	0.107223408861027	Macs	2
DOCK8	-0.679774011810901	2.23984269111456	-0.31533434017271	-0.178208821231496	-0.436100266174075	-0.336618708020941	-0.293806543704435	Macs	2
MTMR11	-0.79904006221555	2.1869927245076	0.0783816071477451	-0.515818792666642	-0.353977550461392	-0.258543381200064	-0.337994545111696	Macs	2
MFN1	-1.0444587528309	2.14194159193698	-0.28668769582513	-0.331074410744205	-0.334091981379455	-0.0129365358781776	-0.132692215279115	Macs	2
HSH2D	-0.735901504198565	2.21944715499439	-0.231136042209898	-0.288020453919146	-0.531306771032091	-0.316682566806552	-0.116399816828138	Macs	2
FYCO1	-0.72584537024933	2.23541835272466	-0.353611580916538	-0.387079302671292	-0.244423703142084	-0.218010994703865	-0.306447401041552	Macs	2
FAM69A	-0.799084625693261	2.13874724621181	0.278161418841287	-0.432001337916831	-0.357656895967795	-0.575911965324968	-0.252253840150241	Macs	2
ARHGAP23	-0.634797488859214	2.22935693638575	-0.274176676156204	-0.265379764699243	-0.491509380579361	-0.483063136957236	-0.0804304891344929	Macs	2
OSBPL5	-0.61143971053688	2.2490838337192	-0.332128269656385	-0.272518168863455	-0.479333825540271	-0.285643815277096	-0.268020043845117	Macs	2
CHST12	-0.668981745392129	2.23404526883702	-0.290209181141504	-0.360476647052033	-0.445635447325626	-0.0949261889132783	-0.373816059012452	Macs	2
LOC101927027	-0.678664912750274	2.21972651992404	-0.152054357939826	-0.46107172794344	-0.343196108394961	-0.50186527627701	-0.0828741366185331	Macs	2
RIN1	-0.312522261239937	2.21030646165233	-0.000644434554787529	-0.757351021775788	-0.4069504240568	-0.434093183973557	-0.298745136051458	Macs	2
SCLT1	-0.422432853300599	2.24990326080763	-0.139581631682689	-0.546572639167584	-0.312730015446554	-0.404712429691679	-0.423873691518525	Macs	2
GPR180	-0.617316611426849	2.23914021018484	-0.351852796299955	-0.471271189332131	-0.13291723394927	-0.432826961310583	-0.232955417866057	Macs	2
EHD4	-0.593762030611631	2.22503143913783	-0.216471005320228	-0.677479128195879	-0.212950280792843	-0.198880320987201	-0.32548867323005	Macs	2
MVB12B	-0.534102677999349	2.19107079596871	-0.0707163789332563	-0.731169463035582	-0.109223718696332	-0.167684069202499	-0.578174488101688	Macs	2
RIN2	-0.69523189994555	2.23133843086943	-0.338628206734489	-0.477856846049303	-0.118373825534825	-0.301937610423981	-0.29931004218128	Macs	2
DNAAF1	-0.134560263734385	2.25359742488485	-0.456691152347633	-0.457364989698958	-0.376469499161128	-0.430030524686409	-0.398480995256334	Macs	2
SLC18B1	-0.284620844802864	2.25655787984391	-0.410754386273944	-0.474277128364461	-0.231873684395057	-0.343926374767448	-0.511105461240143	Macs	2
NT5C3A	-0.257180997122811	2.26374285681832	-0.390623677831899	-0.387627928621687	-0.360695883355222	-0.435400374530999	-0.432213995355704	Macs	2
MCOLN2	0.00926093803692197	2.1956856282039	-0.552637779975249	-0.551442411904732	-0.0491378284995768	-0.609232775204833	-0.442495770656426	Macs	2
SRGAP2	-0.301064820448065	2.25347796252311	-0.429575581974962	-0.431468667572827	-0.158099731275798	-0.464981419401424	-0.468287741850038	Macs	2
XRN1	-0.0940424331984292	2.22983613089107	-0.562292160171624	-0.195230732066848	-0.386500776911725	-0.387458558352581	-0.604311470189858	Macs	2
CCL5	-1.21341329892264	1.62378028920012	-0.792011509353934	-0.653669001096064	-0.104008563701775	0.272545611729727	0.866776472144569	Macs	2
ITSN1	-1.10740867172472	1.926518282002	-0.48183489415637	-0.583445633379279	-0.45629530467912	0.482885815101917	0.21958040683558	Macs	2
CXorf21	-0.856650335346121	1.97518278864789	-0.709981243749723	-0.187595679134601	-0.604688041524052	0.631334514630042	-0.247602003523432	Macs	2
ZCCHC2	-0.814724547968383	2.01562847727533	-0.520132418200587	-0.472801924944289	-0.707460377542923	0.527360820973258	-0.0278700295924026	Macs	2
IL1RN	-0.780675899712299	1.89964175432126	-0.664693765663383	-0.792962759115354	-0.552064307865092	0.375372525170128	0.515382452864741	Macs	2
SLFN11	-1.24628362448092	1.94865525134392	-0.420529650404274	-0.0271658662219653	-0.63239622709323	0.170482950073777	0.207237166782687	Macs	2
IFT74	-0.986096939042779	2.06690377668273	-0.491801815569963	0.0834673276038183	-0.647036223247461	0.196693507278717	-0.222129633705064	Macs	2
C14orf159	-0.846937856911687	2.17674524380537	-0.332432128253034	-0.141608609659413	-0.58745907957329	-0.0060724710744783	-0.262235098333471	Macs	2
CASP8	-0.976013782182923	2.076471778568	-0.560511666753723	-0.0242052858010935	-0.555272436812423	0.25619114010143	-0.216659747119272	Macs	2
CH25H	-0.688794264552199	2.10288453679451	-0.152596781762069	-0.524666529066786	-0.883388260714492	-0.00967540832238239	0.156236707623414	Macs	2
EVL	-0.723010236994708	2.11260040886761	-0.23171943916217	-0.0203994962032197	-0.81511665050922	-0.510243388622785	0.187888802624494	Macs	2
ST3GAL5	-0.670946567301992	2.15630470125966	-0.388810461771807	-0.158165474720999	-0.819842665958439	0.090435009360181	-0.208974540866609	Macs	2
BATF3	-0.5443531809784	2.12791254024268	-0.657799412692173	-0.312174402691901	-0.791795733056429	0.125813348107799	0.0523968410684185	Macs	2
DUSP2	-0.898630700803068	2.05057287116657	-0.453104143844817	-0.258539922814104	-0.800915998649578	0.247310577235077	0.113307317709921	Macs	2
SCIMP	-0.520952606143243	2.1423345560343	-0.726610141082831	-0.0895464704787068	-0.688235644654654	-0.306000975941331	0.189011282266462	Macs	2
ABTB2	-0.400375657707718	2.24430560382282	-0.503863793315803	-0.496346410814621	-0.481138491409801	-0.232896720233466	-0.129684530341407	Macs	2
SLC27A3	-0.524440528372783	2.24005556873425	-0.505316188721498	-0.171834807054128	-0.522543187465664	-0.347690528055246	-0.168230329064931	Macs	2
ANKFY1	-0.470914980172272	2.25902794271461	-0.35807900198166	-0.347045045094174	-0.512029946513322	-0.30996685120785	-0.260992117745333	Macs	2
TTC38	-0.437810693534347	2.25771170458977	-0.47910269060057	-0.46742193612596	-0.363620052942259	-0.27599331992866	-0.233763011457976	Macs	2
TTC9	-0.281349322920687	2.2404508183075	-0.523526500657667	-0.57267084992811	-0.471872270706719	-0.201614578220362	-0.189417295873951	Macs	2
GALM	-0.348572293055039	2.24968474615114	-0.498260986012123	-0.476419817615388	-0.500247051394349	-0.189509695234813	-0.236674902839426	Macs	2
BMPR2	-0.606463757522121	2.21359982379055	-0.632204545371134	-0.20046805806289	-0.44388446275798	-0.307825192956594	-0.0227538071198356	Macs	2
ST6GAL1	-0.356786355707854	2.17583494986741	-0.486391190488181	-0.356728803618765	-0.792124934771993	-0.347107761085918	0.1633040958053	Macs	2
CSRNP1	-0.168251598071883	2.2538013459759	-0.344984592529093	-0.492399235396455	-0.478947415076785	-0.332838913589381	-0.436379591312306	Macs	2
NUPR1	0.123501045011629	2.20422313983011	-0.391256962503056	-0.561480643930083	-0.345125682777518	-0.450173794043111	-0.579687101587968	Macs	2
EXOSC9	-0.145278341898547	2.25021962907849	-0.467742849759773	-0.44889297178536	-0.504041488350806	-0.283178051613805	-0.401085925670196	Macs	2
ENDOD1	-0.264589245221911	2.2212740461118	-0.0566911929529149	-0.23735135791204	-0.545248399663171	-0.472661295429266	-0.644732554932496	Macs	2
FAM46A	-0.11596278972229	2.24356653305456	-0.399051594951103	-0.326866479849203	-0.525620537815552	-0.322153391920369	-0.553911738796038	Macs	2
MASTL	-0.200483435124764	2.25235338701554	-0.325229339788144	-0.421114458299602	-0.568533004298508	-0.302202255209721	-0.4347908942948	Macs	2
TNK2	-0.210166940421419	2.24207625203421	-0.135084734065333	-0.399188055812366	-0.522715987499809	-0.525261856453736	-0.449658677781547	Macs	2
CDC42EP1	-0.170694340921488	2.23608839392994	-0.437043502332851	-0.601215582473702	-0.550643360996415	-0.210186045134736	-0.266305562070752	Macs	2
JUP	-0.263933156696613	2.25971097475859	-0.320449205361994	-0.513473352388597	-0.453381542711666	-0.32993979122933	-0.378533926370386	Macs	2
FCGR1A	-0.946522220117627	0.19954280815942	-0.625718191455949	1.31056783694235	1.41748102599166	-0.794778291560177	-0.560572967959676	Macs	3
FAM20A	-0.417911848083514	-0.472526652190404	-0.698231167833616	0.680741520786759	1.99601085804623	-0.737833938058144	-0.35024877266731	Macs	3
SBNO2	-1.22524972991297	0.263973075519468	-0.443565727414146	1.07629618352654	1.52887840588186	-0.689746797214291	-0.510585410386469	Macs	3
CCR2	-0.997529937840274	-0.675341452041229	-0.194507457934191	-0.533705890398142	2.03983129829209	0.178497376176389	0.182756063745361	Macs	3
NLRC4	-1.41817249572807	-0.7330319319303	0.774846142388492	-0.540901557941517	1.58112243209693	0.200065537569181	0.136071873545282	Macs	3
CCM2L	-0.468427995494642	-0.2852167924416	-0.075476835392999	-0.488087099201209	2.23629570162706	-0.333206791454575	-0.585880187642038	Macs	3
TLE3	-1.1228042167144	-0.676941951941826	-0.331039435875269	-0.348428842468542	1.97942890449307	0.190567666665112	0.309217875841854	Macs	3
KREMEN1	-1.05315301634618	-0.550041052302664	0.0892212789584351	-0.0959988127068093	2.01018756285418	0.274342707897662	-0.674558668354625	Macs	3
FAM208A	-1.77520468526131	-0.317621500241516	-0.0792873080937579	-0.319474158636699	1.36369753955001	0.831970857553153	0.295919255130115	Macs	3
SLCO4A1	-0.56192384710554	-0.288034684184513	-0.39776246545597	-0.496247861536511	2.25116910030267	-0.239241659297387	-0.267958582722745	Macs	3
PMPCA	-1.86493945645272	0.201678047358279	1.046980969287	1.03785568073265	0.218290589006704	-0.153127184405992	-0.486738645525925	Macs	4
ADRB2	-1.16549567240554	1.27760331653192	-0.037841915636116	-0.6931029301786	1.42157824543083	-0.70505178673033	-0.0976892570121652	Macs	4
ZNF469	-1.92092987698249	0.96969929956925	1.08497415789523	0.272629839009587	0.0611289032559747	-0.182762093861129	-0.284740228886423	Macs	4
ADORA3	-1.74391260393253	-0.0113010334692162	0.00919992874123709	-0.349213834296887	-0.247913630139144	1.29402410670126	1.04911706639528	Macs	4
FRAT1	-1.57890758887574	0.346447722060637	-0.00380619896105701	-1.15755151921636	0.937864074384758	0.959920132372317	0.496033378235452	Macs	4
ILF3-AS1	-1.99128810045789	-0.335964541150809	0.653523644354129	0.438932139940768	0.382082879884822	-0.203165473199626	1.0558794506286	Macs	4
ZNF512	-1.54852531187384	-0.249268780618116	0.293995587958987	-0.789404046847468	-0.0423523863729365	1.39265534719413	0.942899590559248	Macs	4
TRMT12	-1.29837516063974	-0.794205798743466	-0.0843908154995375	0.973431544710549	-0.314700088936392	1.61854011808379	-0.100299798975208	Macs	4
PPP1R10	-1.82010684157301	-0.688050677061764	0.875674279233821	0.479751546403894	-0.251422885673294	0.412429353364059	0.991725225306287	Macs	4
ZSWIM8	-1.66089983920416	-1.11471769034652	0.521943843889204	0.527263086151766	0.906858271191915	0.790669537239373	0.0288827910784223	Macs	4
EIF2AK4	-1.73406404471476	-0.674748703998021	0.0900645283495564	-0.0259986420083341	1.19583388631581	1.04292704723707	0.105985928818684	Macs	4
SYNGR1	-1.74268499793512	1.34822251176094	0.837584636948664	-0.270299626899391	-0.520918242125987	0.313320998830459	0.0347747194204431	Macs	4
DNAJC13	-1.59980490412699	1.6606376743186	-0.53028689501831	0.0959134793233241	-0.200875915163141	-0.0187123555711318	0.59312891623765	Macs	4
METTL3	-1.77103818273439	0.930454689433031	-0.0116117928785158	0.861155058156985	-0.430040486744144	-0.490304009745253	0.911384724512284	Macs	4
RBM28	-2.00709445848096	0.762644801104357	-0.221849842609273	0.210635007626211	0.0369494997634647	1.13488670617035	0.0838282864258561	Macs	4
TGM2	-0.686840416981077	-0.596949099598539	-0.39164768718625	-0.511024295898012	-0.540454068519623	0.752211755870229	1.97470381231327	Macs	5
TMEM52B	-0.673201435251128	-0.3992551417875	-0.459596527129797	-0.843985706606932	-0.448450533627235	1.04219304796959	1.782296296433	Macs	5
CXCR2	-0.649264655935915	-1.14255379195817	-0.0469584449718932	-0.165846556261461	-0.648424431234756	0.936953476409021	1.71609440395317	Macs	5
PALLD	-0.327997291151924	-0.614789191360404	-0.55149234399679	-0.578788886951592	-0.635674769297307	0.720894203607525	1.98784827915049	Macs	5
C10orf128	-0.888927834599453	-0.655521974132319	-0.0453431486666354	-0.333009395949974	-0.84822663825123	1.61827802537463	1.15275096622498	Macs	5
CD180	-0.57561144881524	-0.863953319089617	-0.343608012761015	-0.649983963455617	-0.350994159548031	0.954602323514245	1.82954858015528	Macs	5
MAOA	-0.520343263765437	-0.549320971023508	-0.62527187299918	-0.689027781636442	-0.505454233996271	1.18788944507665	1.70152867834419	Macs	5
MMP1	-0.873588292075097	-1.09652312295872	-0.167568096312807	-0.479788974177838	0.00725015379343509	0.875265254812185	1.73495307691885	Macs	5
SLC26A6	-0.880084393802333	-0.295663227375947	-0.0906625337839962	-0.685666474484388	-0.841375525359382	1.23849166074503	1.55496049406101	Macs	5
EEA1	-1.04770536494124	-0.713448020997796	-0.360842370250974	-0.257933921143127	-0.302933673912863	0.838479603232778	1.84438374801323	Macs	5
SLC4A7	-0.693586046140174	-0.710264646638423	-0.510422660871917	-0.685254100855524	0.0403311757013356	0.569672561469358	1.98952371733534	Macs	5
KCNK6	-0.789469043059327	-0.545240326818715	-0.47124665901245	-0.441491966914529	-0.516580448084945	0.845506502093199	1.91852194179677	Macs	5
SNAI3	-0.480748382388954	-0.794289436704876	-0.422162654874019	-0.564592919798472	-0.622392214354316	1.22487927803277	1.65930633008786	Macs	5
BATF	-0.83935002274484	-0.70455010008763	-0.914809572246135	-0.661278504183109	1.05546894366686	0.658227334532033	1.40629192106282	Macs	5
SLA	-0.994794697157981	-0.321076184382216	-0.450971680213922	-0.824214775370333	-0.114234788009279	0.932982021881719	1.77231010325201	Macs	5
CD1D	-1.11102480798849	1.3202648722031	-0.509727786478919	-1.01868615695576	-0.368208273362976	0.555790013791036	1.13159213879202	Macs	5
ZNF366	-1.00298438317631	0.735339711616697	-0.265667050570374	-0.927120048712407	-0.839978291670258	0.857237020367239	1.44317304214542	Macs	5
ARHGAP10	-1.01069598475409	-0.0556359072611282	-0.370101437988728	-0.383288901922079	-0.892983625582976	1.02870485135581	1.68400100615319	Macs	5
IRF4	-0.615340733248622	0.46514158111906	-0.487100607628379	-0.892827911653067	-0.893435587900773	0.648073449801353	1.77548980951043	Macs	5
PFKFB4	-1.25313816874469	0.408735818339956	-0.651939297892612	-0.737638469642987	-0.177126520694433	0.78403642461471	1.62707021402006	Macs	5
