gene	Buffer_scaled	IFN_B1a_scaled	IFN_lambda2_scaled	IFN_y_scaled	IL_10_scaled	IL_13_scaled	IL_4_scaled	cellType	cluster
IRF9	-0.676060583799674	1.99206606025415	-0.605991272643504	0.715841402310791	-0.571520239604201	-0.386053699536761	-0.4682816669808	PMNs	1
AIM2	-0.513809300107839	2.05141554810585	-0.547243025143799	0.589015597284662	-0.693418843146691	-0.379783005766633	-0.506176971225554	PMNs	1
APOL2	-0.664113472707375	2.00291703622132	-0.371836611107229	0.689355866337603	-0.639414275021984	-0.57130551417012	-0.445603029552213	PMNs	1
TRAFD1	-0.516050347604264	2.14969621752764	-0.520983969907628	0.342853839063131	-0.5784888175218	-0.484815386538149	-0.392211535018935	PMNs	1
CHMP5	-0.412122509211186	2.13905027584258	-0.265137998025607	0.329998673984279	-0.644730445148017	-0.542924257730482	-0.604133739711568	PMNs	1
IFI16	-0.585388077381878	2.00857148152592	-0.689565047571832	0.683948830350786	-0.391552280913818	-0.510890530277343	-0.51512437573183	PMNs	1
AP5B1	-0.413498044713243	2.16504729112193	-0.444391042804243	0.282195179311429	-0.416297322005025	-0.546915186930443	-0.626140873980404	PMNs	1
MICB	-0.375826527530239	2.13384210534285	-0.531989468129852	0.386005916620152	-0.548699359219242	-0.472295627160313	-0.591037039923353	PMNs	1
DAPP1	-0.649466996782981	1.9297563093106	-0.630219006170065	0.741484575363293	-0.851166627924424	-0.134614861128784	-0.405773392667638	PMNs	1
APOL1	-0.502051958640422	2.14388622688523	-0.62359441233216	0.356521010248076	-0.39718869389287	-0.497029889999303	-0.480542282268554	PMNs	1
PSMB8	-0.613546792913479	2.00623992390952	-0.812714640835899	0.614355348469792	-0.169025184638619	-0.56933628169804	-0.455972372293279	PMNs	1
RERE	-0.729640074170818	2.06555927802024	-0.547683771830962	0.535675337865585	-0.480158566596809	-0.304246364179439	-0.539505839107796	PMNs	1
FAM8A1	-0.397275195449345	2.17121136630078	-0.4963055900039	0.260876981259144	-0.389454709153219	-0.544514895483244	-0.604537957470212	PMNs	1
UBE2L6	-0.518607399141634	2.14492501612626	-0.547531773658962	0.365317266533521	-0.508737521928978	-0.488017918715565	-0.447347669214639	PMNs	1
TYMP	-0.504819779326297	2.06297056537071	-0.273897710278484	0.531373847948717	-0.525507520763635	-0.75361642287241	-0.536502980078603	PMNs	1
TRIM21	-0.561872791427375	1.92325847060687	-0.656699745344638	0.824955795463642	-0.265595557421243	-0.677420437442421	-0.586625734434831	PMNs	1
MVP	-0.801337564828957	1.96289068949727	-0.582365552721665	0.711858087661228	-0.408180648378774	-0.668026766989621	-0.21483824423948	PMNs	1
GIMAP4	-0.47504379933022	2.0325634691542	-0.700271340635327	0.632567461748327	-0.58833346787763	-0.447126636617392	-0.454355686441957	PMNs	1
NLRC5	-0.553001334415141	2.06189083779123	-0.441675147706941	0.564253904219611	-0.37769401744493	-0.645709930751344	-0.608064311692481	PMNs	1
NMI	-0.579421664568515	2.12038972803415	-0.616963401113638	0.396777989931122	-0.610652334039412	-0.405575142076686	-0.304555176167019	PMNs	1
PARP9	-0.526432521297649	2.08750603936593	-0.547974155723171	0.523129367912316	-0.464568097014743	-0.511380858210741	-0.560279775031944	PMNs	1
DTX3L	-0.51563069022422	2.12186790533159	-0.511073627093672	0.435369097545956	-0.516610341547066	-0.515724030461154	-0.498198313551433	PMNs	1
APOL6	-0.565104108550727	2.08193368503332	-0.536440354694862	0.538072769477662	-0.50105835144717	-0.521038016882089	-0.496365622936136	PMNs	1
STAT1	-0.54816739626708	1.97749749354246	-0.529072889710874	0.763716379917442	-0.515514416213049	-0.55689479745356	-0.591564373815336	PMNs	1
SERPING1	-0.515568403205732	2.08809595341781	-0.531622056157599	0.52413937477508	-0.531276432213219	-0.524204684682802	-0.509563751933543	PMNs	1
IDO1	-0.606076919359421	1.86900098827575	-0.523742981714553	0.952229132209343	-0.509836600986267	-0.606076919359421	-0.575496699065434	PMNs	1
RHBDF2	-0.591651554777873	1.8515220292781	-0.434530071119735	0.954787989966041	-0.385233136747991	-0.69012757888472	-0.704767677713823	PMNs	1
TAP1	-0.619542355476733	1.77366998215476	-0.571586412130089	1.08334755275686	-0.710558412195755	-0.543573510634987	-0.411756844474061	PMNs	1
GBP4	-0.566546917647043	1.82688042714956	-0.540080533613655	1.01989619931157	-0.574029165554168	-0.593779927592799	-0.572340082053461	PMNs	1
ETV7	-0.566123172299178	1.73512109595379	-0.569528740653647	1.15033073580538	-0.565578837976604	-0.582990729967057	-0.601230350862685	PMNs	1
SECTM1	-0.632326912899572	1.48022982667471	-0.600870786922494	1.44389943358072	-0.481555142074598	-0.604834964511772	-0.604541453846993	PMNs	1
MTVR2	-0.836605699486422	1.62715559681371	-1.32260216169131	0.916844742230192	-0.0444041040010162	-0.206738412848448	-0.133649961016707	PMNs	1
MSRB2	-0.735591601229674	1.66287823824718	-0.430181920141013	1.21890051874246	-0.486784189830524	-0.738131704850826	-0.491089340937601	PMNs	1
PSMB9	-0.595234786056249	1.89388124260485	-0.527508350352849	0.8992193311697	-0.710656177820788	-0.536874599627739	-0.422826659916928	PMNs	1
BATF2	-0.594967384825741	1.57981324417586	-0.566885525653181	1.34061830582952	-0.607193863193709	-0.581144191278764	-0.570240585053986	PMNs	1
CD69	-0.54620213854678	1.52183610405558	-0.678207077216136	1.37781967538152	-0.798254624708405	-0.491213719868882	-0.3857782190969	PMNs	1
GBP3	-0.479717851582207	1.82032972012238	-0.62509716415789	1.02641878539327	-0.570467492749027	-0.571785706875373	-0.59968029015115	PMNs	1
CXCL10	-0.603820043645859	1.68125955831681	-0.564868911727813	1.21989092786354	-0.550697316664288	-0.59261785539559	-0.589146358746802	PMNs	1
HK1	-0.675405915837931	1.55806634871688	-0.700621947567196	1.35086860035298	-0.403667407957798	-0.565125760524212	-0.564113917182731	PMNs	1
GSDMD	-0.700439482829073	1.72128266069452	-0.893849359310773	0.994886824403663	-0.847457081653545	-0.105855667772354	-0.168567893532441	PMNs	1
CMPK2	-0.399316861526769	2.26480505019573	-0.380769669555396	-0.266557843029771	-0.412728955780634	-0.41788465705959	-0.387547063243574	PMNs	1
PARP12	-0.400134153514093	2.26588952348995	-0.370562240280453	-0.290771411211412	-0.403711160552883	-0.389830567939401	-0.410879989991709	PMNs	1
FAM46A	-0.369323364625483	2.23603652601436	-0.616270106738331	-0.46467011639996	-0.11586488246721	-0.212029920113611	-0.457878135669761	PMNs	1
ISG15	-0.390561277481347	2.26715754195099	-0.390918097034135	-0.325931436439888	-0.379686726506142	-0.389165979300779	-0.390894025188703	PMNs	1
GNB4	-0.463728341425743	2.25887225849992	-0.400400613484149	-0.215991259282824	-0.45619252448955	-0.417500399060344	-0.305059120757313	PMNs	1
JUP	-0.251923044919573	2.21518262706501	0.0601440324371864	-0.538823525875795	-0.479659103043286	-0.518993228040862	-0.485927757622683	PMNs	1
KIAA0226	-0.296981040723574	2.24863728605997	-0.134271524703089	-0.420004290143926	-0.395276415767689	-0.53745597749714	-0.464648037224555	PMNs	1
ANKFY1	-0.463793385834517	2.24422344555312	-0.249705113396029	-0.1806104243696	-0.295685956166538	-0.456347972874262	-0.598080592912174	PMNs	1
APOBEC3F	-0.406057053341847	2.2553278653087	-0.330774160567599	-0.192915877906463	-0.338061632282967	-0.500939883832534	-0.486579257377292	PMNs	1
C19orf66	-0.420878853639918	2.26490238762869	-0.444233432257108	-0.317221639405287	-0.401193263120297	-0.372414077591013	-0.308961121615064	PMNs	1
GALM	-0.453577389412859	2.26164145117619	-0.483067836542856	-0.259318924404387	-0.357438314082223	-0.360494418454998	-0.347744568278872	PMNs	1
OAS2	-0.410374985957279	2.26505773327704	-0.402644047268878	-0.270931527011985	-0.385768072435594	-0.413170622965215	-0.382168477638086	PMNs	1
OASL	-0.408675792619276	2.26097786886811	-0.386347115816523	-0.33582469644929	-0.228187423541155	-0.443868308363566	-0.458074532078297	PMNs	1
DRAP1	-0.465215869380502	2.2465904274219	-0.410902657647099	-0.53438434629293	-0.102085591400493	-0.333856494082435	-0.400145468618437	PMNs	1
CPEB2	-0.53230321890262	2.25059942076337	-0.281201035155285	-0.385891186424665	-0.48381526156869	-0.164473316571645	-0.402915402140461	PMNs	1
PRKAG2	-0.369025958093096	2.24052519638602	-0.0405532772540143	-0.436088275858591	-0.419610764631029	-0.502160691111817	-0.473086229437473	PMNs	1
AZI2	-0.306096489109979	2.25600296631843	-0.278446372850876	-0.461422885887961	-0.55547553302981	-0.369313718688425	-0.285247966751375	PMNs	1
APOBEC3A	-0.420207475220826	2.26716248616004	-0.379704481726298	-0.36249953032054	-0.389317417561058	-0.370520694891572	-0.344912886439742	PMNs	1
BCL2L13	-0.412898597245415	2.23206607195269	-0.12842697757502	-0.201960068252653	-0.524741074324912	-0.640252587008547	-0.323786767546145	PMNs	1
IFIT2	-0.412323490836878	2.26161490937844	-0.432598688778805	-0.216672771755269	-0.417814204115	-0.40702448422152	-0.375181269670972	PMNs	1
SP140	-0.412108873800716	2.25604881551124	-0.477000788829198	-0.201820962010957	-0.274701174282178	-0.43366298865612	-0.456754027932069	PMNs	1
OAS3	-0.400177131459683	2.26298589375818	-0.402701398633963	-0.233188679766559	-0.425345934658206	-0.404602850941595	-0.39696989829817	PMNs	1
SAMD9	-0.410686966378808	2.25903164628284	-0.454422008706334	-0.230091920504186	-0.283370489267456	-0.420651919631626	-0.459808341794433	PMNs	1
CNP	-0.360124617934308	2.26722203083374	-0.417057979776883	-0.352625939148823	-0.37384827244052	-0.396843427964643	-0.366721793568564	PMNs	1
DDX60	-0.497357962681367	2.25239930958224	-0.430810192517455	-0.297542071465132	-0.15319221061918	-0.447644640297209	-0.425852232001895	PMNs	1
TOR1B	-0.341711237499637	2.26276663229937	-0.436435063995495	-0.272640687706984	-0.33470300065837	-0.411446080535462	-0.465830561903418	PMNs	1
ZCCHC2	-0.34468024789979	2.23647837729793	-0.179125526401958	-0.190349794583718	-0.616264980074679	-0.554980069795399	-0.35107775854239	PMNs	1
BAG1	-0.266988019646476	2.25762369569863	-0.413423537038066	-0.256002314590456	-0.534953808528098	-0.385330527331395	-0.400925488564135	PMNs	1
TNK2	-0.354011960980532	2.26521681248587	-0.379140071769499	-0.439907606477012	-0.378293557107296	-0.421335927023947	-0.292527689127588	PMNs	1
NT5C3A	-0.401397429098339	2.26705862749117	-0.398932639050597	-0.355697112958619	-0.407102872659971	-0.342822914322354	-0.361105659401292	PMNs	1
USP25	-0.367386908136006	2.26532108644839	-0.461274514773177	-0.350917765208054	-0.398927437689425	-0.378261404317451	-0.308553056324276	PMNs	1
HERC5	-0.390567651355031	2.26711857802448	-0.399027375341865	-0.328082167375195	-0.368622174156929	-0.395302538398712	-0.385516671396744	PMNs	1
HERC6	-0.405951513030333	2.26730169836923	-0.379310077227517	-0.345561988284615	-0.360904184460363	-0.376654577194801	-0.398919358171599	PMNs	1
OAS1	-0.414915181841783	2.26305721571642	-0.389813668491692	-0.23418424014598	-0.414362515453729	-0.399838389102344	-0.409943220680896	PMNs	1
SCARB2	-0.451312300206859	2.26244928415805	-0.32196921735998	-0.257008051403583	-0.393200732740875	-0.393114499861056	-0.445844482585693	PMNs	1
TNFSF13B	-0.421299289525881	2.26299068254588	-0.413264965293446	-0.234107685453235	-0.409248709679336	-0.400712883240398	-0.384357149353584	PMNs	1
HNRNPLL	-0.408029592770262	2.2569821235045	-0.168072371432015	-0.385757786006338	-0.426070186776994	-0.39375540161244	-0.475296784906449	PMNs	1
DHX58	-0.403555272991303	2.26635466914364	-0.391989675149071	-0.306586492370261	-0.366876116557639	-0.416689924934891	-0.380657187140476	PMNs	1
CACNA1A	-0.313339389484565	2.23201186535563	-0.390404725657995	-0.440816018169173	-0.0310295366459305	-0.443860375682765	-0.6125618197152	PMNs	1
EXOSC9	-0.446513255317055	2.26342791105893	-0.257733403689919	-0.34972150043541	-0.409935123082672	-0.376079534993092	-0.423445093540782	PMNs	1
KIAA0319L	-0.549918488601173	2.21571503681666	-0.509063700355819	-0.499363382916914	-0.361674193037172	0.0814565544561571	-0.377151826361742	PMNs	1
IFI6	-0.422175724389325	2.26522451978925	-0.382218853688659	-0.282212740253847	-0.425499813043316	-0.385139444160198	-0.367977944253905	PMNs	1
IFI44L	-0.378001161122398	2.26462032360324	-0.402080061103973	-0.264986419677239	-0.381705562091879	-0.422841461867509	-0.415005657740241	PMNs	1
RSAD2	-0.390866669472098	2.26671174119651	-0.388060579615078	-0.309685978975765	-0.384327519265153	-0.397546017316526	-0.396224976551894	PMNs	1
MT2A	-0.400171239282284	2.26702440779927	-0.35547089939625	-0.344489728593481	-0.416975814361811	-0.38863685743725	-0.361279868728194	PMNs	1
EIF2AK2	-0.39334637284224	2.26631602406777	-0.385579308887954	-0.310883942408818	-0.353497245792957	-0.403205653749585	-0.419803500386214	PMNs	1
HES4	-0.458769839457668	2.25488255397367	-0.327823865039299	-0.179042573866471	-0.345441583012696	-0.491860255560819	-0.451944437036722	PMNs	1
SLC25A28	-0.176147521822176	2.23869306583483	-0.51839822063989	-0.434645988954456	-0.18920568144003	-0.602099794294482	-0.318195858683794	PMNs	1
MX2	-0.384159042565046	2.26691699289561	-0.372767072531897	-0.321088667187884	-0.384109359232401	-0.396472402084943	-0.408320449293442	PMNs	1
ZBP1	-0.426748555015184	2.26249767021058	-0.421396504096932	-0.228652019557922	-0.41322073755276	-0.383136459661186	-0.389343394326598	PMNs	1
PNPT1	-0.342896858309259	2.2671334838637	-0.419010368967973	-0.379477341413462	-0.393291391906598	-0.370078327465172	-0.362379195801233	PMNs	1
HSH2D	-0.592479375848751	2.25148600496712	-0.400543133790065	-0.35795123409353	-0.373139151651251	-0.183309176865223	-0.344063932718305	PMNs	1
PPM1K	-0.468943900569721	2.26459023504026	-0.328093824060394	-0.315461909069276	-0.361637038402671	-0.421410238966595	-0.369043323971604	PMNs	1
PRKD2	-0.308301943790921	2.25632795333707	-0.273553019444665	-0.257636234591023	-0.423415291845927	-0.495531109166021	-0.497890354498517	PMNs	1
IRF5	-0.320637184541809	2.22313057727513	-0.115516488886295	-0.297803582592115	-0.759173622464783	-0.435911167606563	-0.294088531183567	PMNs	1
TDRD7	-0.350496181939065	2.26449569395898	-0.365914265396752	-0.278132433421509	-0.427374369471239	-0.408198963177607	-0.434379480552811	PMNs	1
TRIM14	-0.355366905642984	2.26397624721032	-0.334590993592738	-0.283341915224966	-0.425483555823655	-0.449574764446765	-0.41561811247921	PMNs	1
HELZ2	-0.412942691990217	2.26038918729655	-0.336967126259256	-0.213064974075614	-0.436929577567265	-0.42519208778354	-0.435292729620659	PMNs	1
LGALS9	-0.4452714762086	2.26300555194584	-0.314942470143034	-0.364457745067183	-0.281152559473102	-0.396230769798487	-0.460950531255439	PMNs	1
SRGAP2	-0.323443230450624	2.26540200837073	-0.381407237717902	-0.445038456094392	-0.398913587354296	-0.402560561798194	-0.314038934955326	PMNs	1
SAMHD1	-0.386731099546249	2.26036342177999	-0.429002951358222	-0.210930302062995	-0.449108842651048	-0.432116398085993	-0.352473828075482	PMNs	1
TNFSF10	-0.444736105786038	2.25939327705268	-0.435201116314312	-0.194389544743971	-0.360839810159297	-0.424036309802433	-0.400190390246632	PMNs	1
C1GALT1	-0.561710399237611	2.25700886377141	-0.396486650106606	-0.335232183710975	-0.341125576854765	-0.384435468276077	-0.23801858558538	PMNs	1
MX1	-0.389978133689288	2.26706216764357	-0.376405036317391	-0.322872523546334	-0.390537039320384	-0.392408969783672	-0.394860464986504	PMNs	1
TREX1	-0.406646802474716	2.26565816434797	-0.395319107132838	-0.282569314687547	-0.402819136617758	-0.38000902889446	-0.398294774540651	PMNs	1
MOV10	-0.43401532433686	2.25996013968789	-0.390537673235362	-0.201236262714211	-0.402571956111741	-0.456742062682607	-0.374856860607105	PMNs	1
TMEM123	-0.409644566052641	2.26402971274531	-0.387258382613361	-0.417573502474062	-0.448540943884785	-0.289847287666373	-0.311165030054088	PMNs	1
PANK2	-0.457311234042156	2.25268312287733	-0.349875064686142	-0.226502163320146	-0.535880198870285	-0.236487919011215	-0.446626542947385	PMNs	1
PI4K2B	-0.5046513187393	2.25499682420723	-0.375823537923034	-0.235926491031277	-0.486286256478151	-0.241941351051222	-0.410367868984242	PMNs	1
LY6E	-0.410110838333252	2.26419342918446	-0.353211639738666	-0.276057847401968	-0.458745874546106	-0.397061100947936	-0.369006128216535	PMNs	1
UNC93B1	-0.265534993322852	2.26386705383879	-0.413560552092883	-0.338385154401476	-0.434747754866353	-0.421247661723015	-0.390390937432208	PMNs	1
TRIM26	-0.412432465757563	2.26304069073459	-0.238369832049411	-0.391487716041066	-0.435152480727545	-0.376619786616572	-0.408978409542437	PMNs	1
IFI44	-0.394845633733213	2.25872456820858	-0.205240162026529	-0.331242949186356	-0.476885143568475	-0.450859897110357	-0.399650782583653	PMNs	1
RBBP6	-0.445221789750819	2.2620163707831	-0.453213884038244	-0.356293807719077	-0.238522645450496	-0.397013639084724	-0.371750604739737	PMNs	1
IFIT1	-0.38210546047548	2.2675468563304	-0.389260806932433	-0.345984647912206	-0.381237300620173	-0.386315663962276	-0.382642976427833	PMNs	1
PHF11	-0.392486142270176	2.2561902682022	-0.428492657681057	-0.206509074333904	-0.541400086933837	-0.342686373060534	-0.344615933922689	PMNs	1
C5orf56	-0.484616375222413	2.24541027032769	-0.413548166076586	-0.0674896691082587	-0.40097140812115	-0.459310200057196	-0.419474451742088	PMNs	1
ADAR	-0.700397405060955	2.20563265534741	-0.581232462709871	0.00756634210617517	-0.349468751712583	-0.378201798173664	-0.20389857979651	PMNs	1
CMTR1	-0.435190330961838	2.25704236301552	-0.471506285215268	-0.180159633381985	-0.432083610878697	-0.404403605857355	-0.33369889672038	PMNs	1
ATF3	-0.554544120307866	2.21451316621286	-0.22732105014616	0.0148968375290461	-0.372470050469671	-0.637258620019869	-0.437816162798338	PMNs	1
MOB3C	-0.435272215519976	2.23293264644152	-0.402196235482059	-0.0796640486955531	-0.212674115432825	-0.588764645379687	-0.514361385931419	PMNs	1
NUB1	-0.427377365030857	2.23674218285343	-0.479147231895937	-0.00945252730520857	-0.397612560065813	-0.446401278428898	-0.476751220126717	PMNs	1
DDX60L	-0.451756542748852	2.24371400169984	-0.45397726230135	-0.0631539982117731	-0.345751667106746	-0.449608019338599	-0.479466511992517	PMNs	1
SHISA5	-0.511995248474416	2.22254361740459	-0.52125016395819	0.0440729151315569	-0.314845188460187	-0.417166987677062	-0.501358943966296	PMNs	1
IFITM3	-0.393731058857787	2.2542006554042	-0.452844014894747	-0.14177193617943	-0.461205632017608	-0.433536399850272	-0.371111613604359	PMNs	1
DYNLT1	-0.562309867787525	2.22282409618861	-0.545474283812123	-0.0149859997724515	-0.52609520709961	-0.329425760157306	-0.244532977559589	PMNs	1
CEACAM1	-0.412349930669125	2.24239342738599	-0.655298178255207	-0.186372475400409	-0.268163471734399	-0.415900889098937	-0.304308482227917	PMNs	1
EPSTI1	-0.467525222424932	2.23970971647677	-0.360627888461108	-0.0355965901337657	-0.486092991613837	-0.473066273900984	-0.416800749942145	PMNs	1
RNF213	-0.484994590482814	2.23808528344951	-0.45873599778566	-0.0241833192483875	-0.481700973285131	-0.424668300290468	-0.363802102357051	PMNs	1
C9orf91	-0.444388540077563	2.18678364828783	-0.471886087830637	0.211254170231381	-0.45441159323546	-0.416270079352012	-0.611081518023534	PMNs	1
IRF7	-0.46080034703357	2.24201130450693	-0.405584436333413	-0.0411885581158015	-0.424350991370033	-0.473074105024816	-0.437012866629298	PMNs	1
LAP3	-0.451665507626355	2.22640948278948	-0.471965547138446	0.0481814447130483	-0.390788604486026	-0.493238376828898	-0.466932891422797	PMNs	1
RTP4	-0.562809740969658	2.24809870229724	-0.460181459885082	-0.135805227304603	-0.410725510371491	-0.330379751737385	-0.348197012029021	PMNs	1
TAP2	-0.49108089357871	2.17848271822576	-0.33374504517385	0.235400138695156	-0.584668943319728	-0.505214466276314	-0.499173508572311	PMNs	1
DDX58	-0.394752240348671	2.25272407595375	-0.44742834049301	-0.122559202598627	-0.434282178846779	-0.402485424923751	-0.451216688742914	PMNs	1
TRIM38	-0.366044236026239	2.24637270831301	-0.568648108859198	-0.128655736047954	-0.300825926697611	-0.452820923940104	-0.429377776741902	PMNs	1
IFIT3	-0.43960443250953	2.24842475767134	-0.450270715924484	-0.0852315520366727	-0.448640322466436	-0.411598968433904	-0.413078766300312	PMNs	1
SEC24D	-0.436742207413586	2.24230836166433	-0.256221814076355	-0.0969731801775201	-0.528911823661127	-0.453991785704072	-0.469467550631672	PMNs	1
TRIM5	-0.502955457693459	2.24879680706927	-0.331866683288629	-0.124333344392929	-0.372452852906411	-0.50867407469758	-0.408514394090261	PMNs	1
MIA3	-0.376259203261029	2.25161110196442	-0.522381029864611	-0.131921481986256	-0.378544932880811	-0.430950062034732	-0.411554391936977	PMNs	1
STX17	-0.391083153990066	2.24417128080012	-0.592086085787603	-0.172279455791337	-0.302222286571536	-0.515465972425156	-0.271034326234421	PMNs	1
TRANK1	-0.191140082650252	2.23268410305383	-0.434423472999849	-0.0733005407118977	-0.525126890627616	-0.503543702080795	-0.505149413983423	PMNs	1
IFI35	-0.437865150314906	2.23989852798781	-0.456520337605569	-0.0247586704547311	-0.456243052619542	-0.443597007169211	-0.420914309823849	PMNs	1
LAMP3	-0.482402279839549	2.25133460734188	-0.452428586019705	-0.121286580333267	-0.441682852316266	-0.362843310673672	-0.390690998159419	PMNs	1
SP110	-0.450763456057376	2.23754510071638	-0.497453112107239	-0.0319674650585933	-0.329689825190906	-0.426819654027738	-0.500851588274528	PMNs	1
LGALS8	-0.579195836155724	2.1884513536479	-0.611230095614684	0.039803904562087	-0.0427704839874201	-0.457995187823858	-0.537063654628299	PMNs	1
TRIM22	-0.476775023773763	2.23905403412988	-0.42462213616194	-0.0211288664608432	-0.419377281861727	-0.459871477929439	-0.437279247942165	PMNs	1
RBCK1	-0.543925931478512	2.17505081486253	-0.266513860978613	0.0505189911188977	-0.819039137985458	-0.458091449546317	-0.137999425992529	PMNs	1
PLSCR1	-0.540107985066622	2.21498488372209	-0.407411957259554	0.0851832929816923	-0.563366167354204	-0.397811510360819	-0.391470556662585	PMNs	1
ISG20	-0.309951062505432	2.24166427174473	-0.370791410740897	-0.0753379442895881	-0.494151541207777	-0.500950380254762	-0.490481932746272	PMNs	1
PML	-0.447081671922147	2.2398789037193	-0.431859245494787	-0.0240944079750037	-0.433452045224969	-0.45609578582683	-0.447295747275568	PMNs	1
RCBTB2	-0.68254155256963	2.12578884575775	-0.501423591362645	0.0362169990194344	-0.639187479149525	-0.554426699709094	0.215573478013706	PMNs	1
SELL	-0.432241228375098	2.24544476207334	-0.574091205092751	-0.141614349811027	-0.437601355285821	-0.408316934703447	-0.251579688805198	PMNs	1
XRN1	-0.44477909185237	2.17537378746396	-0.602300533966458	0.155176684002687	-0.142830113781484	-0.492398524347412	-0.64824220751892	PMNs	1
ZC3HAV1	-0.632271827136656	2.22364119073422	-0.566249180713105	-0.0456240985573502	-0.403109538669898	-0.334693129161618	-0.241693416495588	PMNs	1
NEURL3	-0.446085749236136	2.23078866000636	-0.436227902893499	0.0194779334247731	-0.523779141207006	-0.462435347449496	-0.381738452645001	PMNs	1
PSMA3	-0.445378455011461	2.2404100932686	-0.377951237166979	-0.0503795423707588	-0.545201959601639	-0.378038499963051	-0.443460399154713	PMNs	1
ZNFX1	-0.445535511552666	2.22506027719169	-0.335631962124345	0.0366578863244984	-0.469548936145376	-0.455133328967828	-0.555868424725973	PMNs	1
PARP14	-0.493205498026582	2.21197079113272	-0.432493387902723	0.121513466469235	-0.437927964215886	-0.481399855654259	-0.488457551802503	PMNs	1
IFIH1	-0.47388353620503	2.19239875734468	-0.47681495209854	0.203867088147485	-0.502682432845764	-0.434685312087324	-0.508199612255509	PMNs	1
APOBEC3G	-0.425983017196349	2.24455011712904	-0.463051472832365	-0.0755476263586346	-0.481714141267327	-0.329284233498101	-0.468969625976262	PMNs	1
BST2	-0.414093036718891	2.25185175755561	-0.393287705030279	-0.121846542645508	-0.497173403420277	-0.425027825622556	-0.400423244118097	PMNs	1
STAT2	-0.458840564738059	2.23762027022169	-0.390503441813437	-0.0175692591192802	-0.457498499572044	-0.415134494736594	-0.498074010242281	PMNs	1
IFIT5	-0.413758744463651	2.25333762353109	-0.446446680317969	-0.126356531222086	-0.447903909814987	-0.416480529047973	-0.402391228664427	PMNs	1
XAF1	-0.458797355005717	2.25526633187559	-0.357116265338136	-0.154592160442215	-0.458625530133638	-0.42449298625979	-0.401642034696094	PMNs	1
NCOA7	-0.422666138632967	2.24764737210626	-0.483236438469142	-0.0819445626137115	-0.413220897352945	-0.430447315358642	-0.416132019678851	PMNs	1
SP100	-0.443038985197507	2.23354162999482	-0.545125365349923	-0.0209483246224894	-0.300915892770182	-0.47623385827251	-0.447279203782214	PMNs	1
MLKL	-0.533239377879609	2.16305517065713	-0.163857570561981	0.224125022829478	-0.539037909849326	-0.633626949671708	-0.517418385523981	PMNs	1
SP140L	-0.416516943508341	2.24770183716238	-0.472091701216288	-0.0909494743128306	-0.374587096251134	-0.403938523197223	-0.489618098676564	PMNs	1
SAMD9L	-0.458279967039526	2.23617202700094	-0.456595459960952	-0.00592345352925323	-0.491421945321169	-0.406669150322287	-0.41728205082775	PMNs	1
TRIM25	-0.993127089783241	1.80636066261473	-0.995554765852183	0.45283160670875	-0.684675205021239	0.203366841172386	0.210797950160794	PMNs	1
FLJ32255	-1.49942782057433	1.12024637693404	-0.879654571564566	0.991746906676724	-0.533533206125829	0.141221938835812	0.659400375818155	PMNs	1
DHRS9	-0.991863510656586	1.48876848090553	-0.9791129207286	-0.365225675913431	-0.682717571580386	0.953408620164232	0.576742577809244	PMNs	1
ZC3H3	-1.04621788798486	1.51331955051109	-1.06477771523087	0.670413577997437	-0.766867927288817	0.0284030012519615	0.665727400744063	PMNs	1
DIP2B	-0.913999882747365	1.37481753971463	-0.933924970768507	-0.595045793992916	-0.696799336858941	0.831841663640497	0.933110781012601	PMNs	1
RIN2	-1.08290184600349	1.53259883586527	1.26014966119726	-0.65186797034745	-0.212415303538102	-0.600188575798689	-0.245374801374801	PMNs	1
CCL2	-0.623483370914031	2.04610442377587	0.566393596190327	-0.346163081073751	-0.351582162807352	-0.761384936116396	-0.529884469054667	PMNs	1
PMF1	-1.20172187342321	1.89772831264543	0.517813227892437	-0.301718838233181	0.0497353382410678	-0.225683893127711	-0.736152273994833	PMNs	1
SERPINB6	-1.18456610091491	1.97383291150686	-0.680513117945428	-0.248297269069635	0.376581375703637	-0.0631557312805068	-0.173882068000015	PMNs	1
GORASP1	-0.751518447324272	2.15610947436682	-0.386248724609244	-0.573861686505477	0.164183297455413	-0.0855688308169161	-0.523095082566324	PMNs	1
CXorf21	-0.949026746025608	1.83021266081474	-0.70486165370895	0.178136044818281	0.667154924214422	-0.154322749959875	-0.867292480153005	PMNs	1
CNDP2	-0.607275633740366	1.23802740972286	-0.415084600306238	1.65944241899192	-0.633983294863334	-0.633369513157315	-0.607756786647519	PMNs	2
GBP5	-0.512671375923654	1.22878916791229	-0.563041899732072	1.67289308784288	-0.608750867122981	-0.596985988442526	-0.620232124533942	PMNs	2
IRF1	-0.517090343151302	0.994086752493698	-0.551583062043855	1.84205977113254	-0.531966910872919	-0.598330925005996	-0.63717528255217	PMNs	2
CD274	-0.759830285489826	1.13577267724117	-0.83027101740897	1.69112175907526	-0.633569790848017	-0.308158278502134	-0.295065064067483	PMNs	2
VAMP5	-0.718912379530408	1.20202587530781	-0.383680389251563	1.62415869978323	-0.914805694381477	-0.615650856499518	-0.193135255428076	PMNs	2
KIAA0040	-0.972285297333249	1.08658961407795	-0.905731956469655	1.66340283609444	-0.230430630484329	-0.43874886662843	-0.202795699256725	PMNs	2
IRG1	-0.868548035712018	0.491497114423522	0.506953402717461	1.85213604400729	-0.616360546536558	-0.728701412978029	-0.636976565921665	PMNs	2
NUCB1	-0.70736793811922	1.3492489508919	-0.348999632435734	1.55470969351513	-0.583282083464008	-0.612427690971093	-0.651881299416979	PMNs	2
KARS	-0.799605571181451	1.08263084276023	-0.630356493437366	1.74748382701492	-0.232765134780207	-0.552742213596219	-0.614645256779898	PMNs	2
KLF5	-0.746527589965523	1.3826051623725	-0.0684369375848586	1.4647121760062	-0.707873275719788	-0.624646181030378	-0.699833354078152	PMNs	2
GBP1	-0.580378029486866	1.22936815890961	-0.565247940198215	1.67338540361033	-0.624967143777023	-0.583598184277029	-0.548562264780808	PMNs	2
ZNF200	-0.792256879507379	1.07963564152844	-0.105228509355411	1.67928756496537	-0.247335840377863	-0.88385769069251	-0.730244286560654	PMNs	2
STEAP4	-0.769753227245535	-0.390825400953665	-0.713854699421972	2.1420231623795	-0.360449066411602	-0.0599864711357689	0.152845702789046	PMNs	2
TLR8	-0.504505594189445	-0.0747524962786676	-0.498950288331396	2.23799530374284	-0.270047040366229	-0.362505311479916	-0.527234573097185	PMNs	2
DSC2	-1.06700800585581	-0.42604844144692	-0.919541226078329	1.51247636808936	-0.614545678514811	0.652306391600909	0.862360592205602	PMNs	2
HLX	-1.05855625619609	0.128722632332386	-0.878006650082024	1.68590202046098	-0.717406006776612	-0.0178247635925036	0.857169023853865	PMNs	2
RAB33B	-0.93659617206102	0.54479103703636	-1.10854735753577	1.8337191164955	-0.472971359752276	0.0459209308947184	0.0936838049224788	PMNs	2
ANKRD22	-0.596226970366389	0.167558256245472	-0.465321130042817	2.19483010846125	-0.532078634031705	-0.429268322425313	-0.339493307840494	PMNs	2
SEPHS2	-0.47096469182491	-0.682553504965793	-0.390984484986284	2.06738079820891	0.553325219954255	-0.545351838828393	-0.530851497557786	PMNs	2
FCGR1A	-0.506078957043642	0.0297788440873443	-0.519455810669725	2.22481978557697	-0.514308519344674	-0.31621312838969	-0.39854221421658	PMNs	2
TMEM158	-0.586876324130565	-0.063081771614722	-0.584139381590227	2.20160545484522	-0.639519169301171	-0.14758743489266	-0.180401373315873	PMNs	2
SOCS3	-1.07951456745057	-0.538866705605527	-0.444438509673206	2.02318270734681	0.274602528129013	-0.391769242280517	0.156803789533996	PMNs	2
TIFA	-0.376192614376802	0.330642845107753	-0.493787001769061	2.15308341897785	-0.535970833478444	-0.511542649729944	-0.566233164731348	PMNs	2
FCGR1B	-0.712993027115086	0.306717734182216	-0.665863548074745	2.12451484117523	-0.556199962686241	-0.312017163961698	-0.184158873519671	PMNs	2
P2RY14	-0.45367822306927	0.0324104035035884	-0.488850248294016	2.22944122162202	-0.487522465989684	-0.40820090239232	-0.423599785380323	PMNs	2
CTSL	-0.655949670970362	-0.426629686405752	2.22602379086424	-0.459078839061926	-0.315567976628512	-0.349008730445378	-0.019788887352311	PMNs	3
CYP1B1	-0.627937973784702	-0.42779869253403	2.19263133267982	-0.569689301825688	-0.53593677340864	-0.0529641133651335	0.0216955222383727	PMNs	3
ADA	-0.770953440394792	-0.17415357813153	2.17637051182935	-0.403749683806077	-0.524164251742903	-0.430009354642952	0.126659796888909	PMNs	3
SERPINB2	-0.475658932462272	-0.390294550389976	2.22957762572829	-0.40164705073373	-0.597991795770021	-0.36260987548957	-0.00137542088272321	PMNs	3
EPB41L3	-0.767942453793348	-0.459960280949152	2.09700461741383	-0.696130864683591	0.263650438467919	-0.49384990835285	0.0572284518971967	PMNs	3
RIPK2	-0.79596078420812	-0.121895305974482	-0.793940275088413	-0.264574008973927	-0.825415111092783	1.25099888154157	1.55078660379615	PMNs	4
ERI1	-0.910025849715598	-0.0123343430369954	-0.845316314447674	-0.202127318377092	-0.78419414422538	1.30964607906444	1.4443518907383	PMNs	4
MAP2K6	-0.806959191670951	0.133007450976559	-0.677295964541317	-0.727557837001653	-0.694066758122379	1.2944671624331	1.47840513792664	PMNs	4
CASP10	-0.886247000984895	0.742767049567132	-0.867754114464365	-0.41246763998692	-0.942998432995289	1.02546437053167	1.34123576833266	PMNs	4
SORT1	-0.979962428537332	-0.0201078447139651	-0.997005287678783	0.476244324161588	-0.913847868368409	1.1186176850213	1.31606142011561	PMNs	4
RNF24	-1.02113117606382	0.063786287919025	-1.00597387096162	-0.362574340690421	-0.378938770265123	1.41615969903177	1.28867217103018	PMNs	4
SOCS1	-0.909901639555605	0.794738293111218	-0.93524539918079	0.0396326202976482	-1.08648635077225	0.671465615760607	1.42579686033917	PMNs	4
WHAMM	-0.791580720037683	0.717195056846326	-0.21914918189547	-0.693206995055192	-1.26579872394627	0.817034929759411	1.43550563432888	PMNs	4
RHOH	-0.897714653894681	0.143284187028608	-0.899772721888162	-0.141282371739148	-0.851344052459952	1.08218235980982	1.56464725314351	PMNs	4
ABTB2	-0.787795043116808	-0.288676830699537	-0.221697396413626	-0.667439659203037	-0.86932523797388	1.53422963562052	1.30070453178637	PMNs	4
KCTD21	-1.04162585863235	-0.516019715824605	-0.0145204315418735	-0.749922632124383	-0.423971764747344	1.11229230526901	1.63376809760154	PMNs	4
OXER1	-0.491279546508269	-0.566058515104245	-0.615484743129427	-0.530032721049083	-0.685654180368293	1.18291198068019	1.70559772547913	PMNs	4
INAFM2	-0.5519719845318	-0.717206444220459	-0.586515740724872	-0.578551310735976	-0.468000376328806	1.26180883313135	1.64043702341057	PMNs	4
CREBL2	-0.520650868227802	-0.594869388052255	-0.533693548850495	-0.656758873755167	-0.618035247987731	1.43027608715627	1.49373183971718	PMNs	4
CTSC	-0.573537829208915	-0.668205834620182	-0.559777832255939	-0.597595778738826	-0.484467560375643	1.15732465418741	1.7262601810121	PMNs	4
ANXA1	-0.810926910124834	-0.099560315172293	-0.385208341688589	-0.725401083878149	-0.695809175481644	0.867049795671152	1.84985603067436	PMNs	4
GSN	-0.832617601270743	-0.523836584164614	-0.325147306341287	-0.546033952484267	-0.314745672113922	0.465723735005295	2.07665738136954	PMNs	4
PDCD1LG2	-0.809486236384611	-0.268940954138852	-0.753439181636544	-0.17515494906823	-0.808788648736287	1.24129020790345	1.57451976206108	PMNs	4
BCL9	-0.714643268851068	-0.620444679382825	-0.405068815088764	-0.564056308580423	-0.551478367747197	1.08109080308598	1.7746006365643	PMNs	4
LTA4H	-0.668666040747342	-0.564763905322936	-0.559984626096924	-0.49180828945712	-0.60967018740511	1.206025044441	1.68886800458843	PMNs	4
SLC1A4	-0.706080419795475	-0.585665492918886	-0.346185524009203	-0.602803058191647	-0.377561944400753	0.565865203822226	2.05243123549374	PMNs	4
MACF1	-0.686608001948964	-0.746287008622392	-0.545873899943009	-0.281932688243702	-0.62897061260221	1.55312742807184	1.33654478328844	PMNs	4
SLC30A6	-1.80890937404239	-0.722180734922048	0.755384366953972	-0.216907973636738	0.244088551414784	0.860157515037761	0.888367649194663	PMNs	4
ASF1B	-0.641520838513297	-0.51147059643476	-0.631236070840831	-0.46279281277992	-0.54492394590029	0.886171100812458	1.90577316365664	PMNs	4
ASMTL	-0.66724594624728	-0.676535415762523	-0.61323486746438	-0.431780046108756	-0.502860911711291	1.22123793644877	1.67041925084546	PMNs	4
MAPKAPK3	-0.586290648650238	-0.675287386795742	-0.622815855342075	-0.418057374007072	-0.455453930884425	0.818988382207883	1.93891681347167	PMNs	4
UGP2	-0.627237570364219	-0.524777525357613	-0.552994037438366	-0.551418246927216	-0.645046793491838	1.23169880823008	1.66977536534917	PMNs	4
PRNP	-0.701777181488927	-0.832490218624619	-0.345741584563006	-0.58185671666986	-0.398756820350597	1.20032568107269	1.66029684062431	PMNs	4
BATF	-1.01127061563683	-0.430372160081246	-1.00962083010933	-0.341397554012488	0.283790016206206	0.791579733394698	1.71729141023899	PMNs	4
UQCRC1	-0.877602019332709	-0.659722373358461	-0.402854509528867	-0.737663781523865	-0.140316810668145	1.18835231347254	1.6298071809395	PMNs	4
EEPD1	-0.501081066936421	-0.697238311703373	-0.71767537646682	-0.573087737888283	-0.421312319142427	1.39781296467952	1.5125818474578	PMNs	4
SH2D1B	-0.57582966386064	-0.58759549772384	-0.526554632492681	-0.583844175148087	-0.620343064038138	1.19009032401325	1.70407670925013	PMNs	4
MTMR10	-0.608812331153117	-0.667046527349254	-0.449575582495282	-0.553469533474185	-0.633956987415951	1.33059568172549	1.5822652801623	PMNs	4
ELK3	-0.666131897718322	-0.314590876230711	-0.541076554074645	-0.712995954015153	-0.641401951904162	1.6710386086498	1.20515862529319	PMNs	4
RBMS2	-0.552579136471656	-0.466670490959494	-0.629591783150276	-0.665226262794603	-0.603711501804399	1.55048085822402	1.3672983169564	PMNs	4
C1RL	-0.625742710355103	-0.78534121159514	-0.376560527626495	-0.49722691006888	-0.619593853916096	1.47219730736817	1.43226790619355	PMNs	4
NFXL1	-0.656384639209964	-0.620624958983013	-0.616505586947098	-0.408776214457629	-0.615707794391853	1.44575200633622	1.47224718765334	PMNs	4
IL3RA	-0.56321110876227	-0.591726357281023	-0.418752912098366	-0.49626553307758	-0.828100389311813	1.3352207053161	1.56283559521495	PMNs	4
SMPDL3A	-0.633615721365023	-0.538124231784548	-0.233996006893975	-0.696108524529433	-0.748361439426369	1.15330297025969	1.69690295373966	PMNs	4
F3	-0.986350261675943	-0.647236079088566	0.0485406297270185	-0.417584761267823	-0.754898247677404	1.20612063938548	1.55140808059724	PMNs	4
ITPRIPL2	-0.775191840677339	-0.739919480966152	-0.315371417622325	-0.521348045430695	-0.541832125664692	1.43943941540173	1.45422349495948	PMNs	4
UHRF1BP1L	-0.901736670435226	-0.747695271921215	-0.694760394478674	-0.386126069481252	-0.0304810869402463	1.68379832327774	1.07700116997887	PMNs	4
FAR2	-0.713015851195593	-0.881023355652101	-0.339640049601554	-0.566995282410521	-0.372291130227363	1.35585816199352	1.51710750709361	PMNs	4
TGM2	-0.627820068956447	-0.511906800017019	-0.511772819940013	-0.633215293330812	-0.638080472470041	1.42670595760187	1.49608949711246	PMNs	4
NEK9	-0.5449510551162	-0.689467164176541	-0.594316431553323	-0.516744708128352	-0.526018008499031	1.11327174511288	1.75822562236057	PMNs	4
CISD3	-0.848268735558608	-0.461669950407171	-0.0972686537031833	-0.221591875433299	-0.757102896528379	0.301528703661156	2.08437340796948	PMNs	4
CISH	-0.668307351846969	-0.520425757151813	-0.607718816082425	-0.418024866496496	-0.626987202429608	1.02805936000197	1.81340463400534	PMNs	4
CLEC4A	-0.599174837253509	-0.554974091785129	-0.540783857281939	-0.596899379996246	-0.631371932499954	1.38077630198055	1.54242779683623	PMNs	4
SGSH	-1.12448058305731	-0.63093963354102	-0.0285360551638372	0.0713180016758124	-0.924186107248373	1.34095851944	1.29586585789473	PMNs	4
INHBB	-0.73713065286868	-0.776900914160913	-0.609787317574898	-0.648751682205173	-0.0744701301209676	1.45496782108428	1.39207287584636	PMNs	4
MAPK1	-0.528042914409576	-0.661662505190991	-0.53407386201207	-0.643244750360295	-0.549723895021954	1.33906529817285	1.57768262882203	PMNs	4
SLA	-0.554826118453943	-0.668210165485453	-0.561275714265893	-0.617299940198531	-0.522840439773547	1.46273992696546	1.4617124512119	PMNs	4
NXPE3	-0.594229571635519	-0.597201693228012	-0.664948429779463	-0.591490084414224	-0.405946482467772	1.0654539527034	1.78836230882159	PMNs	4
TMEM106A	-0.892977540170198	-0.574526901102484	0.257520163012781	-0.77411488358748	-0.710891685099592	1.1602994769313	1.53469137001567	PMNs	4
ZNF124	-0.544528947365652	-0.596446619994099	-0.337812730772939	-0.711935684201565	-0.673469462525808	1.72484801083212	1.13934543402794	PMNs	4
SYN2	-0.563594858046521	-0.56432752214641	-0.590800662059816	-0.583941587755888	-0.623222325577057	1.41270017973477	1.51318677585092	PMNs	4
SPINT2	-0.731081256216927	-0.236966084588193	-0.717289932044612	-0.370123230556213	-0.761197104114013	1.08300577288013	1.73365183463983	PMNs	4
SNX8	-0.680764014073838	-0.628713678363401	-0.301551093321039	-0.553746798168131	-0.692375635273154	1.12635853164952	1.73079268755004	PMNs	4
EGR2	-0.692313351646156	-0.589072198129724	-0.371368328887619	-0.56062776058325	-0.675414458481658	1.65971422223978	1.22908187548863	PMNs	4
WDR25	-0.650327720009413	-0.695603961040776	-0.187018768942354	-0.473874786557388	-0.833735001762095	1.19205833470353	1.64850190360849	PMNs	4
SUCNR1	-0.546085687236914	-0.705131076831321	-0.825941243725411	-0.446938291470536	-0.28000636027769	1.00660955922087	1.797493100321	PMNs	4
FLJ23867	-0.568232810030661	-0.999978530427767	-0.272218870460184	-0.616816562947835	-0.358827433363668	1.15436947730154	1.66170472992857	PMNs	4
TTC9C	-0.561758026286651	-0.614219701894037	-0.546727904216596	-0.540983780098704	-0.5308539803186	0.882954240672589	1.911589152142	PMNs	4
